1.370605088088102219e+00,-5.537123258831522232e-01,-5.507016019503075954e-01,7.082331122151057645e-01,-2.382204725871877871e-01,5.293287865009504989e-01,1.677823450289539942e+00,-4.963069089824175273e-01,-6.493539992246850634e-01,1.151455984062275117e+00,8.414777418280475763e-01,-6.008461346790693741e-02,-9.862383907357066826e-02,-1.115016219951357607e-01,-4.499461158286396367e-01,2.316813119472644900e-01,2.067092517690042597e-01,-6.809016019987571555e-01,5.063287134805787709e-02,-2.958779480846334686e-01,-6.362483984730694930e-02,1.879773786041834815e-01,-6.572383049396658405e-01,-2.317253645463143372e-02,4.885689282282582209e-03,9.838488006624800386e-01,-4.720741674399969168e-01,7.743313076941197304e-01,4.203190950774467471e-01,-2.828396964044327944e-01,-7.622329347767978769e-01,0.000000000000000000e+00,0.000000000000000000e+00,-2.392467030372219805e-01,-1.734114156426813935e-01,-1.736090558870059808e-01,5.759601970998871057e-01,-1.077576339430895036e+00,1.387095918129950478e+00,9.285145451032854602e-01,-3.774647335768301359e-01,-4.668062001933125371e-01,-9.574075473606477593e-02,-7.167944361002790421e-01,-3.669621702617922865e-01,-4.602362970513234064e-01,-5.183686688943279358e-02,-5.183686688943279358e-02,-7.051398600435393460e-01,-1.040941436780788015e-01,-2.030901712371240009e-02,-8.401389803667852485e-02,-3.271524934852403366e-01,-5.191945123345532709e-01,1.407679351095596942e+00,-5.752567881263277033e-02,-3.801429606348526863e-02,-1.147078669352808861e-01,-1.711160802546210780e-01,-7.340709118518067011e-02,-7.197411700355742237e-02,-1.244624194945742751e-01,-7.051263942166730025e-02,-2.872721242393142319e-02,-2.030901712371240009e-02,-2.019004323808653023e-01,-1.435916317235476011e-02,-1.435916317235476011e-02,-5.183686688943279358e-02,-3.801429606348527557e-02,-3.801429606348527557e-02,-1.558271304830920190e-01,-4.064318733121485144e-02,-8.148853797899899276e-02,-1.210011918676099085e-01,-5.569323991926412171e-02,-7.051263942166730025e-02,-4.979810447122927364e-02,-3.212131358814808435e-02,-2.030901712371240009e-02,-3.801429606348527557e-02,-6.749673070628271765e-02,-3.519076715388935045e-02,-1.435916317235476185e-02,-3.524455202264515918e-01,-3.753330286669139260e-01,-2.907009498669055336e-01,-4.311306135592269523e-02,-3.519076715388935045e-02,-3.801429606348527557e-02,-1.435916317235476011e-02,-1.286658602907498339e-01,-4.767312946227962589e-02,-1.690913523558418063e+00,-2.487592975524973576e-02,2.013237442528823973e+00,-1.786283982422259831e-01,-4.979810447122926670e-02,5.840947806181536750e-01,-2.030901712371240009e-02,-4.892821642774447533e-01,-1.767766952966368654e-01
2.696103302346825048e-01,1.842414786390863091e+00,-5.507016019503075954e-01,7.082331122151057645e-01,2.640615881171360368e-01,-7.617127067656237482e-01,-4.966680157416004104e-01,6.573034482162921632e-01,1.683127489289899970e+00,-6.302706439077716549e-01,8.414777418280475763e-01,6.788889985410339056e-01,-5.337991452384114807e-03,2.716455727112828678e-01,1.375120657769531185e+00,-2.616117579530339854e-01,9.387628447616762351e-02,-3.072846949155379481e-01,2.144471831941536233e-01,2.054944826754944998e-01,3.600260422021904771e-01,9.406936628861676253e-01,-5.094183896618557222e-02,4.703346679711091771e-01,1.907717967987786201e-01,1.419333102564523941e-01,-2.482415229036441240e-01,-8.931712787843351098e-01,-9.999203804538504547e-01,1.864467346107001947e-02,3.643850632671082335e-01,0.000000000000000000e+00,0.000000000000000000e+00,5.339616623415676111e-01,1.300342573990556527e+00,1.019699523791156359e+00,1.577620775410740972e+00,1.790385392159186961e-01,-3.064301119080259928e-01,4.575092059528056976e-01,-3.774647335768301359e-01,-4.668062001933125371e-01,6.291352337973910025e-01,1.395987651781308791e+00,-3.669621702617922865e-01,-4.602362970513234064e-01,-5.183686688943279358e-02,-5.183686688943279358e-02,-7.051398600435393460e-01,-1.040941436780788015e-01,-2.030901712371240009e-02,-8.401389803667852485e-02,-3.271524934852403366e-01,-5.191945123345532709e-01,1.407679351095596942e+00,-5.752567881263277033e-02,-3.801429606348526863e-02,-1.147078669352808861e-01,-1.711160802546210780e-01,-7.340709118518067011e-02,-7.197411700355742237e-02,-1.244624194945742751e-01,-7.051263942166730025e-02,-2.872721242393142319e-02,-2.030901712371240009e-02,-2.019004323808653023e-01,-1.435916317235476011e-02,-1.435916317235476011e-02,-5.183686688943279358e-02,-3.801429606348527557e-02,-3.801429606348527557e-02,-1.558271304830920190e-01,-4.064318733121485144e-02,-8.148853797899899276e-02,-1.210011918676099085e-01,-5.569323991926412171e-02,-7.051263942166730025e-02,-4.979810447122927364e-02,-3.212131358814808435e-02,-2.030901712371240009e-02,-3.801429606348527557e-02,-6.749673070628271765e-02,-3.519076715388935045e-02,-1.435916317235476185e-02,-3.524455202264515918e-01,-3.753330286669139260e-01,-2.907009498669055336e-01,-4.311306135592269523e-02,-3.519076715388935045e-02,-3.801429606348527557e-02,-1.435916317235476011e-02,-1.286658602907498339e-01,-4.767312946227962589e-02,5.913962991410492975e-01,-2.487592975524973576e-02,-4.967123990818995694e-01,-1.786283982422259831e-01,-4.979810447122926670e-02,5.840947806181536750e-01,-2.030901712371240009e-02,-4.892821642774447533e-01,-1.767766952966368654e-01
-2.569020366895115037e-01,-5.537123258831522232e-01,-5.507016019503075954e-01,7.082331122151057645e-01,5.152026184692979349e-01,8.162268961157447267e-01,-4.966680157416004104e-01,-4.963069089824175273e-01,-6.493539992246850634e-01,5.575471080722594897e-01,8.414777418280475763e-01,-3.064091508042205425e-01,2.511980895058787411e-01,2.142699657647886835e-02,3.713339322905371831e-01,-9.718073465293448898e-02,-2.446226174023423960e-01,4.399491192509005222e-01,8.183559741398087339e-02,8.322100211256544533e-01,3.600260422021904771e-01,1.442504519074156999e+00,-2.820572149217986588e-02,-6.576817992877266317e-01,-1.810004182342134504e-01,-1.948328859059586526e-01,4.232564107054141989e-01,-5.226151484557896021e-01,3.752321276002626438e-01,-1.144223610305869387e+00,3.643850632671082335e-01,0.000000000000000000e+00,0.000000000000000000e+00,5.339616623415676111e-01,-4.681622135693289666e-01,7.213723788716157603e-01,2.592374956052455381e+00,1.771017941563264309e+00,1.704632048762071195e+00,6.930118755280455511e-01,9.257960654133498002e-01,3.858842084692569063e+00,1.043350084387937082e+00,4.569733905006030938e-01,-3.669621702617922865e-01,-4.602362970513234064e-01,-5.183686688943279358e-02,-5.183686688943279358e-02,-7.051398600435393460e-01,-1.040941436780788015e-01,-2.030901712371240009e-02,-8.401389803667852485e-02,-3.271524934852403366e-01,-5.191945123345532709e-01,1.407679351095596942e+00,-5.752567881263277033e-02,-3.801429606348526863e-02,-1.147078669352808861e-01,-1.711160802546210780e-01,-7.340709118518067011e-02,-7.197411700355742237e-02,-1.244624194945742751e-01,-7.051263942166730025e-02,-2.872721242393142319e-02,-2.030901712371240009e-02,-2.019004323808653023e-01,-1.435916317235476011e-02,-1.435916317235476011e-02,-5.183686688943279358e-02,-3.801429606348527557e-02,-3.801429606348527557e-02,-1.558271304830920190e-01,-4.064318733121485144e-02,-8.148853797899899276e-02,-1.210011918676099085e-01,-5.569323991926412171e-02,-7.051263942166730025e-02,-4.979810447122927364e-02,-3.212131358814808435e-02,-2.030901712371240009e-02,-3.801429606348527557e-02,-6.749673070628271765e-02,-3.519076715388935045e-02,-1.435916317235476185e-02,-3.524455202264515918e-01,-3.753330286669139260e-01,-2.907009498669055336e-01,-4.311306135592269523e-02,-3.519076715388935045e-02,-3.801429606348527557e-02,-1.435916317235476011e-02,-1.286658602907498339e-01,-4.767312946227962589e-02,-1.690913523558418063e+00,-2.487592975524973576e-02,2.013237442528823973e+00,-1.786283982422259831e-01,-4.979810447122926670e-02,5.840947806181536750e-01,-2.030901712371240009e-02,-4.892821642774447533e-01,-1.767766952966368654e-01
-7.643918078875721056e-01,-5.537123258831522232e-01,9.520848996778241702e-01,-1.284019034700219164e+00,-1.135152723844908840e+00,-1.084473080082267282e+00,-4.966680157416004104e-01,1.810913805415002020e+00,-6.493539992246850634e-01,-3.636176791775609651e-02,-1.323650487812164434e+00,1.862399238684066816e-01,6.462639426350562377e-02,-1.896949270372621232e-01,5.538406096503543097e-01,-4.260427812531334402e-01,9.387628447616762351e-02,2.868459015291825676e+00,-9.166516366955542727e-01,3.726186262622038226e-01,-6.362483984730694930e-02,-3.138334775838059199e-01,-1.111960654419776207e+00,-1.323524852878011693e+00,4.885689282282582209e-03,-5.315990820683696993e-01,2.325833889264412591e+00,1.144887438022665238e+00,5.706089866680599254e-01,-8.427392404403666326e-01,-4.805784352658213909e-01,0.000000000000000000e+00,0.000000000000000000e+00,1.473574796521728292e-01,7.108409781372613256e-01,-7.702633457260871230e-01,-5.842483583032035549e-02,5.103947219957271075e-01,-9.415023731722672595e-01,-7.200041419233935702e-01,-3.774647335768301359e-01,-4.668062001933125371e-01,1.113666705592083056e-01,-4.820408707801026038e-01,-3.669621702617922865e-01,-4.602362970513234064e-01,-5.183686688943279358e-02,-5.183686688943279358e-02,-7.051398600435393460e-01,-1.040941436780788015e-01,-2.030901712371240009e-02,-8.401389803667852485e-02,-3.271524934852403366e-01,1.926060419058570616e+00,-7.103890521813077674e-01,-5.752567881263277033e-02,-3.801429606348526863e-02,-1.147078669352808861e-01,-1.711160802546210780e-01,-7.340709118518067011e-02,-7.197411700355742237e-02,-1.244624194945742751e-01,-7.051263942166730025e-02,-2.872721242393142319e-02,-2.030901712371240009e-02,4.952936396459016066e+00,-1.435916317235476011e-02,-1.435916317235476011e-02,-5.183686688943279358e-02,-3.801429606348527557e-02,-3.801429606348527557e-02,-1.558271304830920190e-01,-4.064318733121485144e-02,-8.148853797899899276e-02,-1.210011918676099085e-01,-5.569323991926412171e-02,-7.051263942166730025e-02,-4.979810447122927364e-02,-3.212131358814808435e-02,-2.030901712371240009e-02,-3.801429606348527557e-02,-6.749673070628271765e-02,-3.519076715388935045e-02,-1.435916317235476185e-02,-3.524455202264515918e-01,-3.753330286669139260e-01,-2.907009498669055336e-01,-4.311306135592269523e-02,-3.519076715388935045e-02,-3.801429606348527557e-02,-1.435916317235476011e-02,-1.286658602907498339e-01,-4.767312946227962589e-02,5.913962991410492975e-01,-2.487592975524973576e-02,-4.967123990818995694e-01,-1.786283982422259831e-01,-4.979810447122926670e-02,-1.712050908829709783e+00,-2.030901712371240009e-02,2.043810449286999731e+00,-1.767766952966368654e-01
6.725585318769496945e-01,-7.448690342834912714e-02,1.453013733553867981e+00,7.082331122151057645e-01,1.205524279159006507e-01,-8.605169026788763234e-03,-4.966680157416004104e-01,-4.963069089824175273e-01,-6.493539992246850634e-01,1.151455984062275117e+00,8.414777418280475763e-01,-6.008461346790693741e-02,-4.406719470179210063e-01,-8.777960114079733644e-01,-6.324527931884567078e-01,2.316813119472644900e-01,3.195422190618408820e-01,-1.204762413739283167e-01,1.520417310623076446e-01,6.233048416422678484e-01,-4.872757218968044035e-01,-6.292804948981121915e-02,-2.858817195309092396e-01,-7.281828284914038107e-01,-7.386587407837015284e-01,4.786995064188634408e-01,1.318586988850825037e+00,-2.446980507093804713e-01,6.457539324633667643e-01,-6.273932619650074427e-01,-4.805784352658213909e-01,0.000000000000000000e+00,0.000000000000000000e+00,-2.392467030372219805e-01,-1.734114156426813935e-01,-1.736090558870059808e-01,7.684361513635412644e-01,7.802896773244419881e-01,1.704632048762071195e+00,2.106027892979484673e+00,-3.774647335768301359e-01,1.696017942249628430e+00,-7.170630306218840344e-01,-1.253374013974976713e-02,-3.669621702617922865e-01,-4.602362970513234064e-01,-5.183686688943279358e-02,-5.183686688943279358e-02,-7.051398600435393460e-01,-1.040941436780788015e-01,-2.030901712371240009e-02,-8.401389803667852485e-02,-3.271524934852403366e-01,-5.191945123345532709e-01,1.407679351095596942e+00,-5.752567881263277033e-02,-3.801429606348526863e-02,-1.147078669352808861e-01,-1.711160802546210780e-01,-7.340709118518067011e-02,-7.197411700355742237e-02,-1.244624194945742751e-01,-7.051263942166730025e-02,-2.872721242393142319e-02,-2.030901712371240009e-02,-2.019004323808653023e-01,-1.435916317235476011e-02,-1.435916317235476011e-02,-5.183686688943279358e-02,-3.801429606348527557e-02,-3.801429606348527557e-02,-1.558271304830920190e-01,-4.064318733121485144e-02,-8.148853797899899276e-02,-1.210011918676099085e-01,-5.569323991926412171e-02,-7.051263942166730025e-02,-4.979810447122927364e-02,-3.212131358814808435e-02,-2.030901712371240009e-02,-3.801429606348527557e-02,-6.749673070628271765e-02,-3.519076715388935045e-02,-1.435916317235476185e-02,-3.524455202264515918e-01,-3.753330286669139260e-01,-2.907009498669055336e-01,-4.311306135592269523e-02,-3.519076715388935045e-02,-3.801429606348527557e-02,-1.435916317235476011e-02,-1.286658602907498339e-01,-4.767312946227962589e-02,5.913962991410492975e-01,-2.487592975524973576e-02,-4.967123990818995694e-01,-1.786283982422259831e-01,-4.979810447122926670e-02,5.840947806181536750e-01,-2.030901712371240009e-02,-4.892821642774447533e-01,-1.767766952966368654e-01
-9.208733344695034795e-01,-5.537123258831522232e-01,-5.507016019503075954e-01,7.082331122151057645e-01,3.716934582680625487e-01,1.707061494824576586e-01,1.677823450289539942e+00,-4.963069089824175273e-01,2.266247861418546172e+00,-3.636176791775609651e-02,8.414777418280475763e-01,-1.291707300149474991e+00,-1.530405835192626407e-01,-6.744934182984452242e-01,-8.493276110900550846e-02,6.725028864716499355e-02,-1.895668281666913063e-02,-2.138804681447331324e-01,1.306542595501457349e+00,4.979617339522358077e-01,-1.052143564629467676e+00,-1.568360618053779465e+00,2.900999231438973203e-01,3.136657141851599273e-01,-1.810004182342134504e-01,8.996572516218772630e-01,-2.440887836729143182e-02,3.111361447834378180e-01,7.584713511563268007e-01,1.047830648512136920e-01,-1.043887434287774418e+00,0.000000000000000000e+00,0.000000000000000000e+00,-1.012455068416011628e+00,-1.647165405275919259e+00,-1.665244780484708809e+00,1.049948601477049159e+00,7.415423817574482435e-01,1.110601872409461635e-02,9.285145451032854602e-01,-3.774647335768301359e-01,1.696017942249628430e+00,-3.028481800313378436e-01,1.161234086461132353e+00,-3.669621702617922865e-01,-4.602362970513234064e-01,-5.183686688943279358e-02,-5.183686688943279358e-02,-7.051398600435393460e-01,-1.040941436780788015e-01,-2.030901712371240009e-02,-8.401389803667852485e-02,-3.271524934852403366e-01,-5.191945123345532709e-01,1.407679351095596942e+00,-5.752567881263277033e-02,-3.801429606348526863e-02,-1.147078669352808861e-01,-1.711160802546210780e-01,-7.340709118518067011e-02,-7.197411700355742237e-02,-1.244624194945742751e-01,-7.051263942166730025e-02,-2.872721242393142319e-02,-2.030901712371240009e-02,-2.019004323808653023e-01,-1.435916317235476011e-02,-1.435916317235476011e-02,-5.183686688943279358e-02,-3.801429606348527557e-02,-3.801429606348527557e-02,-1.558271304830920190e-01,-4.064318733121485144e-02,-8.148853797899899276e-02,-1.210011918676099085e-01,-5.569323991926412171e-02,-7.051263942166730025e-02,-4.979810447122927364e-02,-3.212131358814808435e-02,-2.030901712371240009e-02,-3.801429606348527557e-02,-6.749673070628271765e-02,-3.519076715388935045e-02,-1.435916317235476185e-02,-3.524455202264515918e-01,-3.753330286669139260e-01,-2.907009498669055336e-01,-4.311306135592269523e-02,-3.519076715388935045e-02,-3.801429606348527557e-02,-1.435916317235476011e-02,-1.286658602907498339e-01,-4.767312946227962589e-02,5.913962991410492975e-01,-2.487592975524973576e-02,-4.967123990818995694e-01,-1.786283982422259831e-01,-4.979810447122926670e-02,5.840947806181536750e-01,-2.030901712371240009e-02,-4.892821642774447533e-01,-1.767766952966368654e-01
1.008183286036292925e+00,-7.448690342834912714e-02,-5.507016019503075954e-01,7.082331122151057645e-01,-3.458523427381143267e-01,9.596759509231419516e-01,-4.966680157416004104e-01,-4.963069089824175273e-01,5.168867450326074531e-01,-6.302706439077716549e-01,8.414777418280475763e-01,1.664187147886288409e+00,9.974848704753700446e-01,-4.894697796143467755e-02,-8.493276110900550846e-02,-1.001551362803481560e+00,-5.831215192808524295e-01,1.373991386958948624e+00,-2.925971153770947630e-01,7.486479493322998335e-01,2.337063491766512069e+00,2.446126231450135968e+00,-1.324164417510494296e+00,2.823319234279700329e-01,1.306088441897754748e+00,-2.644978782475312235e-02,-5.839904897081731328e-01,8.206508239851878495e-01,5.255220191908759331e-01,-1.967013050142891462e-01,1.913484810577479101e+00,0.000000000000000000e+00,0.000000000000000000e+00,1.307170027720357286e+00,2.184594967770498997e+00,1.616353813630237335e+00,-3.693978911882651595e-01,1.374192190411638981e+00,1.110601872409461635e-02,-1.349613319767399566e-02,9.257960654133498002e-01,-4.668062001933125371e-01,1.146903797035573769e+00,4.569733905006030938e-01,2.194380977853250148e+00,-4.602362970513234064e-01,-5.183686688943279358e-02,-5.183686688943279358e-02,-7.051398600435393460e-01,-1.040941436780788015e-01,-2.030901712371240009e-02,-8.401389803667852485e-02,-3.271524934852403366e-01,-5.191945123345532709e-01,1.407679351095596942e+00,-5.752567881263277033e-02,-3.801429606348526863e-02,-1.147078669352808861e-01,-1.711160802546210780e-01,-7.340709118518067011e-02,-7.197411700355742237e-02,-1.244624194945742751e-01,-7.051263942166730025e-02,-2.872721242393142319e-02,-2.030901712371240009e-02,-2.019004323808653023e-01,-1.435916317235476011e-02,-1.435916317235476011e-02,-5.183686688943279358e-02,-3.801429606348527557e-02,-3.801429606348527557e-02,-1.558271304830920190e-01,-4.064318733121485144e-02,-8.148853797899899276e-02,-1.210011918676099085e-01,-5.569323991926412171e-02,-7.051263942166730025e-02,-4.979810447122927364e-02,-3.212131358814808435e-02,-2.030901712371240009e-02,-3.801429606348527557e-02,-6.749673070628271765e-02,-3.519076715388935045e-02,-1.435916317235476185e-02,-3.524455202264515918e-01,-3.753330286669139260e-01,-2.907009498669055336e-01,-4.311306135592269523e-02,-3.519076715388935045e-02,-3.801429606348527557e-02,-1.435916317235476011e-02,-1.286658602907498339e-01,-4.767312946227962589e-02,5.913962991410492975e-01,-2.487592975524973576e-02,-4.967123990818995694e-01,-1.786283982422259831e-01,-4.979810447122926670e-02,5.840947806181536750e-01,-2.030901712371240009e-02,-4.892821642774447533e-01,-1.767766952966368654e-01
8.746942882016010001e-01,4.047385190264539689e-01,4.511560658017802483e-01,-2.878929612425566442e-01,5.510799085196067537e-01,-4.030900697471309080e-01,5.905777172739697933e-01,-4.963069089824175273e-01,-6.493539992246850634e-01,-3.636176791775609651e-02,5.519898448287988701e-01,1.171538073213661102e+00,-8.293629787728645786e-01,5.270431859332941338e-02,1.831387351169073696e+00,5.605433585474633995e-01,9.387628447616762351e-02,1.794310407427570198e+00,-8.230434584977852630e-01,4.979617339522358077e-01,3.600260422021904771e-01,4.388828066981781961e-01,-2.479881904075665333e-01,-4.148449209195049781e-01,4.696009580735226452e-01,-2.790244349465614282e-01,-4.720741674399969168e-01,6.353727588209151511e-01,-6.060855801251639752e-02,1.864467346107001947e-02,3.643850632671082335e-01,0.000000000000000000e+00,0.000000000000000000e+00,5.339616623415676111e-01,1.005591776063908815e+00,1.247180890325345903e-01,7.383208660025614156e-01,1.887259828264245431e+00,1.704632048762071195e+00,4.575092059528056976e-01,-3.774647335768301359e-01,1.696017942249628430e+00,1.457564934978483384e+00,1.865494782421661668e+00,-3.669621702617922865e-01,-4.602362970513234064e-01,-5.183686688943279358e-02,-5.183686688943279358e-02,-7.051398600435393460e-01,-1.040941436780788015e-01,-2.030901712371240009e-02,-8.401389803667852485e-02,-3.271524934852403366e-01,1.926060419058570616e+00,-7.103890521813077674e-01,-5.752567881263277033e-02,-3.801429606348526863e-02,-1.147078669352808861e-01,-1.711160802546210780e-01,-7.340709118518067011e-02,-7.197411700355742237e-02,-1.244624194945742751e-01,-7.051263942166730025e-02,-2.872721242393142319e-02,-2.030901712371240009e-02,-2.019004323808653023e-01,-1.435916317235476011e-02,-1.435916317235476011e-02,-5.183686688943279358e-02,-3.801429606348527557e-02,-3.801429606348527557e-02,-1.558271304830920190e-01,-4.064318733121485144e-02,-8.148853797899899276e-02,-1.210011918676099085e-01,-5.569323991926412171e-02,-7.051263942166730025e-02,-4.979810447122927364e-02,-3.212131358814808435e-02,-2.030901712371240009e-02,-3.801429606348527557e-02,-6.749673070628271765e-02,-3.519076715388935045e-02,-1.435916317235476185e-02,-3.524455202264515918e-01,-3.753330286669139260e-01,3.439961240091715222e+00,-4.311306135592269523e-02,-3.519076715388935045e-02,-3.801429606348527557e-02,-1.435916317235476011e-02,-1.286658602907498339e-01,-4.767312946227962589e-02,-1.690913523558418063e+00,-2.487592975524973576e-02,2.013237442528823973e+00,-1.786283982422259831e-01,-4.979810447122926670e-02,5.840947806181536750e-01,-2.030901712371240009e-02,-4.892821642774447533e-01,-1.767766952966368654e-01
-4.271129149694347094e-01,8.839639414812570095e-01,1.953942567429912014e+00,7.082331122151057645e-01,2.344944411035049026e+00,-8.334372341693222497e-01,5.905777172739697933e-01,-4.963069089824175273e-01,5.168867450326074531e-01,1.151455984062275117e+00,5.881758319537052637e-01,-6.008461346790693741e-02,-6.752855653317514639e-02,4.436708438039608238e-01,1.101360641729805412e+00,-7.549048278533324607e-01,2.067092517690042597e-01,-7.743058287695619990e-01,-3.394012044759792679e-01,-9.643745224314707043e-01,3.600260422021904771e-01,1.879773786041834815e-01,3.018434020024558961e+00,-1.832698952682347393e+00,1.213145388139506675e+00,-2.468004710002233093e+00,-8.078231342445260088e-01,5.427337262387786909e-01,9.162757373264708294e-01,1.478522605462855299e-01,3.643850632671082335e-01,0.000000000000000000e+00,0.000000000000000000e+00,5.339616623415676111e-01,7.108409781372613256e-01,4.230452339520751615e-01,8.011701571906933994e-01,1.135689708441017104e-01,-5.181208656627730447e-01,-2.489988027729138353e-01,-3.774647335768301359e-01,-4.668062001933125371e-01,-1.027724168564793761e+00,-9.515480014204554804e-01,-3.669621702617922865e-01,1.739375798511208382e+00,-5.183686688943279358e-02,-5.183686688943279358e-02,1.418158377741196352e+00,-1.040941436780788015e-01,-2.030901712371240009e-02,-8.401389803667852485e-02,-3.271524934852403366e-01,-5.191945123345532709e-01,-7.103890521813077674e-01,-5.752567881263277033e-02,-3.801429606348526863e-02,-1.147078669352808861e-01,-1.711160802546210780e-01,-7.340709118518067011e-02,-7.197411700355742237e-02,-1.244624194945742751e-01,-7.051263942166730025e-02,-2.872721242393142319e-02,-2.030901712371240009e-02,-2.019004323808653023e-01,-1.435916317235476011e-02,-1.435916317235476011e-02,-5.183686688943279358e-02,-3.801429606348527557e-02,-3.801429606348527557e-02,-1.558271304830920190e-01,-4.064318733121485144e-02,-8.148853797899899276e-02,-1.210011918676099085e-01,-5.569323991926412171e-02,-7.051263942166730025e-02,-4.979810447122927364e-02,-3.212131358814808435e-02,-2.030901712371240009e-02,-3.801429606348527557e-02,-6.749673070628271765e-02,-3.519076715388935045e-02,-1.435916317235476185e-02,-3.524455202264515918e-01,2.664300564093018409e+00,-2.907009498669055336e-01,-4.311306135592269523e-02,-3.519076715388935045e-02,-3.801429606348527557e-02,-1.435916317235476011e-02,-1.286658602907498339e-01,-4.767312946227962589e-02,-1.690913523558418063e+00,-2.487592975524973576e-02,2.013237442528823973e+00,-1.786283982422259831e-01,-4.979810447122926670e-02,5.840947806181536750e-01,-2.030901712371240009e-02,-4.892821642774447533e-01,-1.767766952966368654e-01
-1.875936226960344955e-01,-5.537123258831522232e-01,-5.507016019503075954e-01,-2.878929612425566442e-01,-2.023431825368789405e-01,-6.182636519582266343e-01,5.905777172739697933e-01,-4.963069089824175273e-01,-6.623362709603883292e-02,-6.302706439077716549e-01,-1.257309511416503378e+00,1.862399238684066816e-01,-6.738865660708870386e-01,-2.548898644879694572e-02,3.713339322905371831e-01,3.138968235973142451e-01,2.067092517690042597e-01,6.633221216768130091e-02,5.264744438533831561e-01,3.726186262622038226e-01,-6.362483984730694930e-02,1.879773786041834815e-01,1.116178858032764287e+00,-2.581759671335554507e-01,4.885689282282582209e-03,-5.315990820683696993e-01,1.318586988850825037e+00,-2.446980507093804713e-01,-1.507824929668845626e-01,-2.828396964044327944e-01,-4.805784352658213909e-01,0.000000000000000000e+00,0.000000000000000000e+00,-2.392467030372219805e-01,1.213393822839661657e-01,-1.736090558870059808e-01,-2.289574673009006300e+00,6.433380291997228273e-01,-4.122754887853995465e-01,-7.200041419233935702e-01,-3.774647335768301359e-01,-4.668062001933125371e-01,-7.170630306218840344e-01,-7.167944361002790421e-01,-3.669621702617922865e-01,-4.602362970513234064e-01,-5.183686688943279358e-02,-5.183686688943279358e-02,-7.051398600435393460e-01,-1.040941436780788015e-01,-2.030901712371240009e-02,-8.401389803667852485e-02,-3.271524934852403366e-01,1.926060419058570616e+00,-7.103890521813077674e-01,-5.752567881263277033e-02,-3.801429606348526863e-02,-1.147078669352808861e-01,-1.711160802546210780e-01,-7.340709118518067011e-02,-7.197411700355742237e-02,-1.244624194945742751e-01,-7.051263942166730025e-02,-2.872721242393142319e-02,-2.030901712371240009e-02,-2.019004323808653023e-01,-1.435916317235476011e-02,-1.435916317235476011e-02,-5.183686688943279358e-02,-3.801429606348527557e-02,-3.801429606348527557e-02,-1.558271304830920190e-01,-4.064318733121485144e-02,-8.148853797899899276e-02,-1.210011918676099085e-01,-5.569323991926412171e-02,-7.051263942166730025e-02,-4.979810447122927364e-02,-3.212131358814808435e-02,-2.030901712371240009e-02,-3.801429606348527557e-02,-6.749673070628271765e-02,-3.519076715388935045e-02,-1.435916317235476185e-02,-3.524455202264515918e-01,-3.753330286669139260e-01,3.439961240091715222e+00,-4.311306135592269523e-02,-3.519076715388935045e-02,-3.801429606348527557e-02,-1.435916317235476011e-02,-1.286658602907498339e-01,-4.767312946227962589e-02,5.913962991410492975e-01,-2.487592975524973576e-02,-4.967123990818995694e-01,-1.786283982422259831e-01,-4.979810447122926670e-02,5.840947806181536750e-01,-2.030901712371240009e-02,-4.892821642774447533e-01,-1.767766952966368654e-01
-1.717138906116101593e-01,4.047385190264539689e-01,-5.507016019503075954e-01,-1.284019034700219164e+00,-5.969933730902762248e-01,-6.541259156600758295e-01,5.905777172739697933e-01,-4.963069089824175273e-01,-6.623362709603883292e-02,-6.302706439077716549e-01,2.625019478295507747e-01,6.788889985410339056e-01,2.124688862564706682e+00,4.984061573334491180e-01,-7.237061318683652988e-01,6.725028864716499355e-02,-1.895668281666913063e-02,-4.006889216863427361e-01,-7.294352803000163643e-01,9.575531288156864385e-01,3.600260422021904771e-01,-6.292804948981121915e-02,8.547486587784763890e-02,2.353312372921851636e-01,-2.739434719924614403e-01,4.786995064188634408e-01,-8.078231342445260088e-01,-1.124768860239676149e+00,-7.143695864316849109e-01,1.864467346107001947e-02,9.276940622890612609e-01,0.000000000000000000e+00,0.000000000000000000e+00,9.205658450309623930e-01,1.005591776063908815e+00,1.019699523791156359e+00,-1.862068556906400163e+00,-7.829632817577186765e-01,-1.153193126927014367e+00,-2.489988027729138353e-01,-3.774647335768301359e-01,-4.668062001933125371e-01,-7.170630306218840344e-01,-4.820408707801026038e-01,-3.669621702617922865e-01,-4.602362970513234064e-01,-5.183686688943279358e-02,-5.183686688943279358e-02,-7.051398600435393460e-01,-1.040941436780788015e-01,-2.030901712371240009e-02,-8.401389803667852485e-02,-3.271524934852403366e-01,1.926060419058570616e+00,-7.103890521813077674e-01,-5.752567881263277033e-02,-3.801429606348526863e-02,-1.147078669352808861e-01,5.843986132174123327e+00,-7.340709118518067011e-02,-7.197411700355742237e-02,-1.244624194945742751e-01,-7.051263942166730025e-02,-2.872721242393142319e-02,-2.030901712371240009e-02,-2.019004323808653023e-01,-1.435916317235476011e-02,-1.435916317235476011e-02,-5.183686688943279358e-02,-3.801429606348527557e-02,-3.801429606348527557e-02,-1.558271304830920190e-01,-4.064318733121485144e-02,-8.148853797899899276e-02,-1.210011918676099085e-01,-5.569323991926412171e-02,-7.051263942166730025e-02,-4.979810447122927364e-02,-3.212131358814808435e-02,-2.030901712371240009e-02,-3.801429606348527557e-02,-6.749673070628271765e-02,-3.519076715388935045e-02,-1.435916317235476185e-02,-3.524455202264515918e-01,-3.753330286669139260e-01,-2.907009498669055336e-01,-4.311306135592269523e-02,-3.519076715388935045e-02,-3.801429606348527557e-02,-1.435916317235476011e-02,-1.286658602907498339e-01,-4.767312946227962589e-02,5.913962991410492975e-01,-2.487592975524973576e-02,-4.967123990818995694e-01,-1.786283982422259831e-01,-4.979810447122926670e-02,5.840947806181536750e-01,-2.030901712371240009e-02,-4.892821642774447533e-01,-1.767766952966368654e-01
-1.081490207948420323e+00,-5.537123258831522232e-01,-5.507016019503075954e-01,-1.284019034700219164e+00,-1.135152723844908840e+00,-8.692994978711715559e-01,-4.966680157416004104e-01,1.810913805415002020e+00,-6.493539992246850634e-01,-3.636176791775609651e-02,-1.902626281810661180e+00,-6.008461346790693741e-02,-2.353031823252243360e+00,-2.340010815695734880e+00,-3.826319646985255396e+00,-4.454602852105570499e+00,-8.087874538665257296e-01,-1.801752323248414722e+00,-1.236479578871264806e+00,-2.384929742918500128e+00,3.608016137915004418e+00,6.897882347921728829e-01,-3.086178370049146302e-01,-8.535179915201633882e-01,9.343162268647626778e-01,-1.205131474393191793e+00,8.750744390088503744e-02,7.953856332809684793e-02,1.720326657336253007e+00,-2.828396964044327944e-01,9.276940622890612609e-01,0.000000000000000000e+00,0.000000000000000000e+00,2.080378393099147072e+00,1.300342573990556527e+00,7.213723788716157603e-01,3.847936030693188680e-01,4.796641082701803560e-01,-1.894110765068629076e+00,-1.426512150649113186e+00,-3.774647335768301359e-01,-4.668062001933125371e-01,-1.992944673837013236e-01,6.917269558207794766e-01,-3.669621702617922865e-01,-4.602362970513234064e-01,-5.183686688943279358e-02,-5.183686688943279358e-02,-7.051398600435393460e-01,-1.040941436780788015e-01,-2.030901712371240009e-02,-8.401389803667852485e-02,-3.271524934852403366e-01,1.926060419058570616e+00,-7.103890521813077674e-01,-5.752567881263277033e-02,-3.801429606348526863e-02,-1.147078669352808861e-01,-1.711160802546210780e-01,-7.340709118518067011e-02,-7.197411700355742237e-02,-1.244624194945742751e-01,-7.051263942166730025e-02,-2.872721242393142319e-02,-2.030901712371240009e-02,-2.019004323808653023e-01,-1.435916317235476011e-02,-1.435916317235476011e-02,-5.183686688943279358e-02,-3.801429606348527557e-02,-3.801429606348527557e-02,-1.558271304830920190e-01,-4.064318733121485144e-02,-8.148853797899899276e-02,-1.210011918676099085e-01,-5.569323991926412171e-02,-7.051263942166730025e-02,2.008108562802319952e+01,-3.212131358814808435e-02,-2.030901712371240009e-02,-3.801429606348527557e-02,-6.749673070628271765e-02,-3.519076715388935045e-02,-1.435916317235476185e-02,-3.524455202264515918e-01,-3.753330286669139260e-01,-2.907009498669055336e-01,-4.311306135592269523e-02,-3.519076715388935045e-02,-3.801429606348527557e-02,-1.435916317235476011e-02,-1.286658602907498339e-01,-4.767312946227962589e-02,5.913962991410492975e-01,-2.487592975524973576e-02,-4.967123990818995694e-01,-1.786283982422259831e-01,-4.979810447122926670e-02,5.840947806181536750e-01,-2.030901712371240009e-02,-4.892821642774447533e-01,-1.767766952966368654e-01
8.449197905433053490e-01,-5.537123258831522232e-01,-5.507016019503075954e-01,7.082331122151057645e-01,8.739755189723863449e-01,1.676921224960127521e+00,5.905777172739697933e-01,-4.963069089824175273e-01,-6.493539992246850634e-01,-3.636176791775609651e-02,8.414777418280475763e-01,6.788889985410339056e-01,2.124688862564706682e+00,4.984061573334491180e-01,-7.237061318683652988e-01,6.725028864716499355e-02,-1.895668281666913063e-02,-4.006889216863427361e-01,-7.294352803000163643e-01,9.575531288156864385e-01,3.600260422021904771e-01,1.879773786041834815e-01,4.265166279879301636e-01,-6.968490377342138054e-01,2.837148505570266099e-01,-2.644978782475312235e-02,7.590053775099431244e-01,-6.615736973289941814e-01,8.561597806902258023e-01,-2.828396964044327944e-01,3.643850632671082335e-01,0.000000000000000000e+00,0.000000000000000000e+00,5.339616623415676111e-01,1.005591776063908815e+00,1.019699523791156359e+00,-1.186438676633981171e+00,-2.077663596338979735e-01,-1.153193126927014367e+00,-2.489988027729138353e-01,-3.774647335768301359e-01,-4.668062001933125371e-01,-5.099556053266109945e-01,-2.472873054599261933e-01,-3.669621702617922865e-01,-4.602362970513234064e-01,-5.183686688943279358e-02,-5.183686688943279358e-02,-7.051398600435393460e-01,-1.040941436780788015e-01,-2.030901712371240009e-02,-8.401389803667852485e-02,-3.271524934852403366e-01,-5.191945123345532709e-01,1.407679351095596942e+00,-5.752567881263277033e-02,-3.801429606348526863e-02,-1.147078669352808861e-01,-1.711160802546210780e-01,-7.340709118518067011e-02,-7.197411700355742237e-02,-1.244624194945742751e-01,-7.051263942166730025e-02,-2.872721242393142319e-02,-2.030901712371240009e-02,-2.019004323808653023e-01,-1.435916317235476011e-02,-1.435916317235476011e-02,-5.183686688943279358e-02,-3.801429606348527557e-02,-3.801429606348527557e-02,-1.558271304830920190e-01,-4.064318733121485144e-02,-8.148853797899899276e-02,-1.210011918676099085e-01,-5.569323991926412171e-02,-7.051263942166730025e-02,-4.979810447122927364e-02,-3.212131358814808435e-02,-2.030901712371240009e-02,-3.801429606348527557e-02,-6.749673070628271765e-02,-3.519076715388935045e-02,-1.435916317235476185e-02,-3.524455202264515918e-01,-3.753330286669139260e-01,-2.907009498669055336e-01,-4.311306135592269523e-02,-3.519076715388935045e-02,-3.801429606348527557e-02,-1.435916317235476011e-02,-1.286658602907498339e-01,-4.767312946227962589e-02,5.913962991410492975e-01,-2.487592975524973576e-02,-4.967123990818995694e-01,-1.786283982422259831e-01,-4.979810447122926670e-02,-1.712050908829709783e+00,-2.030901712371240009e-02,2.043810449286999731e+00,-1.767766952966368654e-01
-4.236023967390369765e-02,-5.537123258831522232e-01,-5.507016019503075954e-01,-1.284019034700219164e+00,-1.099275433794600021e+00,-1.048610816380417976e+00,-4.966680157416004104e-01,6.573034482162921632e-01,-6.493539992246850634e-01,-6.302706439077716549e-01,-1.938812268935567129e+00,-6.008461346790693741e-02,-1.466816270850972215e+00,-1.651909731325023722e+00,2.013894028528890878e+00,-6.726893162032826501e-01,9.965400228188608933e-01,-2.605825815301355264e-01,4.796703547544989843e-01,-2.958779480846334686e-01,-1.052143564629467676e+00,-2.070171474241768728e+00,1.760368853129586908e+00,1.614018030608540322e+00,9.782874304053058856e-02,3.103164083376579452e-01,5.351727329735904704e-01,-8.005322462021987606e-01,-4.062753086709273154e-01,8.369593916674348266e-01,-1.043887434287774418e+00,0.000000000000000000e+00,0.000000000000000000e+00,-1.012455068416011628e+00,-7.629130114959765674e-01,-1.366917635565168210e+00,1.247007316556504763e+00,-4.175362011517605443e-01,-3.064301119080259928e-01,-9.555068114986333683e-01,-3.774647335768301359e-01,1.696017942249628430e+00,7.812957911571764835e-03,-9.515480014204554804e-01,-3.669621702617922865e-01,1.739375798511208382e+00,-5.183686688943279358e-02,-5.183686688943279358e-02,-7.051398600435393460e-01,-1.040941436780788015e-01,-2.030901712371240009e-02,1.190279255419648408e+01,-3.271524934852403366e-01,-5.191945123345532709e-01,-7.103890521813077674e-01,-5.752567881263277033e-02,-3.801429606348526863e-02,-1.147078669352808861e-01,-1.711160802546210780e-01,-7.340709118518067011e-02,-7.197411700355742237e-02,-1.244624194945742751e-01,-7.051263942166730025e-02,-2.872721242393142319e-02,-2.030901712371240009e-02,4.952936396459016066e+00,-1.435916317235476011e-02,-1.435916317235476011e-02,-5.183686688943279358e-02,-3.801429606348527557e-02,-3.801429606348527557e-02,-1.558271304830920190e-01,-4.064318733121485144e-02,-8.148853797899899276e-02,-1.210011918676099085e-01,-5.569323991926412171e-02,-7.051263942166730025e-02,-4.979810447122927364e-02,-3.212131358814808435e-02,-2.030901712371240009e-02,-3.801429606348527557e-02,-6.749673070628271765e-02,-3.519076715388935045e-02,-1.435916317235476185e-02,-3.524455202264515918e-01,-3.753330286669139260e-01,-2.907009498669055336e-01,-4.311306135592269523e-02,-3.519076715388935045e-02,-3.801429606348527557e-02,-1.435916317235476011e-02,-1.286658602907498339e-01,-4.767312946227962589e-02,5.913962991410492975e-01,-2.487592975524973576e-02,-4.967123990818995694e-01,-1.786283982422259831e-01,-4.979810447122926670e-02,5.840947806181536750e-01,-2.030901712371240009e-02,-4.892821642774447533e-01,-1.767766952966368654e-01
7.472722969279907979e+00,-5.537123258831522232e-01,-5.507016019503075954e-01,-1.284019034700219164e+00,-4.534842128890408386e-01,-9.051617615730208621e-01,-4.966680157416004104e-01,-4.963069089824175273e-01,-6.493539992246850634e-01,-6.302706439077716549e-01,-6.300857345847984403e-01,9.252135358773474483e-01,1.798188395890554014e+00,9.910239790988446540e-01,6.320577570903027943e-03,6.725028864716499355e-02,-8.087874538665257296e-01,-7.276037153841595773e-01,-8.230434584977852630e-01,1.082896236505718424e+00,9.248938849348538049e-01,6.897882347921728829e-01,5.629333328319633400e-01,-5.480135316375619459e-01,9.782874304053058856e-02,-1.106413368653558910e-01,4.232564107054141989e-01,-7.542127299111305305e-01,3.226306655435477455e-01,-1.015016023220653985e+00,9.276940622890612609e-01,0.000000000000000000e+00,0.000000000000000000e+00,9.205658450309623930e-01,1.300342573990556527e+00,1.318026668710696736e+00,1.065545535385261505e-01,3.250763798130352100e+00,-9.473935815327891308e-02,9.285145451032854602e-01,-3.774647335768301359e-01,-4.668062001933125371e-01,-3.028481800313378436e-01,6.917269558207794766e-01,-3.669621702617922865e-01,-4.602362970513234064e-01,-5.183686688943279358e-02,-5.183686688943279358e-02,1.418158377741196352e+00,-1.040941436780788015e-01,-2.030901712371240009e-02,-8.401389803667852485e-02,-3.271524934852403366e-01,-5.191945123345532709e-01,-7.103890521813077674e-01,-5.752567881263277033e-02,-3.801429606348526863e-02,-1.147078669352808861e-01,-1.711160802546210780e-01,-7.340709118518067011e-02,-7.197411700355742237e-02,-1.244624194945742751e-01,-7.051263942166730025e-02,-2.872721242393142319e-02,-2.030901712371240009e-02,-2.019004323808653023e-01,-1.435916317235476011e-02,-1.435916317235476011e-02,-5.183686688943279358e-02,-3.801429606348527557e-02,-3.801429606348527557e-02,-1.558271304830920190e-01,-4.064318733121485144e-02,-8.148853797899899276e-02,-1.210011918676099085e-01,-5.569323991926412171e-02,-7.051263942166730025e-02,-4.979810447122927364e-02,-3.212131358814808435e-02,-2.030901712371240009e-02,-3.801429606348527557e-02,-6.749673070628271765e-02,-3.519076715388935045e-02,-1.435916317235476185e-02,2.837317947345407543e+00,-3.753330286669139260e-01,-2.907009498669055336e-01,-4.311306135592269523e-02,-3.519076715388935045e-02,-3.801429606348527557e-02,-1.435916317235476011e-02,-1.286658602907498339e-01,-4.767312946227962589e-02,5.913962991410492975e-01,-2.487592975524973576e-02,-4.967123990818995694e-01,-1.786283982422259831e-01,-4.979810447122926670e-02,5.840947806181536750e-01,-2.030901712371240009e-02,-4.892821642774447533e-01,-1.767766952966368654e-01
7.235060056478110901e-01,-7.448690342834912714e-02,-5.507016019503075954e-01,-2.878929612425566442e-01,2.273189830934431388e+00,2.725709467506052044e-02,5.905777172739697933e-01,-4.963069089824175273e-01,-6.493539992246850634e-01,-6.302706439077716549e-01,5.278658534121953849e-01,6.788889985410339056e-01,1.268169593442966536e-01,9.128306740567186939e-01,4.625872709704457186e-01,6.427588701975132102e-01,-4.702885519880157239e-01,-1.241326962623585883e+00,-9.868577703438808912e-01,1.166458308299073154e+00,-6.362483984730694930e-02,1.879773786041834815e-01,2.745600610336492942e+00,1.726636557778053471e-01,-1.482203170849685669e+00,-4.474075330277669238e-01,-8.078231342445260088e-01,-1.773242088314630704e+00,-1.202811734101178587e+00,1.870620088349158827e+00,-5.809668599935657873e-02,0.000000000000000000e+00,0.000000000000000000e+00,1.473574796521728292e-01,4.160901802106137248e-01,-1.736090558870059808e-01,-1.394626953694668492e+00,8.384106206749326606e-01,-3.064301119080259928e-01,-9.555068114986333683e-01,9.257960654133498002e-01,-4.668062001933125371e-01,1.146903797035573769e+00,9.264805211409559149e-01,-3.669621702617922865e-01,-4.602362970513234064e-01,-5.183686688943279358e-02,-5.183686688943279358e-02,-7.051398600435393460e-01,-1.040941436780788015e-01,-2.030901712371240009e-02,-8.401389803667852485e-02,-3.271524934852403366e-01,1.926060419058570616e+00,-7.103890521813077674e-01,-5.752567881263277033e-02,-3.801429606348526863e-02,-1.147078669352808861e-01,-1.711160802546210780e-01,-7.340709118518067011e-02,-7.197411700355742237e-02,-1.244624194945742751e-01,-7.051263942166730025e-02,-2.872721242393142319e-02,-2.030901712371240009e-02,-2.019004323808653023e-01,-1.435916317235476011e-02,-1.435916317235476011e-02,-5.183686688943279358e-02,-3.801429606348527557e-02,-3.801429606348527557e-02,-1.558271304830920190e-01,-4.064318733121485144e-02,-8.148853797899899276e-02,-1.210011918676099085e-01,-5.569323991926412171e-02,-7.051263942166730025e-02,-4.979810447122927364e-02,-3.212131358814808435e-02,-2.030901712371240009e-02,-3.801429606348527557e-02,-6.749673070628271765e-02,-3.519076715388935045e-02,-1.435916317235476185e-02,-3.524455202264515918e-01,-3.753330286669139260e-01,3.439961240091715222e+00,-4.311306135592269523e-02,-3.519076715388935045e-02,-3.801429606348527557e-02,-1.435916317235476011e-02,-1.286658602907498339e-01,-4.767312946227962589e-02,5.913962991410492975e-01,-2.487592975524973576e-02,-4.967123990818995694e-01,-1.786283982422259831e-01,-4.979810447122926670e-02,5.840947806181536750e-01,-2.030901712371240009e-02,-4.892821642774447533e-01,-1.767766952966368654e-01
-7.193992336483698846e-01,-7.448690342834912714e-02,-4.977276807426366662e-02,7.082331122151057645e-01,5.869571985699155725e-01,-7.975749704674730545e-01,-4.966680157416004104e-01,-4.963069089824175273e-01,2.266247861418546172e+00,-6.302706439077716549e-01,8.414777418280475763e-01,-1.538031837485788644e+00,3.353111172311010885e-02,1.116133267166246723e+00,3.713339322905371831e-01,3.961123352473639447e-01,4.323751863546776431e-01,6.633221216768130091e-02,1.797985531039744789e+00,1.041115200609041169e+00,-4.872757218968044035e-01,-5.647389056778006067e-01,8.547486587784763890e-02,-7.281828284914038107e-01,1.907717967987786201e-01,-1.106413368653558910e-01,8.750744390088503744e-02,-3.836565995825850228e-01,-7.594565539088690143e-01,-8.858084361354384706e-01,-7.622329347767978769e-01,0.000000000000000000e+00,0.000000000000000000e+00,-6.258508857266168457e-01,-1.352414607349271769e+00,-1.068590490645627611e+00,-3.485635163477085463e-02,6.326491200777935031e-01,1.110601872409461635e-02,4.575092059528056976e-01,-3.774647335768301359e-01,-4.668062001933125371e-01,-3.028481800313378436e-01,-1.253374013974976713e-02,-3.669621702617922865e-01,1.739375798511208382e+00,-5.183686688943279358e-02,-5.183686688943279358e-02,-7.051398600435393460e-01,-1.040941436780788015e-01,-2.030901712371240009e-02,-8.401389803667852485e-02,-3.271524934852403366e-01,-5.191945123345532709e-01,1.407679351095596942e+00,-5.752567881263277033e-02,-3.801429606348526863e-02,-1.147078669352808861e-01,-1.711160802546210780e-01,-7.340709118518067011e-02,-7.197411700355742237e-02,-1.244624194945742751e-01,-7.051263942166730025e-02,-2.872721242393142319e-02,-2.030901712371240009e-02,-2.019004323808653023e-01,-1.435916317235476011e-02,-1.435916317235476011e-02,-5.183686688943279358e-02,-3.801429606348527557e-02,-3.801429606348527557e-02,-1.558271304830920190e-01,-4.064318733121485144e-02,-8.148853797899899276e-02,-1.210011918676099085e-01,-5.569323991926412171e-02,-7.051263942166730025e-02,-4.979810447122927364e-02,-3.212131358814808435e-02,-2.030901712371240009e-02,-3.801429606348527557e-02,-6.749673070628271765e-02,-3.519076715388935045e-02,-1.435916317235476185e-02,-3.524455202264515918e-01,-3.753330286669139260e-01,-2.907009498669055336e-01,-4.311306135592269523e-02,-3.519076715388935045e-02,-3.801429606348527557e-02,-1.435916317235476011e-02,-1.286658602907498339e-01,-4.767312946227962589e-02,5.913962991410492975e-01,-2.487592975524973576e-02,-4.967123990818995694e-01,-1.786283982422259831e-01,-4.979810447122926670e-02,5.840947806181536750e-01,-2.030901712371240009e-02,-4.892821642774447533e-01,-1.767766952966368654e-01
9.061229246186908171e-01,-5.537123258831522232e-01,9.520848996778241702e-01,7.082331122151057645e-01,-5.252387929896585872e-01,6.311935837690980933e-02,-4.966680157416004104e-01,-4.963069089824175273e-01,-6.493539992246850634e-01,1.151455984062275117e+00,8.414777418280475763e-01,1.171538073213661102e+00,-8.293629787728645786e-01,5.270431859332941338e-02,1.831387351169073696e+00,5.605433585474633995e-01,9.387628447616762351e-02,1.794310407427570198e+00,-8.230434584977852630e-01,4.979617339522358077e-01,3.600260422021904771e-01,-6.292804948981121915e-02,-4.298771301996108241e-01,6.818377555821408809e-01,6.554870655900186804e-01,3.103164083376579452e-01,-2.482415229036441240e-01,3.111361447834378180e-01,3.301451601230785959e-01,9.230977830575785026e-01,1.772657560821990774e+00,0.000000000000000000e+00,0.000000000000000000e+00,9.205658450309623930e-01,1.005591776063908815e+00,1.247180890325345903e-01,2.736404581691924687e+00,1.835151396294840254e+00,1.704632048762071195e+00,4.575092059528056976e-01,-3.774647335768301359e-01,1.696017942249628430e+00,4.220278085021179071e-01,-1.421055132060808246e+00,-3.669621702617922865e-01,1.739375798511208382e+00,-5.183686688943279358e-02,-5.183686688943279358e-02,-7.051398600435393460e-01,-1.040941436780788015e-01,-2.030901712371240009e-02,-8.401389803667852485e-02,-3.271524934852403366e-01,-5.191945123345532709e-01,1.407679351095596942e+00,-5.752567881263277033e-02,-3.801429606348526863e-02,-1.147078669352808861e-01,-1.711160802546210780e-01,-7.340709118518067011e-02,-7.197411700355742237e-02,-1.244624194945742751e-01,-7.051263942166730025e-02,-2.872721242393142319e-02,-2.030901712371240009e-02,-2.019004323808653023e-01,-1.435916317235476011e-02,-1.435916317235476011e-02,-5.183686688943279358e-02,-3.801429606348527557e-02,-3.801429606348527557e-02,-1.558271304830920190e-01,-4.064318733121485144e-02,-8.148853797899899276e-02,-1.210011918676099085e-01,-5.569323991926412171e-02,-7.051263942166730025e-02,-4.979810447122927364e-02,-3.212131358814808435e-02,-2.030901712371240009e-02,-3.801429606348527557e-02,-6.749673070628271765e-02,-3.519076715388935045e-02,-1.435916317235476185e-02,-3.524455202264515918e-01,-3.753330286669139260e-01,-2.907009498669055336e-01,-4.311306135592269523e-02,-3.519076715388935045e-02,-3.801429606348527557e-02,-1.435916317235476011e-02,-1.286658602907498339e-01,-4.767312946227962589e-02,-1.690913523558418063e+00,-2.487592975524973576e-02,2.013237442528823973e+00,-1.786283982422259831e-01,-4.979810447122926670e-02,5.840947806181536750e-01,-2.030901712371240009e-02,-4.892821642774447533e-01,-1.767766952966368654e-01
8.449197905433053490e-01,-5.537123258831522232e-01,1.953942567429912014e+00,7.082331122151057645e-01,-4.893615029393497129e-01,-2.596410149397337386e-01,-4.966680157416004104e-01,-4.963069089824175273e-01,-6.493539992246850634e-01,1.745364860052290412e+00,8.414777418280475763e-01,4.325644612047202520e-01,-3.162908168563389188e-01,-1.018543960483800914e+00,-6.324527931884567078e-01,1.494658002972147348e-01,9.387628447616762351e-02,-4.006889216863427361e-01,-7.840400509153816477e-01,-2.123158762912787934e-01,-6.362483984730694930e-02,-6.292804948981121915e-02,-8.239698330823731487e-01,-9.396859161024354590e-01,4.885689282282582209e-03,8.154657025812744875e-01,4.232564107054141989e-01,-6.152541810379259513e-01,7.208988782586736033e-01,3.631982390216446643e-01,-5.809668599935657873e-02,0.000000000000000000e+00,0.000000000000000000e+00,5.339616623415676111e-01,7.108409781372613256e-01,7.213723788716157603e-01,2.872462657044056455e-01,1.008765109805680904e+00,7.520236568657093779e-01,9.285145451032854602e-01,-3.774647335768301359e-01,-4.668062001933125371e-01,8.362426590926641534e-01,4.569733905006030938e-01,-3.669621702617922865e-01,-4.602362970513234064e-01,-5.183686688943279358e-02,-5.183686688943279358e-02,-7.051398600435393460e-01,-1.040941436780788015e-01,-2.030901712371240009e-02,-8.401389803667852485e-02,-3.271524934852403366e-01,-5.191945123345532709e-01,1.407679351095596942e+00,-5.752567881263277033e-02,-3.801429606348526863e-02,-1.147078669352808861e-01,-1.711160802546210780e-01,-7.340709118518067011e-02,-7.197411700355742237e-02,-1.244624194945742751e-01,-7.051263942166730025e-02,-2.872721242393142319e-02,-2.030901712371240009e-02,-2.019004323808653023e-01,-1.435916317235476011e-02,-1.435916317235476011e-02,-5.183686688943279358e-02,-3.801429606348527557e-02,-3.801429606348527557e-02,-1.558271304830920190e-01,-4.064318733121485144e-02,-8.148853797899899276e-02,-1.210011918676099085e-01,-5.569323991926412171e-02,-7.051263942166730025e-02,-4.979810447122927364e-02,-3.212131358814808435e-02,-2.030901712371240009e-02,-3.801429606348527557e-02,-6.749673070628271765e-02,-3.519076715388935045e-02,-1.435916317235476185e-02,-3.524455202264515918e-01,-3.753330286669139260e-01,-2.907009498669055336e-01,-4.311306135592269523e-02,-3.519076715388935045e-02,-3.801429606348527557e-02,-1.435916317235476011e-02,-1.286658602907498339e-01,-4.767312946227962589e-02,5.913962991410492975e-01,-2.487592975524973576e-02,-4.967123990818995694e-01,-1.786283982422259831e-01,-4.979810447122926670e-02,-1.712050908829709783e+00,-2.030901712371240009e-02,2.043810449286999731e+00,-1.767766952966368654e-01
-8.172874213320566184e-02,-5.537123258831522232e-01,-5.507016019503075954e-01,-1.284019034700219164e+00,-8.122571133921292486e-01,-7.617127067656237482e-01,-4.966680157416004104e-01,-4.963069089824175273e-01,-6.493539992246850634e-01,-6.302706439077716549e-01,-1.293495498541409328e+00,4.325644612047202520e-01,1.090770718096556680e+00,1.780776360024320049e+00,5.538406096503543097e-01,6.725028864716499355e-02,-8.087874538665257296e-01,1.093778706646534093e+00,-6.514284651352089117e-01,5.397427698489131176e-01,-4.872757218968044035e-01,-6.292804948981121915e-02,7.978732133966870421e-01,2.178026264237958198e+00,6.554870655900186804e-01,1.419333102564523941e-01,5.351727329735904704e-01,-5.941998554510771746e-02,2.205088236232090326e-02,5.354750218019320718e-01,-4.805784352658213909e-01,0.000000000000000000e+00,0.000000000000000000e+00,-6.258508857266168457e-01,-4.681622135693289666e-01,-4.719362008065465242e-01,-8.584439382459173595e-01,-1.000081748296907547e+00,3.286421493562152185e-01,-7.200041419233935702e-01,-3.774647335768301359e-01,-4.668062001933125371e-01,7.326889464450275780e-01,-4.820408707801026038e-01,-3.669621702617922865e-01,1.739375798511208382e+00,-5.183686688943279358e-02,-5.183686688943279358e-02,1.418158377741196352e+00,-1.040941436780788015e-01,-2.030901712371240009e-02,-8.401389803667852485e-02,-3.271524934852403366e-01,-5.191945123345532709e-01,-7.103890521813077674e-01,-5.752567881263277033e-02,-3.801429606348526863e-02,-1.147078669352808861e-01,-1.711160802546210780e-01,-7.340709118518067011e-02,-7.197411700355742237e-02,-1.244624194945742751e-01,-7.051263942166730025e-02,-2.872721242393142319e-02,-2.030901712371240009e-02,-2.019004323808653023e-01,-1.435916317235476011e-02,-1.435916317235476011e-02,-5.183686688943279358e-02,-3.801429606348527557e-02,-3.801429606348527557e-02,-1.558271304830920190e-01,-4.064318733121485144e-02,-8.148853797899899276e-02,-1.210011918676099085e-01,-5.569323991926412171e-02,-7.051263942166730025e-02,-4.979810447122927364e-02,-3.212131358814808435e-02,-2.030901712371240009e-02,-3.801429606348527557e-02,-6.749673070628271765e-02,-3.519076715388935045e-02,-1.435916317235476185e-02,2.837317947345407543e+00,-3.753330286669139260e-01,-2.907009498669055336e-01,-4.311306135592269523e-02,-3.519076715388935045e-02,-3.801429606348527557e-02,-1.435916317235476011e-02,-1.286658602907498339e-01,-4.767312946227962589e-02,-1.690913523558418063e+00,-2.487592975524973576e-02,2.013237442528823973e+00,-1.786283982422259831e-01,-4.979810447122926670e-02,-1.712050908829709783e+00,-2.030901712371240009e-02,2.043810449286999731e+00,-1.767766952966368654e-01
9.861832405443300420e-01,-7.448690342834912714e-02,1.953942567429912014e+00,7.082331122151057645e-01,8.467513786559180411e-02,1.031400478326840453e+00,5.905777172739697933e-01,-4.963069089824175273e-01,5.764970094190423389e+00,5.575471080722594897e-01,8.414777418280475763e-01,-6.008461346790693741e-02,3.211624752217684398e-01,-1.456426468719708156e+00,3.713339322905371831e-01,-7.549048278533324607e-01,3.195422190618408820e-01,7.201617995633149416e-01,3.443929331017181017e+00,-1.215060737811534786e+00,9.248938849348538049e-01,6.897882347921728829e-01,6.841926260266595339e-01,1.708019402880110116e+00,4.885689282282582209e-03,5.774176121584963933e-02,-8.078231342445260088e-01,3.574556610745059926e-01,-2.303608511486300581e-02,-1.144223610305869387e+00,3.643850632671082335e-01,0.000000000000000000e+00,0.000000000000000000e+00,9.205658450309623930e-01,-4.681622135693289666e-01,1.318026668710696736e+00,-3.464840871092587093e-01,-4.222125988926046514e-01,-7.298116194175201521e-01,-7.200041419233935702e-01,9.257960654133498002e-01,-4.668062001933125371e-01,-5.099556053266109945e-01,-2.472873054599261933e-01,-3.669621702617922865e-01,-4.602362970513234064e-01,-5.183686688943279358e-02,-5.183686688943279358e-02,-7.051398600435393460e-01,-1.040941436780788015e-01,-2.030901712371240009e-02,-8.401389803667852485e-02,-3.271524934852403366e-01,-5.191945123345532709e-01,1.407679351095596942e+00,-5.752567881263277033e-02,-3.801429606348526863e-02,-1.147078669352808861e-01,-1.711160802546210780e-01,-7.340709118518067011e-02,-7.197411700355742237e-02,-1.244624194945742751e-01,-7.051263942166730025e-02,-2.872721242393142319e-02,-2.030901712371240009e-02,-2.019004323808653023e-01,-1.435916317235476011e-02,-1.435916317235476011e-02,-5.183686688943279358e-02,-3.801429606348527557e-02,-3.801429606348527557e-02,-1.558271304830920190e-01,-4.064318733121485144e-02,-8.148853797899899276e-02,-1.210011918676099085e-01,-5.569323991926412171e-02,-7.051263942166730025e-02,-4.979810447122927364e-02,-3.212131358814808435e-02,-2.030901712371240009e-02,-3.801429606348527557e-02,-6.749673070628271765e-02,-3.519076715388935045e-02,-1.435916317235476185e-02,-3.524455202264515918e-01,-3.753330286669139260e-01,-2.907009498669055336e-01,-4.311306135592269523e-02,-3.519076715388935045e-02,-3.801429606348527557e-02,-1.435916317235476011e-02,-1.286658602907498339e-01,-4.767312946227962589e-02,-1.690913523558418063e+00,-2.487592975524973576e-02,-4.967123990818995694e-01,5.598214000911362120e+00,-4.979810447122926670e-02,5.840947806181536750e-01,-2.030901712371240009e-02,-4.892821642774447533e-01,-1.767766952966368654e-01
8.449197905433053490e-01,4.047385190264539689e-01,-5.507016019503075954e-01,2.700485259130430471e+00,6.945890687208421399e-01,3.141552042898547725e-01,-4.966680157416004104e-01,-4.963069089824175273e-01,-6.493539992246850634e-01,-3.636176791775609651e-02,8.414777418280475763e-01,-5.527336881405341407e-01,-4.420709462787833499e-02,4.202128522913227693e-01,1.888272549307201120e-01,9.716209167977121197e-01,-5.831215192808524295e-01,1.373991386958948624e+00,-6.826311912011319150e-01,1.458925559575814379e+00,-7.697096432631360674e-01,4.388828066981781961e-01,-8.921781855043895426e-01,-4.383452639873972601e-01,-1.810004182342134504e-01,7.312741535406717119e-01,6.470890552417668529e-01,-2.446980507093804713e-01,4.654060625546307950e-01,1.478522605462855299e-01,-7.622329347767978769e-01,0.000000000000000000e+00,0.000000000000000000e+00,-6.258508857266168457e-01,-1.057663809422624057e+00,-1.736090558870059808e-01,-1.127517466145107505e+00,1.362167167649468436e+00,1.069559787497829983e+00,-7.200041419233935702e-01,-3.774647335768301359e-01,-4.668062001933125371e-01,-4.064018926789744190e-01,-2.472873054599261933e-01,-3.669621702617922865e-01,-4.602362970513234064e-01,-5.183686688943279358e-02,-5.183686688943279358e-02,-7.051398600435393460e-01,-1.040941436780788015e-01,-2.030901712371240009e-02,-8.401389803667852485e-02,-3.271524934852403366e-01,-5.191945123345532709e-01,1.407679351095596942e+00,-5.752567881263277033e-02,-3.801429606348526863e-02,-1.147078669352808861e-01,-1.711160802546210780e-01,-7.340709118518067011e-02,-7.197411700355742237e-02,-1.244624194945742751e-01,-7.051263942166730025e-02,-2.872721242393142319e-02,-2.030901712371240009e-02,-2.019004323808653023e-01,-1.435916317235476011e-02,-1.435916317235476011e-02,-5.183686688943279358e-02,-3.801429606348527557e-02,-3.801429606348527557e-02,-1.558271304830920190e-01,-4.064318733121485144e-02,-8.148853797899899276e-02,-1.210011918676099085e-01,-5.569323991926412171e-02,-7.051263942166730025e-02,-4.979810447122927364e-02,-3.212131358814808435e-02,-2.030901712371240009e-02,-3.801429606348527557e-02,-6.749673070628271765e-02,-3.519076715388935045e-02,-1.435916317235476185e-02,-3.524455202264515918e-01,-3.753330286669139260e-01,-2.907009498669055336e-01,-4.311306135592269523e-02,-3.519076715388935045e-02,-3.801429606348527557e-02,-1.435916317235476011e-02,-1.286658602907498339e-01,-4.767312946227962589e-02,5.913962991410492975e-01,-2.487592975524973576e-02,-4.967123990818995694e-01,-1.786283982422259831e-01,-4.979810447122926670e-02,-1.712050908829709783e+00,-2.030901712371240009e-02,2.043810449286999731e+00,-1.767766952966368654e-01
-1.358190795457760169e-01,-5.537123258831522232e-01,-5.507016019503075954e-01,-1.284019034700219164e+00,2.281842980668271903e-01,-4.389523334489801587e-01,-4.966680157416004104e-01,-4.963069089824175273e-01,-6.493539992246850634e-01,-6.302706439077716549e-01,-1.053889212736606601e-01,6.788889985410339056e-01,-3.784813819371299348e-01,4.123935217871103065e-01,6.320577570903027943e-03,4.783278468974136999e-01,-8.087874538665257296e-01,2.998427790946933125e-01,-9.322529997285158299e-01,8.739910570223318187e-01,-6.362483984730694930e-02,1.879773786041834815e-01,4.719888629359412224e-01,1.449515629133293348e+00,-1.810004182342134504e-01,5.628910554594662718e-01,-8.078231342445260088e-01,8.669703402762560795e-01,-9.247754346585436158e-01,1.181512957228009419e+00,3.643850632671082335e-01,0.000000000000000000e+00,0.000000000000000000e+00,1.473574796521728292e-01,4.160901802106137248e-01,4.230452339520751615e-01,2.957571072194651873e-01,-1.612689852347480857e+00,-4.122754887853995465e-01,-7.200041419233935702e-01,9.257960654133498002e-01,-4.668062001933125371e-01,3.184740958544813871e-01,-7.167944361002790421e-01,-3.669621702617922865e-01,-4.602362970513234064e-01,-5.183686688943279358e-02,-5.183686688943279358e-02,1.418158377741196352e+00,-1.040941436780788015e-01,-2.030901712371240009e-02,-8.401389803667852485e-02,-3.271524934852403366e-01,-5.191945123345532709e-01,-7.103890521813077674e-01,-5.752567881263277033e-02,-3.801429606348526863e-02,-1.147078669352808861e-01,-1.711160802546210780e-01,-7.340709118518067011e-02,-7.197411700355742237e-02,-1.244624194945742751e-01,-7.051263942166730025e-02,-2.872721242393142319e-02,-2.030901712371240009e-02,-2.019004323808653023e-01,-1.435916317235476011e-02,-1.435916317235476011e-02,-5.183686688943279358e-02,-3.801429606348527557e-02,-3.801429606348527557e-02,-1.558271304830920190e-01,-4.064318733121485144e-02,-8.148853797899899276e-02,-1.210011918676099085e-01,-5.569323991926412171e-02,-7.051263942166730025e-02,-4.979810447122927364e-02,-3.212131358814808435e-02,-2.030901712371240009e-02,-3.801429606348527557e-02,-6.749673070628271765e-02,-3.519076715388935045e-02,-1.435916317235476185e-02,-3.524455202264515918e-01,2.664300564093018409e+00,-2.907009498669055336e-01,-4.311306135592269523e-02,-3.519076715388935045e-02,-3.801429606348527557e-02,-1.435916317235476011e-02,-1.286658602907498339e-01,-4.767312946227962589e-02,5.913962991410492975e-01,-2.487592975524973576e-02,-4.967123990818995694e-01,-1.786283982422259831e-01,-4.979810447122926670e-02,5.840947806181536750e-01,-2.030901712371240009e-02,-4.892821642774447533e-01,-1.767766952966368654e-01
6.416629639244281202e-02,8.839639414812570095e-01,4.511560658017802483e-01,7.082331122151057645e-01,6.945890687208421399e-01,2.424306768861562156e-01,1.677823450289539942e+00,2.964524162613712210e+00,5.168867450326074531e-01,-3.636176791775609651e-02,8.414777418280475763e-01,-2.030680912158415730e+00,1.345907799793956972e-01,4.358515132997480279e-01,1.888272549307201120e-01,-2.616117579530339854e-01,1.222205957404534304e+00,-2.707201460312350788e-02,-4.297530684971095222e-02,-1.215060737811534786e+00,-1.617011407362130893e+00,-8.156443337717953490e-01,4.719888629359412224e-01,-2.346756240656631687e-01,-6.457156870254534553e-01,-2.790244349465614282e-01,8.750744390088503744e-02,5.427337262387786909e-01,-2.634999116598445434e-01,3.201290433265728819e-01,-1.607196433309727501e+00,0.000000000000000000e+00,0.000000000000000000e+00,-2.945475981862985648e+00,-2.236667001129214238e+00,-1.068590490645627611e+00,-6.554931021175743888e-01,3.106457327796732226e-01,-1.470729257559134862e+00,-4.845014723481537167e-01,-3.774647335768301359e-01,-4.668062001933125371e-01,-1.234831593860066690e+00,-7.167944361002790421e-01,-3.669621702617922865e-01,-4.602362970513234064e-01,-5.183686688943279358e-02,-5.183686688943279358e-02,-7.051398600435393460e-01,-1.040941436780788015e-01,-2.030901712371240009e-02,-8.401389803667852485e-02,3.056678521220304923e+00,-5.191945123345532709e-01,-7.103890521813077674e-01,-5.752567881263277033e-02,-3.801429606348526863e-02,-1.147078669352808861e-01,-1.711160802546210780e-01,-7.340709118518067011e-02,-7.197411700355742237e-02,-1.244624194945742751e-01,-7.051263942166730025e-02,-2.872721242393142319e-02,-2.030901712371240009e-02,-2.019004323808653023e-01,-1.435916317235476011e-02,-1.435916317235476011e-02,-5.183686688943279358e-02,-3.801429606348527557e-02,-3.801429606348527557e-02,-1.558271304830920190e-01,-4.064318733121485144e-02,-8.148853797899899276e-02,-1.210011918676099085e-01,-5.569323991926412171e-02,-7.051263942166730025e-02,-4.979810447122927364e-02,-3.212131358814808435e-02,-2.030901712371240009e-02,-3.801429606348527557e-02,-6.749673070628271765e-02,-3.519076715388935045e-02,-1.435916317235476185e-02,-3.524455202264515918e-01,-3.753330286669139260e-01,-2.907009498669055336e-01,-4.311306135592269523e-02,-3.519076715388935045e-02,-3.801429606348527557e-02,-1.435916317235476011e-02,-1.286658602907498339e-01,-4.767312946227962589e-02,-1.690913523558418063e+00,-2.487592975524973576e-02,-4.967123990818995694e-01,5.598214000911362120e+00,-4.979810447122926670e-02,-1.712050908829709783e+00,-2.030901712371240009e-02,2.043810449286999731e+00,-1.767766952966368654e-01
-1.056347298814748425e+00,-5.537123258831522232e-01,-5.507016019503075954e-01,-2.878929612425566442e-01,2.281842980668271903e-01,4.934665227991011927e-01,-4.966680157416004104e-01,-4.963069089824175273e-01,1.100007117161253767e+00,-6.302706439077716549e-01,3.228119263710606535e-01,-7.990582254768477943e-01,8.264608165031950282e-01,5.375028098545124866e-01,-1.761860997889140579e-01,6.427588701975132102e-01,-8.087874538665257296e-01,-1.671783547593307107e-01,-6.592291466516897458e-01,7.486479493322998335e-01,-4.872757218968044035e-01,-5.647389056778006067e-01,1.915767474232064616e-01,9.325080816396602579e-01,6.554870655900186804e-01,6.470826045000689364e-01,-2.482415229036441240e-01,6.353727588209151511e-01,-3.236158682960900146e-01,1.478522605462855299e-01,-7.622329347767978769e-01,0.000000000000000000e+00,0.000000000000000000e+00,-6.258508857266168457e-01,-7.629130114959765674e-01,-7.702633457260871230e-01,-4.918230729818139912e-01,-2.799164962069207729e-01,4.344875262335887722e-01,2.106027892979484673e+00,-3.774647335768301359e-01,1.696017942249628430e+00,7.326889464450275780e-01,6.917269558207794766e-01,-3.669621702617922865e-01,-4.602362970513234064e-01,-5.183686688943279358e-02,-5.183686688943279358e-02,1.418158377741196352e+00,-1.040941436780788015e-01,-2.030901712371240009e-02,-8.401389803667852485e-02,-3.271524934852403366e-01,-5.191945123345532709e-01,-7.103890521813077674e-01,-5.752567881263277033e-02,-3.801429606348526863e-02,-1.147078669352808861e-01,-1.711160802546210780e-01,-7.340709118518067011e-02,-7.197411700355742237e-02,-1.244624194945742751e-01,-7.051263942166730025e-02,-2.872721242393142319e-02,-2.030901712371240009e-02,-2.019004323808653023e-01,-1.435916317235476011e-02,-1.435916317235476011e-02,-5.183686688943279358e-02,-3.801429606348527557e-02,-3.801429606348527557e-02,-1.558271304830920190e-01,-4.064318733121485144e-02,-8.148853797899899276e-02,-1.210011918676099085e-01,-5.569323991926412171e-02,-7.051263942166730025e-02,-4.979810447122927364e-02,-3.212131358814808435e-02,-2.030901712371240009e-02,-3.801429606348527557e-02,-6.749673070628271765e-02,-3.519076715388935045e-02,-1.435916317235476185e-02,2.837317947345407543e+00,-3.753330286669139260e-01,-2.907009498669055336e-01,-4.311306135592269523e-02,-3.519076715388935045e-02,-3.801429606348527557e-02,-1.435916317235476011e-02,-1.286658602907498339e-01,-4.767312946227962589e-02,5.913962991410492975e-01,-2.487592975524973576e-02,-4.967123990818995694e-01,-1.786283982422259831e-01,-4.979810447122926670e-02,5.840947806181536750e-01,-2.030901712371240009e-02,-4.892821642774447533e-01,-1.767766952966368654e-01
6.998518213970540414e-01,1.842414786390863091e+00,-5.507016019503075954e-01,-2.878929612425566442e-01,-9.198889835430558160e-01,-8.692994978711715559e-01,5.905777172739697933e-01,-4.963069089824175273e-01,1.100007117161253767e+00,-6.302706439077716549e-01,-6.240547367306475968e-01,-5.527336881405341407e-01,-1.841358660596581487e-01,-2.131529185498998447e-01,-2.674394384688225657e-01,8.894054051476624201e-01,7.708740882331873712e-01,4.399491192509005222e-01,1.162946376565429998e-02,-4.212210557746654538e-01,-6.362483984730694930e-02,-6.292804948981121915e-02,-1.286270888387151867e+00,-1.049354183752600145e+00,5.625440118317706073e-01,5.774176121584963933e-02,-4.720741674399969168e-01,2.858709540792188086e+00,-9.773768967152584031e-01,-4.551164791847201463e-01,-5.809668599935657873e-02,0.000000000000000000e+00,0.000000000000000000e+00,1.473574796521728292e-01,-1.734114156426813935e-01,-4.719362008065465242e-01,9.144298173526396178e-01,1.575277293267933976e+00,2.227967724788416926e-01,4.575092059528056976e-01,-3.774647335768301359e-01,1.696017942249628430e+00,5.255815211497544270e-01,3.274016174342720298e+00,-3.669621702617922865e-01,-4.602362970513234064e-01,-5.183686688943279358e-02,-5.183686688943279358e-02,-7.051398600435393460e-01,-1.040941436780788015e-01,-2.030901712371240009e-02,-8.401389803667852485e-02,-3.271524934852403366e-01,1.926060419058570616e+00,-7.103890521813077674e-01,-5.752567881263277033e-02,2.630589287593180359e+01,-1.147078669352808861e-01,-1.711160802546210780e-01,-7.340709118518067011e-02,-7.197411700355742237e-02,-1.244624194945742751e-01,-7.051263942166730025e-02,-2.872721242393142319e-02,-2.030901712371240009e-02,-2.019004323808653023e-01,-1.435916317235476011e-02,-1.435916317235476011e-02,-5.183686688943279358e-02,-3.801429606348527557e-02,-3.801429606348527557e-02,-1.558271304830920190e-01,-4.064318733121485144e-02,-8.148853797899899276e-02,-1.210011918676099085e-01,-5.569323991926412171e-02,-7.051263942166730025e-02,-4.979810447122927364e-02,-3.212131358814808435e-02,-2.030901712371240009e-02,-3.801429606348527557e-02,-6.749673070628271765e-02,-3.519076715388935045e-02,-1.435916317235476185e-02,-3.524455202264515918e-01,-3.753330286669139260e-01,-2.907009498669055336e-01,-4.311306135592269523e-02,-3.519076715388935045e-02,-3.801429606348527557e-02,-1.435916317235476011e-02,-1.286658602907498339e-01,-4.767312946227962589e-02,-1.690913523558418063e+00,-2.487592975524973576e-02,2.013237442528823973e+00,-1.786283982422259831e-01,-4.979810447122926670e-02,5.840947806181536750e-01,-2.030901712371240009e-02,-4.892821642774447533e-01,-1.767766952966368654e-01
3.538059930573073109e-01,8.839639414812570095e-01,-4.977276807426366662e-02,-1.284019034700219164e+00,-1.063398143744291202e+00,-1.120335343784116588e+00,5.905777172739697933e-01,-4.963069089824175273e-01,5.168867450326074531e-01,-6.302706439077716549e-01,-8.713256487508387327e-01,-5.527336881405341407e-01,5.685257362840691331e-02,-8.856153419121860493e-01,-5.411994545085482278e-01,-1.793962463029842302e-01,-1.317896501095057737e-01,-1.671783547593307107e-01,8.229003414796516314e-01,-5.883451993613747488e-01,-1.052143564629467676e+00,-5.647389056778006067e-01,-1.627312650497234614e+00,-2.326206157108087869e+00,-3.898722568564133795e+00,-1.794472317677411111e+00,-8.078231342445260088e-01,-1.773242088314630704e+00,-1.202811734101178587e+00,-2.436299481158024527e+00,-1.043887434287774418e+00,0.000000000000000000e+00,0.000000000000000000e+00,-1.012455068416011628e+00,-1.647165405275919259e+00,-7.702633457260871230e-01,-8.748109411594933160e-01,-1.479746545143485026e+00,-8.356569962948936503e-01,-2.489988027729138353e-01,-3.774647335768301359e-01,-4.668062001933125371e-01,-8.206167432695206099e-01,-1.186301566740631808e+00,9.137094037957288473e-01,-4.602362970513234064e-01,-5.183686688943279358e-02,-5.183686688943279358e-02,-7.051398600435393460e-01,-1.040941436780788015e-01,-2.030901712371240009e-02,-8.401389803667852485e-02,-3.271524934852403366e-01,1.926060419058570616e+00,-7.103890521813077674e-01,-5.752567881263277033e-02,-3.801429606348526863e-02,-1.147078669352808861e-01,-1.711160802546210780e-01,-7.340709118518067011e-02,-7.197411700355742237e-02,-1.244624194945742751e-01,-7.051263942166730025e-02,-2.872721242393142319e-02,-2.030901712371240009e-02,-2.019004323808653023e-01,-1.435916317235476011e-02,-1.435916317235476011e-02,-5.183686688943279358e-02,-3.801429606348527557e-02,-3.801429606348527557e-02,-1.558271304830920190e-01,-4.064318733121485144e-02,-8.148853797899899276e-02,-1.210011918676099085e-01,-5.569323991926412171e-02,-7.051263942166730025e-02,-4.979810447122927364e-02,-3.212131358814808435e-02,-2.030901712371240009e-02,-3.801429606348527557e-02,-6.749673070628271765e-02,-3.519076715388935045e-02,-1.435916317235476185e-02,-3.524455202264515918e-01,-3.753330286669139260e-01,3.439961240091715222e+00,-4.311306135592269523e-02,-3.519076715388935045e-02,-3.801429606348527557e-02,-1.435916317235476011e-02,-1.286658602907498339e-01,-4.767312946227962589e-02,5.913962991410492975e-01,-2.487592975524973576e-02,-4.967123990818995694e-01,-1.786283982422259831e-01,-4.979810447122926670e-02,5.840947806181536750e-01,-2.030901712371240009e-02,-4.892821642774447533e-01,-1.767766952966368654e-01
-4.807070107543667814e-01,1.842414786390863091e+00,-5.507016019503075954e-01,-2.878929612425566442e-01,3.716934582680625487e-01,-7.975749704674730545e-01,-4.966680157416004104e-01,-4.963069089824175273e-01,1.100007117161253767e+00,-6.302706439077716549e-01,4.132768941833259713e-01,4.325644612047202520e-01,-2.230049692351523671e-01,1.360766607226606036e-02,6.320577570903027943e-03,-1.496522300288474598e-02,-2.446226174023423960e-01,5.333533460217053657e-01,1.501559633413475980e+00,1.333582451885782394e+00,-6.362483984730694930e-02,6.897882347921728829e-01,5.477759211826263019e-01,-6.733486946663216344e-01,-4.598295795089574756e-01,-2.790244349465614282e-01,-2.440887836729143182e-02,7.743313076941197304e-01,-3.161013737165593307e-01,-1.617984762951659716e+00,-5.809668599935657873e-02,0.000000000000000000e+00,0.000000000000000000e+00,1.473574796521728292e-01,7.108409781372613256e-01,7.213723788716157603e-01,-1.255180088871000521e+00,-4.128598034109164927e-01,-1.153193126927014367e+00,-9.555068114986333683e-01,-3.774647335768301359e-01,3.858842084692569063e+00,7.812957911571764835e-03,1.161234086461132353e+00,-3.669621702617922865e-01,-4.602362970513234064e-01,-5.183686688943279358e-02,-5.183686688943279358e-02,1.418158377741196352e+00,-1.040941436780788015e-01,-2.030901712371240009e-02,-8.401389803667852485e-02,-3.271524934852403366e-01,-5.191945123345532709e-01,-7.103890521813077674e-01,-5.752567881263277033e-02,-3.801429606348526863e-02,-1.147078669352808861e-01,-1.711160802546210780e-01,-7.340709118518067011e-02,-7.197411700355742237e-02,-1.244624194945742751e-01,-7.051263942166730025e-02,-2.872721242393142319e-02,-2.030901712371240009e-02,-2.019004323808653023e-01,-1.435916317235476011e-02,-1.435916317235476011e-02,-5.183686688943279358e-02,-3.801429606348527557e-02,-3.801429606348527557e-02,-1.558271304830920190e-01,-4.064318733121485144e-02,-8.148853797899899276e-02,-1.210011918676099085e-01,-5.569323991926412171e-02,-7.051263942166730025e-02,-4.979810447122927364e-02,-3.212131358814808435e-02,-2.030901712371240009e-02,-3.801429606348527557e-02,-6.749673070628271765e-02,-3.519076715388935045e-02,-1.435916317235476185e-02,-3.524455202264515918e-01,2.664300564093018409e+00,-2.907009498669055336e-01,-4.311306135592269523e-02,-3.519076715388935045e-02,-3.801429606348527557e-02,-1.435916317235476011e-02,-1.286658602907498339e-01,-4.767312946227962589e-02,-1.690913523558418063e+00,-2.487592975524973576e-02,2.013237442528823973e+00,-1.786283982422259831e-01,-4.979810447122926670e-02,5.840947806181536750e-01,-2.030901712371240009e-02,-4.892821642774447533e-01,-1.767766952966368654e-01
-2.350674050734280207e-01,1.842414786390863091e+00,-5.507016019503075954e-01,-1.284019034700219164e+00,-2.382204725871877871e-01,-9.410240252748701684e-01,-4.966680157416004104e-01,-4.963069089824175273e-01,-6.623362709603883292e-02,-3.636176791775609651e-02,5.399278491204971830e-01,1.664187147886288409e+00,9.974848704753700446e-01,-4.894697796143467755e-02,-8.493276110900550846e-02,-1.001551362803481560e+00,-5.831215192808524295e-01,1.373991386958948624e+00,-2.925971153770947630e-01,7.486479493322998335e-01,2.337063491766512069e+00,1.442504519074156999e+00,-6.117660699916547262e-01,-3.883943183322639131e-02,-4.598295795089574756e-01,2.261248592970551696e-01,-3.601578451718204787e-01,3.574556610745059926e-01,5.405510083499373009e-01,6.646826088871474747e-01,2.054312060332967427e+00,0.000000000000000000e+00,0.000000000000000000e+00,1.307170027720357286e+00,2.184594967770498997e+00,1.616353813630237335e+00,6.204784450248138628e-01,4.723154832488539734e-01,1.110601872409461635e-02,-1.349613319767399566e-02,9.257960654133498002e-01,-4.668062001933125371e-01,-7.170630306218840344e-01,-4.820408707801026038e-01,-3.669621702617922865e-01,-4.602362970513234064e-01,-5.183686688943279358e-02,-5.183686688943279358e-02,1.418158377741196352e+00,-1.040941436780788015e-01,-2.030901712371240009e-02,-8.401389803667852485e-02,-3.271524934852403366e-01,-5.191945123345532709e-01,-7.103890521813077674e-01,-5.752567881263277033e-02,-3.801429606348526863e-02,-1.147078669352808861e-01,-1.711160802546210780e-01,-7.340709118518067011e-02,-7.197411700355742237e-02,-1.244624194945742751e-01,-7.051263942166730025e-02,-2.872721242393142319e-02,-2.030901712371240009e-02,-2.019004323808653023e-01,-1.435916317235476011e-02,-1.435916317235476011e-02,-5.183686688943279358e-02,-3.801429606348527557e-02,-3.801429606348527557e-02,-1.558271304830920190e-01,-4.064318733121485144e-02,-8.148853797899899276e-02,-1.210011918676099085e-01,-5.569323991926412171e-02,-7.051263942166730025e-02,-4.979810447122927364e-02,-3.212131358814808435e-02,-2.030901712371240009e-02,-3.801429606348527557e-02,-6.749673070628271765e-02,-3.519076715388935045e-02,-1.435916317235476185e-02,-3.524455202264515918e-01,2.664300564093018409e+00,-2.907009498669055336e-01,-4.311306135592269523e-02,-3.519076715388935045e-02,-3.801429606348527557e-02,-1.435916317235476011e-02,-1.286658602907498339e-01,-4.767312946227962589e-02,5.913962991410492975e-01,-2.487592975524973576e-02,-4.967123990818995694e-01,-1.786283982422259831e-01,-4.979810447122926670e-02,5.840947806181536750e-01,-2.030901712371240009e-02,-4.892821642774447533e-01,-1.767766952966368654e-01
7.524534339267096028e-01,-5.537123258831522232e-01,-5.507016019503075954e-01,-1.284019034700219164e+00,-5.252387929896585872e-01,-3.672278060452816018e-01,-4.966680157416004104e-01,-4.963069089824175273e-01,-6.493539992246850634e-01,-6.302706439077716549e-01,-1.476059062527178833e-01,1.171538073213661102e+00,-5.495054359093053398e-01,1.014481970611482708e+00,5.538406096503543097e-01,3.138968235973142451e-01,5.452081536475141821e-01,6.633221216768130091e-02,-6.826311912011319150e-01,4.561806980555584978e-01,3.600260422021904771e-01,6.897882347921728829e-01,-2.404094845828982085e-01,1.065676692357717226e+00,-3.668865257507094579e-01,8.996572516218772630e-01,-4.720741674399969168e-01,2.184971122013014133e-01,-4.137898032504579993e-01,2.770598476315010439e-01,3.643850632671082335e-01,0.000000000000000000e+00,0.000000000000000000e+00,5.339616623415676111e-01,1.300342573990556527e+00,7.213723788716157603e-01,4.391320527423913656e-01,1.825130543993031429e+00,-2.005847350306524668e-01,-7.200041419233935702e-01,-3.774647335768301359e-01,-4.668062001933125371e-01,1.354011222330846920e+00,4.569733905006030938e-01,-3.669621702617922865e-01,-4.602362970513234064e-01,-5.183686688943279358e-02,-5.183686688943279358e-02,1.418158377741196352e+00,-1.040941436780788015e-01,-2.030901712371240009e-02,-8.401389803667852485e-02,-3.271524934852403366e-01,-5.191945123345532709e-01,-7.103890521813077674e-01,-5.752567881263277033e-02,-3.801429606348526863e-02,-1.147078669352808861e-01,-1.711160802546210780e-01,-7.340709118518067011e-02,-7.197411700355742237e-02,-1.244624194945742751e-01,-7.051263942166730025e-02,-2.872721242393142319e-02,-2.030901712371240009e-02,-2.019004323808653023e-01,-1.435916317235476011e-02,-1.435916317235476011e-02,-5.183686688943279358e-02,-3.801429606348527557e-02,-3.801429606348527557e-02,-1.558271304830920190e-01,-4.064318733121485144e-02,-8.148853797899899276e-02,-1.210011918676099085e-01,-5.569323991926412171e-02,-7.051263942166730025e-02,-4.979810447122927364e-02,-3.212131358814808435e-02,-2.030901712371240009e-02,-3.801429606348527557e-02,-6.749673070628271765e-02,-3.519076715388935045e-02,-1.435916317235476185e-02,2.837317947345407543e+00,-3.753330286669139260e-01,-2.907009498669055336e-01,-4.311306135592269523e-02,-3.519076715388935045e-02,-3.801429606348527557e-02,-1.435916317235476011e-02,-1.286658602907498339e-01,-4.767312946227962589e-02,-1.690913523558418063e+00,-2.487592975524973576e-02,2.013237442528823973e+00,-1.786283982422259831e-01,-4.979810447122926670e-02,5.840947806181536750e-01,-2.030901712371240009e-02,-4.892821642774447533e-01,-1.767766952966368654e-01
4.082271582216364658e-01,4.047385190264539689e-01,-4.977276807426366662e-02,-2.878929612425566442e-01,-9.198889835430558160e-01,-9.410240252748701684e-01,-4.966680157416004104e-01,-4.963069089824175273e-01,-6.623362709603883292e-02,5.575471080722594897e-01,-1.558859404124053771e+00,6.788889985410339056e-01,-1.093672880366226119e+00,4.488498808911660365e-02,1.888272549307201120e-01,6.427588701975132102e-01,4.323751863546776431e-01,1.093778706646534093e+00,2.913482987896490961e+00,-8.697276860124680820e-02,-4.872757218968044035e-01,1.879773786041834815e-01,-6.572383049396658405e-01,-2.317253645463143372e-02,4.885689282282582209e-03,9.838488006624800386e-01,-4.720741674399969168e-01,7.743313076941197304e-01,4.203190950774467471e-01,-2.828396964044327944e-01,-7.622329347767978769e-01,0.000000000000000000e+00,0.000000000000000000e+00,-2.392467030372219805e-01,1.213393822839661657e-01,-1.736090558870059808e-01,-1.134064267310537888e+00,-1.297367033250566459e+00,-8.356569962948936503e-01,-2.489988027729138353e-01,-3.774647335768301359e-01,-4.668062001933125371e-01,-9.574075473606477593e-02,-7.167944361002790421e-01,-3.669621702617922865e-01,-4.602362970513234064e-01,-5.183686688943279358e-02,-5.183686688943279358e-02,1.418158377741196352e+00,-1.040941436780788015e-01,-2.030901712371240009e-02,-8.401389803667852485e-02,-3.271524934852403366e-01,-5.191945123345532709e-01,-7.103890521813077674e-01,-5.752567881263277033e-02,-3.801429606348526863e-02,-1.147078669352808861e-01,-1.711160802546210780e-01,-7.340709118518067011e-02,-7.197411700355742237e-02,-1.244624194945742751e-01,-7.051263942166730025e-02,-2.872721242393142319e-02,-2.030901712371240009e-02,-2.019004323808653023e-01,-1.435916317235476011e-02,-1.435916317235476011e-02,-5.183686688943279358e-02,-3.801429606348527557e-02,-3.801429606348527557e-02,-1.558271304830920190e-01,-4.064318733121485144e-02,-8.148853797899899276e-02,-1.210011918676099085e-01,-5.569323991926412171e-02,-7.051263942166730025e-02,-4.979810447122927364e-02,-3.212131358814808435e-02,-2.030901712371240009e-02,-3.801429606348527557e-02,-6.749673070628271765e-02,-3.519076715388935045e-02,-1.435916317235476185e-02,2.837317947345407543e+00,-3.753330286669139260e-01,-2.907009498669055336e-01,-4.311306135592269523e-02,-3.519076715388935045e-02,-3.801429606348527557e-02,-1.435916317235476011e-02,-1.286658602907498339e-01,-4.767312946227962589e-02,5.913962991410492975e-01,-2.487592975524973576e-02,-4.967123990818995694e-01,-1.786283982422259831e-01,-4.979810447122926670e-02,5.840947806181536750e-01,-2.030901712371240009e-02,-4.892821642774447533e-01,-1.767766952966368654e-01
5.658665819347237225e-01,-5.537123258831522232e-01,-5.507016019503075954e-01,-1.284019034700219164e+00,-2.023431825368789405e-01,-9.768862889767194746e-01,-4.966680157416004104e-01,-4.963069089824175273e-01,-6.493539992246850634e-01,-6.302706439077716549e-01,-1.534735412707449731e+00,-5.527336881405341407e-01,2.278766276005819158e-01,4.905868268292366552e-01,2.800805936106286476e-01,6.427588701975132102e-01,-1.895668281666913063e-02,6.633221216768130091e-02,2.924539983589609649e-01,3.837033908878519084e-02,-6.362483984730694930e-02,1.879773786041834815e-01,7.827158017473496709e-01,9.638418723968501522e-01,5.625440118317706073e-01,-2.644978782475312235e-02,7.590053775099431244e-01,-1.520590181272440944e-01,-2.334419333417218634e-01,6.646826088871474747e-01,-4.805784352658213909e-01,0.000000000000000000e+00,0.000000000000000000e+00,-2.392467030372219805e-01,-7.629130114959765674e-01,7.213723788716157603e-01,3.232536721142729719e-01,7.174923362331073751e-01,1.069559787497829983e+00,9.285145451032854602e-01,-3.774647335768301359e-01,-4.668062001933125371e-01,1.768226072921393000e+00,9.264805211409559149e-01,-3.669621702617922865e-01,1.739375798511208382e+00,-5.183686688943279358e-02,-5.183686688943279358e-02,1.418158377741196352e+00,-1.040941436780788015e-01,-2.030901712371240009e-02,-8.401389803667852485e-02,-3.271524934852403366e-01,-5.191945123345532709e-01,-7.103890521813077674e-01,-5.752567881263277033e-02,-3.801429606348526863e-02,-1.147078669352808861e-01,-1.711160802546210780e-01,-7.340709118518067011e-02,-7.197411700355742237e-02,-1.244624194945742751e-01,-7.051263942166730025e-02,-2.872721242393142319e-02,-2.030901712371240009e-02,-2.019004323808653023e-01,-1.435916317235476011e-02,-1.435916317235476011e-02,-5.183686688943279358e-02,-3.801429606348527557e-02,-3.801429606348527557e-02,-1.558271304830920190e-01,-4.064318733121485144e-02,-8.148853797899899276e-02,-1.210011918676099085e-01,-5.569323991926412171e-02,-7.051263942166730025e-02,-4.979810447122927364e-02,-3.212131358814808435e-02,-2.030901712371240009e-02,-3.801429606348527557e-02,-6.749673070628271765e-02,-3.519076715388935045e-02,-1.435916317235476185e-02,-3.524455202264515918e-01,2.664300564093018409e+00,-2.907009498669055336e-01,-4.311306135592269523e-02,-3.519076715388935045e-02,-3.801429606348527557e-02,-1.435916317235476011e-02,-1.286658602907498339e-01,-4.767312946227962589e-02,-1.690913523558418063e+00,-2.487592975524973576e-02,2.013237442528823973e+00,-1.786283982422259831e-01,-4.979810447122926670e-02,5.840947806181536750e-01,-2.030901712371240009e-02,-4.892821642774447533e-01,-1.767766952966368654e-01
-3.557827076284747481e-02,1.842414786390863091e+00,-5.507016019503075954e-01,7.082331122151057645e-01,-2.382204725871877871e-01,2.725709467506052044e-02,2.765069183305110201e+00,-4.963069089824175273e-01,1.683127489289899970e+00,5.575471080722594897e-01,8.414777418280475763e-01,-1.045382762813161337e+00,2.575729108801140185e-02,-7.683253843489967760e-01,-2.674394384688225657e-01,8.071898934976127205e-01,8.837070555260241322e-01,-1.204762413739283167e-01,-3.081984784100562647e-01,-3.376589839813107785e-01,-7.697096432631360674e-01,1.879773786041834815e-01,1.309471008258587255e-01,3.278066132611746832e-04,-4.598295795089574756e-01,-3.632159839871641482e-01,-8.078231342445260088e-01,1.283845986895869817e+00,2.850581926458944926e-01,-6.749371792907364609e-02,-7.622329347767978769e-01,0.000000000000000000e+00,0.000000000000000000e+00,-6.258508857266168457e-01,-1.352414607349271769e+00,-4.719362008065465242e-01,1.455195593617192085e+00,-1.080916623531497978e+00,-5.181208656627730447e-01,1.399519884253765056e+00,9.257960654133498002e-01,-4.668062001933125371e-01,-1.027724168564793761e+00,-1.253374013974976713e-02,-3.669621702617922865e-01,-4.602362970513234064e-01,-5.183686688943279358e-02,-5.183686688943279358e-02,-7.051398600435393460e-01,-1.040941436780788015e-01,-2.030901712371240009e-02,-8.401389803667852485e-02,-3.271524934852403366e-01,-5.191945123345532709e-01,1.407679351095596942e+00,-5.752567881263277033e-02,-3.801429606348526863e-02,-1.147078669352808861e-01,-1.711160802546210780e-01,-7.340709118518067011e-02,-7.197411700355742237e-02,-1.244624194945742751e-01,-7.051263942166730025e-02,-2.872721242393142319e-02,-2.030901712371240009e-02,-2.019004323808653023e-01,-1.435916317235476011e-02,-1.435916317235476011e-02,-5.183686688943279358e-02,-3.801429606348527557e-02,-3.801429606348527557e-02,-1.558271304830920190e-01,-4.064318733121485144e-02,-8.148853797899899276e-02,-1.210011918676099085e-01,-5.569323991926412171e-02,-7.051263942166730025e-02,-4.979810447122927364e-02,-3.212131358814808435e-02,-2.030901712371240009e-02,-3.801429606348527557e-02,-6.749673070628271765e-02,-3.519076715388935045e-02,-1.435916317235476185e-02,-3.524455202264515918e-01,-3.753330286669139260e-01,-2.907009498669055336e-01,-4.311306135592269523e-02,-3.519076715388935045e-02,-3.801429606348527557e-02,-1.435916317235476011e-02,-1.286658602907498339e-01,-4.767312946227962589e-02,5.913962991410492975e-01,-2.487592975524973576e-02,-4.967123990818995694e-01,-1.786283982422259831e-01,-4.979810447122926670e-02,5.840947806181536750e-01,-2.030901712371240009e-02,-4.892821642774447533e-01,-1.767766952966368654e-01
4.414753472733998763e-01,-5.537123258831522232e-01,-5.507016019503075954e-01,-1.284019034700219164e+00,-7.046252432412027922e-01,-8.692994978711715559e-01,-4.966680157416004104e-01,6.573034482162921632e-01,-6.493539992246850634e-01,-6.302706439077716549e-01,-3.104428483147951279e-01,1.910511685222601841e+00,-3.240646374914379901e-01,9.675659875862072656e-01,-8.493276110900550846e-02,5.605433585474633995e-01,-6.959544865736890795e-01,2.868459015291825676e+00,-1.150672082189976519e+00,7.486479493322998335e-01,2.619497413132843455e+00,-6.292804948981121915e-02,-1.422687593231185099e+00,-8.770183345880556702e-01,8.413731731065147157e-01,5.628910554594662718e-01,3.113400884372377608e-01,3.321904703702865946e-02,5.255220191908759331e-01,-7.135316533551511187e-01,2.617621059354920288e+00,0.000000000000000000e+00,0.000000000000000000e+00,1.307170027720357286e+00,2.774096563623794420e+00,1.616353813630237335e+00,-6.718601050311504563e-01,-1.038829043863901402e+00,1.281250541252576980e+00,-1.349613319767399566e-02,-3.774647335768301359e-01,1.696017942249628430e+00,3.010870624693031683e+00,1.395987651781308791e+00,-3.669621702617922865e-01,1.739375798511208382e+00,-5.183686688943279358e-02,-5.183686688943279358e-02,1.418158377741196352e+00,-1.040941436780788015e-01,-2.030901712371240009e-02,-8.401389803667852485e-02,-3.271524934852403366e-01,-5.191945123345532709e-01,-7.103890521813077674e-01,-5.752567881263277033e-02,-3.801429606348526863e-02,-1.147078669352808861e-01,-1.711160802546210780e-01,-7.340709118518067011e-02,-7.197411700355742237e-02,-1.244624194945742751e-01,-7.051263942166730025e-02,-2.872721242393142319e-02,-2.030901712371240009e-02,-2.019004323808653023e-01,-1.435916317235476011e-02,-1.435916317235476011e-02,-5.183686688943279358e-02,-3.801429606348527557e-02,-3.801429606348527557e-02,-1.558271304830920190e-01,-4.064318733121485144e-02,-8.148853797899899276e-02,-1.210011918676099085e-01,-5.569323991926412171e-02,-7.051263942166730025e-02,-4.979810447122927364e-02,-3.212131358814808435e-02,-2.030901712371240009e-02,-3.801429606348527557e-02,-6.749673070628271765e-02,-3.519076715388935045e-02,-1.435916317235476185e-02,2.837317947345407543e+00,-3.753330286669139260e-01,-2.907009498669055336e-01,-4.311306135592269523e-02,-3.519076715388935045e-02,-3.801429606348527557e-02,-1.435916317235476011e-02,-1.286658602907498339e-01,-4.767312946227962589e-02,5.913962991410492975e-01,-2.487592975524973576e-02,-4.967123990818995694e-01,-1.786283982422259831e-01,-4.979810447122926670e-02,5.840947806181536750e-01,-2.030901712371240009e-02,-4.892821642774447533e-01,-1.767766952966368654e-01
-6.643164129805230189e-01,-5.537123258831522232e-01,-5.507016019503075954e-01,1.704359185672768229e+00,2.281842980668271903e-01,2.178992916786017364e+00,-4.966680157416004104e-01,-4.963069089824175273e-01,-6.493539992246850634e-01,-6.302706439077716549e-01,-1.830254307560849281e+00,-7.990582254768477943e-01,-3.643327399277963147e-02,1.069217284140971280e+00,5.538406096503543097e-01,9.716209167977121197e-01,-4.702885519880157239e-01,1.514097727115155889e+00,-1.677862111134027778e-01,1.291801415989105140e+00,3.600260422021904771e-01,6.897882347921728829e-01,-2.404094845828982085e-01,1.065676692357717226e+00,-3.668865257507094579e-01,8.996572516218772630e-01,-4.720741674399969168e-01,2.184971122013014133e-01,-4.137898032504579993e-01,2.770598476315010439e-01,3.643850632671082335e-01,0.000000000000000000e+00,0.000000000000000000e+00,5.339616623415676111e-01,-4.681622135693289666e-01,7.213723788716157603e-01,2.977326864579763921e+00,1.390225554094532967e+00,-9.415023731722672595e-01,-9.555068114986333683e-01,-3.774647335768301359e-01,-4.668062001933125371e-01,1.354011222330846920e+00,4.569733905006030938e-01,-3.669621702617922865e-01,-4.602362970513234064e-01,-5.183686688943279358e-02,-5.183686688943279358e-02,1.418158377741196352e+00,-1.040941436780788015e-01,-2.030901712371240009e-02,-8.401389803667852485e-02,-3.271524934852403366e-01,-5.191945123345532709e-01,-7.103890521813077674e-01,-5.752567881263277033e-02,-3.801429606348526863e-02,-1.147078669352808861e-01,-1.711160802546210780e-01,-7.340709118518067011e-02,-7.197411700355742237e-02,-1.244624194945742751e-01,-7.051263942166730025e-02,-2.872721242393142319e-02,-2.030901712371240009e-02,-2.019004323808653023e-01,-1.435916317235476011e-02,-1.435916317235476011e-02,-5.183686688943279358e-02,-3.801429606348527557e-02,-3.801429606348527557e-02,-1.558271304830920190e-01,-4.064318733121485144e-02,-8.148853797899899276e-02,8.264381404557756383e+00,-5.569323991926412171e-02,-7.051263942166730025e-02,-4.979810447122927364e-02,-3.212131358814808435e-02,-2.030901712371240009e-02,-3.801429606348527557e-02,-6.749673070628271765e-02,-3.519076715388935045e-02,-1.435916317235476185e-02,-3.524455202264515918e-01,-3.753330286669139260e-01,-2.907009498669055336e-01,-4.311306135592269523e-02,-3.519076715388935045e-02,-3.801429606348527557e-02,-1.435916317235476011e-02,-1.286658602907498339e-01,-4.767312946227962589e-02,-1.690913523558418063e+00,-2.487592975524973576e-02,2.013237442528823973e+00,-1.786283982422259831e-01,-4.979810447122926670e-02,5.840947806181536750e-01,-2.030901712371240009e-02,-4.892821642774447533e-01,-1.767766952966368654e-01
1.239762712267481026e+00,-5.537123258831522232e-01,-5.507016019503075954e-01,7.082331122151057645e-01,7.304663587711509587e-01,1.707061494824576586e-01,-4.966680157416004104e-01,-4.963069089824175273e-01,5.168867450326074531e-01,1.151455984062275117e+00,8.414777418280475763e-01,-5.527336881405341407e-01,2.575729108801140185e-02,8.268180385103794938e-01,4.625872709704457186e-01,6.427588701975132102e-01,-6.959544865736890795e-01,-1.204762413739283167e-01,-8.308441400142659861e-01,1.124677272402395900e+00,-6.362483984730694930e-02,9.406936628861676253e-01,-8.618633622057156884e-01,-6.655152469770239110e-01,6.554870655900186804e-01,3.103164083376579452e-01,-1.363252006354677692e-01,2.184971122013014133e-01,9.989351777013084632e-01,6.216134131920756367e-01,-5.809668599935657873e-02,0.000000000000000000e+00,0.000000000000000000e+00,1.473574796521728292e-01,-1.734114156426813935e-01,1.019699523791156359e+00,1.248855968017313217e-01,1.301373997018495654e+00,-2.005847350306524668e-01,-1.349613319767399566e-02,-3.774647335768301359e-01,-4.668062001933125371e-01,4.220278085021179071e-01,-7.167944361002790421e-01,9.137094037957288473e-01,1.739375798511208382e+00,-5.183686688943279358e-02,-5.183686688943279358e-02,-7.051398600435393460e-01,-1.040941436780788015e-01,-2.030901712371240009e-02,-8.401389803667852485e-02,3.056678521220304923e+00,-5.191945123345532709e-01,-7.103890521813077674e-01,-5.752567881263277033e-02,-3.801429606348526863e-02,-1.147078669352808861e-01,-1.711160802546210780e-01,-7.340709118518067011e-02,-7.197411700355742237e-02,-1.244624194945742751e-01,-7.051263942166730025e-02,-2.872721242393142319e-02,-2.030901712371240009e-02,-2.019004323808653023e-01,-1.435916317235476011e-02,-1.435916317235476011e-02,-5.183686688943279358e-02,-3.801429606348527557e-02,-3.801429606348527557e-02,-1.558271304830920190e-01,-4.064318733121485144e-02,-8.148853797899899276e-02,-1.210011918676099085e-01,-5.569323991926412171e-02,-7.051263942166730025e-02,-4.979810447122927364e-02,-3.212131358814808435e-02,-2.030901712371240009e-02,-3.801429606348527557e-02,-6.749673070628271765e-02,-3.519076715388935045e-02,-1.435916317235476185e-02,-3.524455202264515918e-01,-3.753330286669139260e-01,-2.907009498669055336e-01,-4.311306135592269523e-02,-3.519076715388935045e-02,-3.801429606348527557e-02,-1.435916317235476011e-02,-1.286658602907498339e-01,-4.767312946227962589e-02,-1.690913523558418063e+00,-2.487592975524973576e-02,-4.967123990818995694e-01,5.598214000911362120e+00,-4.979810447122926670e-02,-1.712050908829709783e+00,-2.030901712371240009e-02,2.043810449286999731e+00,-1.767766952966368654e-01
7.455060511397739731e-01,-5.537123258831522232e-01,1.953942567429912014e+00,7.082331122151057645e-01,1.304502999576092614e+00,-1.161919601323366108e-01,-4.966680157416004104e-01,6.573034482162921632e-01,-6.493539992246850634e-01,1.151455984062275117e+00,8.414777418280475763e-01,-5.527336881405341407e-01,-5.106363327338107050e-01,1.621749456523063071e-01,6.450939483302627897e-01,-8.371203395033821604e-01,-4.702885519880157239e-01,-1.801752323248414722e+00,-1.236479578871264806e+00,-1.047936594224825324e+00,-6.362483984730694930e-02,6.897882347921728829e-01,1.389012267720830751e+00,-5.088462931910747722e-01,9.343162268647626778e-01,-1.036748376311986242e+00,-4.720741674399969168e-01,7.953856332809684793e-02,-2.303608511486300581e-02,9.230977830575785026e-01,-5.809668599935657873e-02,0.000000000000000000e+00,0.000000000000000000e+00,1.473574796521728292e-01,-1.734114156426813935e-01,4.230452339520751615e-01,1.531138487136184834e+00,1.716899141945922858e-01,-6.239662425401465429e-01,-2.489988027729138353e-01,-3.774647335768301359e-01,1.696017942249628430e+00,1.043350084387937082e+00,1.395987651781308791e+00,9.137094037957288473e-01,-4.602362970513234064e-01,-5.183686688943279358e-02,-5.183686688943279358e-02,-7.051398600435393460e-01,-1.040941436780788015e-01,-2.030901712371240009e-02,-8.401389803667852485e-02,3.056678521220304923e+00,-5.191945123345532709e-01,-7.103890521813077674e-01,-5.752567881263277033e-02,-3.801429606348526863e-02,-1.147078669352808861e-01,-1.711160802546210780e-01,-7.340709118518067011e-02,-7.197411700355742237e-02,-1.244624194945742751e-01,-7.051263942166730025e-02,-2.872721242393142319e-02,-2.030901712371240009e-02,-2.019004323808653023e-01,-1.435916317235476011e-02,-1.435916317235476011e-02,-5.183686688943279358e-02,-3.801429606348527557e-02,-3.801429606348527557e-02,-1.558271304830920190e-01,-4.064318733121485144e-02,-8.148853797899899276e-02,-1.210011918676099085e-01,-5.569323991926412171e-02,-7.051263942166730025e-02,-4.979810447122927364e-02,-3.212131358814808435e-02,-2.030901712371240009e-02,-3.801429606348527557e-02,-6.749673070628271765e-02,-3.519076715388935045e-02,-1.435916317235476185e-02,-3.524455202264515918e-01,-3.753330286669139260e-01,-2.907009498669055336e-01,-4.311306135592269523e-02,-3.519076715388935045e-02,-3.801429606348527557e-02,-1.435916317235476011e-02,-1.286658602907498339e-01,-4.767312946227962589e-02,5.913962991410492975e-01,-2.487592975524973576e-02,-4.967123990818995694e-01,-1.786283982422259831e-01,-4.979810447122926670e-02,5.840947806181536750e-01,-2.030901712371240009e-02,-4.892821642774447533e-01,-1.767766952966368654e-01
1.093206018238314758e+00,2.800865631300469172e+00,-5.507016019503075954e-01,7.082331122151057645e-01,-4.534842128890408386e-01,-7.258504430637744420e-01,5.905777172739697933e-01,-4.963069089824175273e-01,1.683127489289899970e+00,-6.302706439077716549e-01,8.414777418280475763e-01,1.862399238684066816e-01,-5.883745390847995305e-01,-9.403506554416743990e-01,-5.411994545085482278e-01,7.249743818475629098e-01,-3.574555846951790183e-01,4.399491192509005222e-01,6.824880741829981723e-01,2.890565544688492028e-01,-6.362483984730694930e-02,9.406936628861676253e-01,-4.980854826216272735e-01,1.334964173313181179e-01,4.696009580735226452e-01,4.786995064188634408e-01,-8.078231342445260088e-01,7.953856332809684793e-02,-5.189927273638874627e-01,3.201290433265728819e-01,-5.809668599935657873e-02,0.000000000000000000e+00,0.000000000000000000e+00,1.473574796521728292e-01,-1.734114156426813935e-01,-4.719362008065465242e-01,6.316080070060455798e-01,-6.286421563098643084e-01,1.169513956014681527e-01,6.930118755280455511e-01,-3.774647335768301359e-01,-4.668062001933125371e-01,1.354011222330846920e+00,9.264805211409559149e-01,2.194380977853250148e+00,-4.602362970513234064e-01,-5.183686688943279358e-02,-5.183686688943279358e-02,-7.051398600435393460e-01,-1.040941436780788015e-01,-2.030901712371240009e-02,-8.401389803667852485e-02,-3.271524934852403366e-01,-5.191945123345532709e-01,1.407679351095596942e+00,-5.752567881263277033e-02,-3.801429606348526863e-02,-1.147078669352808861e-01,-1.711160802546210780e-01,-7.340709118518067011e-02,-7.197411700355742237e-02,-1.244624194945742751e-01,-7.051263942166730025e-02,-2.872721242393142319e-02,-2.030901712371240009e-02,-2.019004323808653023e-01,-1.435916317235476011e-02,-1.435916317235476011e-02,-5.183686688943279358e-02,-3.801429606348527557e-02,-3.801429606348527557e-02,-1.558271304830920190e-01,-4.064318733121485144e-02,-8.148853797899899276e-02,-1.210011918676099085e-01,-5.569323991926412171e-02,-7.051263942166730025e-02,-4.979810447122927364e-02,-3.212131358814808435e-02,-2.030901712371240009e-02,-3.801429606348527557e-02,-6.749673070628271765e-02,-3.519076715388935045e-02,-1.435916317235476185e-02,-3.524455202264515918e-01,-3.753330286669139260e-01,-2.907009498669055336e-01,-4.311306135592269523e-02,-3.519076715388935045e-02,-3.801429606348527557e-02,-1.435916317235476011e-02,-1.286658602907498339e-01,-4.767312946227962589e-02,5.913962991410492975e-01,-2.487592975524973576e-02,-4.967123990818995694e-01,-1.786283982422259831e-01,-4.979810447122926670e-02,5.840947806181536750e-01,-2.030901712371240009e-02,-4.892821642774447533e-01,-1.767766952966368654e-01
1.012649460685037361e+00,-5.537123258831522232e-01,1.953942567429912014e+00,7.082331122151057645e-01,-3.099750526878054524e-01,1.707061494824576586e-01,-4.966680157416004104e-01,-4.963069089824175273e-01,-6.493539992246850634e-01,4.714909240002368662e+00,8.414777418280475763e-01,6.788889985410339056e-01,-3.007431755861411649e-01,6.156961148966384467e-01,1.010107303049897043e+00,1.494658002972147348e-01,9.965400228188608933e-01,3.465448924800957342e-01,-1.177258078378795071e-02,2.472755185721718374e-01,-6.362483984730694930e-02,-8.156443337717953490e-01,7.296648609746706482e-01,4.076670864567296659e-01,2.837148505570266099e-01,-1.106413368653558910e-01,-4.720741674399969168e-01,3.574556610745059926e-01,1.675239689859068903e+00,2.770598476315010439e-01,3.643850632671082335e-01,0.000000000000000000e+00,0.000000000000000000e+00,1.473574796521728292e-01,4.160901802106137248e-01,-4.719362008065465242e-01,1.046675200894334079e+00,4.188709376392074635e-01,5.403329031109622704e-01,2.106027892979484673e+00,-3.774647335768301359e-01,-4.668062001933125371e-01,7.812957911571764835e-03,2.222198251804266556e-01,-3.669621702617922865e-01,-4.602362970513234064e-01,-5.183686688943279358e-02,-5.183686688943279358e-02,-7.051398600435393460e-01,-1.040941436780788015e-01,-2.030901712371240009e-02,-8.401389803667852485e-02,-3.271524934852403366e-01,-5.191945123345532709e-01,1.407679351095596942e+00,-5.752567881263277033e-02,-3.801429606348526863e-02,-1.147078669352808861e-01,-1.711160802546210780e-01,-7.340709118518067011e-02,-7.197411700355742237e-02,-1.244624194945742751e-01,-7.051263942166730025e-02,-2.872721242393142319e-02,-2.030901712371240009e-02,-2.019004323808653023e-01,-1.435916317235476011e-02,-1.435916317235476011e-02,-5.183686688943279358e-02,-3.801429606348527557e-02,-3.801429606348527557e-02,-1.558271304830920190e-01,-4.064318733121485144e-02,-8.148853797899899276e-02,-1.210011918676099085e-01,-5.569323991926412171e-02,-7.051263942166730025e-02,-4.979810447122927364e-02,-3.212131358814808435e-02,-2.030901712371240009e-02,-3.801429606348527557e-02,-6.749673070628271765e-02,-3.519076715388935045e-02,-1.435916317235476185e-02,-3.524455202264515918e-01,-3.753330286669139260e-01,-2.907009498669055336e-01,-4.311306135592269523e-02,-3.519076715388935045e-02,-3.801429606348527557e-02,-1.435916317235476011e-02,-1.286658602907498339e-01,-4.767312946227962589e-02,5.913962991410492975e-01,-2.487592975524973576e-02,-4.967123990818995694e-01,-1.786283982422259831e-01,-4.979810447122926670e-02,-1.712050908829709783e+00,-2.030901712371240009e-02,2.043810449286999731e+00,-1.767766952966368654e-01
-1.478942924849736829e-01,-5.537123258831522232e-01,-4.977276807426366662e-02,7.082331122151057645e-01,1.448012159777327890e+00,1.354160851643483987e+00,-4.966680157416004104e-01,-4.963069089824175273e-01,-6.493539992246850634e-01,-3.636176791775609651e-02,8.414777418280475763e-01,-3.015979061503670344e+00,2.201028069654832053e-01,-1.896949270372621232e-01,-1.179972825267908032e+00,1.382698475047960951e+00,-5.831215192808524295e-01,-8.677100555403667315e-01,-1.080465948541649901e+00,5.397427698489131176e-01,-1.617011407362130893e+00,-1.317455189959784834e+00,1.290489092000140170e+00,-3.991780255409100309e-01,-8.316017945419494906e-01,-5.315990820683696993e-01,-1.363252006354677692e-01,-6.152541810379259513e-01,-1.552159053533232538e-02,-1.574915567256587767e+00,-1.607196433309727501e+00,0.000000000000000000e+00,0.000000000000000000e+00,-2.945475981862985648e+00,-3.120919394909157152e+00,-1.665244780484708809e+00,-5.507442834706877122e-01,1.083587473659185951e+00,-9.415023731722672595e-01,-7.200041419233935702e-01,-3.774647335768301359e-01,-4.668062001933125371e-01,-6.135093179742474589e-01,-2.472873054599261933e-01,-3.669621702617922865e-01,-4.602362970513234064e-01,-5.183686688943279358e-02,-5.183686688943279358e-02,-7.051398600435393460e-01,-1.040941436780788015e-01,-2.030901712371240009e-02,-8.401389803667852485e-02,-3.271524934852403366e-01,-5.191945123345532709e-01,1.407679351095596942e+00,-5.752567881263277033e-02,-3.801429606348526863e-02,-1.147078669352808861e-01,-1.711160802546210780e-01,-7.340709118518067011e-02,-7.197411700355742237e-02,-1.244624194945742751e-01,-7.051263942166730025e-02,-2.872721242393142319e-02,-2.030901712371240009e-02,-2.019004323808653023e-01,-1.435916317235476011e-02,-1.435916317235476011e-02,-5.183686688943279358e-02,-3.801429606348527557e-02,-3.801429606348527557e-02,-1.558271304830920190e-01,-4.064318733121485144e-02,-8.148853797899899276e-02,-1.210011918676099085e-01,-5.569323991926412171e-02,-7.051263942166730025e-02,-4.979810447122927364e-02,-3.212131358814808435e-02,-2.030901712371240009e-02,-3.801429606348527557e-02,-6.749673070628271765e-02,-3.519076715388935045e-02,-1.435916317235476185e-02,-3.524455202264515918e-01,-3.753330286669139260e-01,-2.907009498669055336e-01,-4.311306135592269523e-02,-3.519076715388935045e-02,-3.801429606348527557e-02,-1.435916317235476011e-02,-1.286658602907498339e-01,-4.767312946227962589e-02,5.913962991410492975e-01,-2.487592975524973576e-02,-4.967123990818995694e-01,-1.786283982422259831e-01,-4.979810447122926670e-02,-1.712050908829709783e+00,-2.030901712371240009e-02,-4.892821642774447533e-01,-1.767766952966368654e-01
-2.730757696887647218e-02,2.321640208845666020e+00,-5.507016019503075954e-01,7.082331122151057645e-01,7.304663587711509587e-01,1.892094807171223358e+00,5.905777172739697933e-01,-4.963069089824175273e-01,-6.623362709603883292e-02,-3.636176791775609651e-02,8.414777418280475763e-01,-5.527336881405341407e-01,9.352943053945796947e-01,5.453221403587249494e-01,-6.324527931884567078e-01,3.961123352473639447e-01,-4.702885519880157239e-01,-1.288029076008988305e+00,-7.450366433329778104e-01,-1.006155558328148070e+00,-7.697096432631360674e-01,1.879773786041834815e-01,1.495114149266189463e+00,9.795087677754447109e-01,-9.245448483001975637e-01,-3.632159839871641482e-01,-2.482415229036441240e-01,3.321904703702865946e-02,9.087612427469403675e-01,6.216134131920756367e-01,-7.622329347767978769e-01,0.000000000000000000e+00,0.000000000000000000e+00,-6.258508857266168457e-01,-4.681622135693289666e-01,1.247180890325345903e-01,-3.333904847783978886e-01,-1.780372114197746880e+00,2.227967724788416926e-01,-2.489988027729138353e-01,2.229056864403530014e+00,1.696017942249628430e+00,-4.064018926789744190e-01,-1.253374013974976713e-02,-3.669621702617922865e-01,1.739375798511208382e+00,-5.183686688943279358e-02,-5.183686688943279358e-02,-7.051398600435393460e-01,-1.040941436780788015e-01,-2.030901712371240009e-02,-8.401389803667852485e-02,3.056678521220304923e+00,-5.191945123345532709e-01,-7.103890521813077674e-01,-5.752567881263277033e-02,-3.801429606348526863e-02,-1.147078669352808861e-01,-1.711160802546210780e-01,-7.340709118518067011e-02,-7.197411700355742237e-02,-1.244624194945742751e-01,-7.051263942166730025e-02,-2.872721242393142319e-02,-2.030901712371240009e-02,-2.019004323808653023e-01,-1.435916317235476011e-02,-1.435916317235476011e-02,-5.183686688943279358e-02,-3.801429606348527557e-02,-3.801429606348527557e-02,-1.558271304830920190e-01,-4.064318733121485144e-02,-8.148853797899899276e-02,-1.210011918676099085e-01,-5.569323991926412171e-02,-7.051263942166730025e-02,-4.979810447122927364e-02,-3.212131358814808435e-02,-2.030901712371240009e-02,-3.801429606348527557e-02,-6.749673070628271765e-02,-3.519076715388935045e-02,-1.435916317235476185e-02,-3.524455202264515918e-01,-3.753330286669139260e-01,-2.907009498669055336e-01,-4.311306135592269523e-02,-3.519076715388935045e-02,-3.801429606348527557e-02,-1.435916317235476011e-02,-1.286658602907498339e-01,-4.767312946227962589e-02,5.913962991410492975e-01,-2.487592975524973576e-02,-4.967123990818995694e-01,-1.786283982422259831e-01,-4.979810447122926670e-02,5.840947806181536750e-01,-2.030901712371240009e-02,-4.892821642774447533e-01,-1.767766952966368654e-01
8.297017139623986681e-01,-5.537123258831522232e-01,2.454871401305955825e+00,7.082331122151057645e-01,-2.382204725871877871e-01,3.500174679917040788e-01,-4.966680157416004104e-01,6.573034482162921632e-01,-6.493539992246850634e-01,-3.636176791775609651e-02,8.414777418280475763e-01,1.910511685222601841e+00,-2.541002517755479029e-01,-1.128014587542777614e+00,9.188539643699884518e-01,-6.726893162032826501e-01,1.447871891990207383e+00,-1.054518509081976418e+00,-1.209821220145184534e-01,-9.225934865347934499e-01,3.600260422021904771e-01,6.897882347921728829e-01,-5.890299525176494466e-01,-7.125159331128088080e-01,-3.668865257507094579e-01,4.786995064188634408e-01,-2.482415229036441240e-01,3.321904703702865946e-02,2.850581926458944926e-01,1.181512957228009419e+00,-5.809668599935657873e-02,0.000000000000000000e+00,0.000000000000000000e+00,5.339616623415676111e-01,1.300342573990556527e+00,1.019699523791156359e+00,6.185144046751848146e-01,-8.631301001721883859e-01,8.578690337430828761e-01,2.106027892979484673e+00,-3.774647335768301359e-01,-4.668062001933125371e-01,1.768226072921393000e+00,1.161234086461132353e+00,-3.669621702617922865e-01,-4.602362970513234064e-01,-5.183686688943279358e-02,-5.183686688943279358e-02,-7.051398600435393460e-01,-1.040941436780788015e-01,-2.030901712371240009e-02,-8.401389803667852485e-02,-3.271524934852403366e-01,-5.191945123345532709e-01,1.407679351095596942e+00,-5.752567881263277033e-02,-3.801429606348526863e-02,-1.147078669352808861e-01,-1.711160802546210780e-01,-7.340709118518067011e-02,-7.197411700355742237e-02,-1.244624194945742751e-01,-7.051263942166730025e-02,-2.872721242393142319e-02,-2.030901712371240009e-02,-2.019004323808653023e-01,-1.435916317235476011e-02,-1.435916317235476011e-02,-5.183686688943279358e-02,-3.801429606348527557e-02,-3.801429606348527557e-02,-1.558271304830920190e-01,-4.064318733121485144e-02,-8.148853797899899276e-02,-1.210011918676099085e-01,-5.569323991926412171e-02,-7.051263942166730025e-02,-4.979810447122927364e-02,-3.212131358814808435e-02,-2.030901712371240009e-02,-3.801429606348527557e-02,-6.749673070628271765e-02,-3.519076715388935045e-02,-1.435916317235476185e-02,-3.524455202264515918e-01,-3.753330286669139260e-01,-2.907009498669055336e-01,-4.311306135592269523e-02,-3.519076715388935045e-02,-3.801429606348527557e-02,-1.435916317235476011e-02,-1.286658602907498339e-01,-4.767312946227962589e-02,5.913962991410492975e-01,-2.487592975524973576e-02,-4.967123990818995694e-01,-1.786283982422259831e-01,-4.979810447122926670e-02,-1.712050908829709783e+00,-2.030901712371240009e-02,2.043810449286999731e+00,-1.767766952966368654e-01
9.861832405443300420e-01,-5.537123258831522232e-01,-5.507016019503075954e-01,-1.284019034700219164e+00,6.228344886202245023e-01,-1.012748552678568670e+00,-4.966680157416004104e-01,-4.963069089824175273e-01,-6.493539992246850634e-01,-6.302706439077716549e-01,-7.523393200290572069e-02,1.910511685222601841e+00,3.911268609376581940e-01,1.084855945149396206e+00,4.625872709704457186e-01,-9.718073465293448898e-02,-8.087874538665257296e-01,-2.605825815301355264e-01,-1.287828035309991903e-01,-6.301262352580521142e-01,2.619497413132843455e+00,1.693409947168151630e+00,6.159842736046428069e-01,-6.185145608412391249e-01,4.696009580735226452e-01,-1.373514572474397344e+00,1.430503311119001530e+00,7.953856332809684793e-02,3.151161709640172282e-01,-1.105629136241454841e-01,2.589455609403823022e+00,0.000000000000000000e+00,0.000000000000000000e+00,1.307170027720357286e+00,1.005591776063908815e+00,1.318026668710696736e+00,1.298727045763405030e+00,2.578692439901473232e-01,-6.239662425401465429e-01,-1.191009481073873166e+00,-3.774647335768301359e-01,-4.668062001933125371e-01,7.812957911571764835e-03,9.264805211409559149e-01,-3.669621702617922865e-01,-4.602362970513234064e-01,-5.183686688943279358e-02,-5.183686688943279358e-02,1.418158377741196352e+00,-1.040941436780788015e-01,-2.030901712371240009e-02,-8.401389803667852485e-02,-3.271524934852403366e-01,-5.191945123345532709e-01,-7.103890521813077674e-01,-5.752567881263277033e-02,-3.801429606348526863e-02,-1.147078669352808861e-01,-1.711160802546210780e-01,-7.340709118518067011e-02,-7.197411700355742237e-02,-1.244624194945742751e-01,-7.051263942166730025e-02,-2.872721242393142319e-02,-2.030901712371240009e-02,-2.019004323808653023e-01,-1.435916317235476011e-02,-1.435916317235476011e-02,-5.183686688943279358e-02,-3.801429606348527557e-02,-3.801429606348527557e-02,-1.558271304830920190e-01,-4.064318733121485144e-02,-8.148853797899899276e-02,-1.210011918676099085e-01,-5.569323991926412171e-02,-7.051263942166730025e-02,-4.979810447122927364e-02,-3.212131358814808435e-02,-2.030901712371240009e-02,-3.801429606348527557e-02,-6.749673070628271765e-02,-3.519076715388935045e-02,-1.435916317235476185e-02,-3.524455202264515918e-01,2.664300564093018409e+00,-2.907009498669055336e-01,-4.311306135592269523e-02,-3.519076715388935045e-02,-3.801429606348527557e-02,-1.435916317235476011e-02,-1.286658602907498339e-01,-4.767312946227962589e-02,5.913962991410492975e-01,-2.487592975524973576e-02,-4.967123990818995694e-01,-1.786283982422259831e-01,-4.979810447122926670e-02,-1.712050908829709783e+00,-2.030901712371240009e-02,2.043810449286999731e+00,-1.767766952966368654e-01
9.421831495604043871e-01,4.047385190264539689e-01,-4.977276807426366662e-02,7.082331122151057645e-01,1.448012159777327890e+00,-2.955032786415830448e-01,-4.966680157416004104e-01,-4.963069089824175273e-01,-6.623362709603883292e-02,-3.636176791775609651e-02,8.414777418280475763e-01,-7.990582254768477943e-01,-1.256923113703302564e+00,4.749481658208113966e-01,1.010107303049897043e+00,1.136051940097811741e+00,-8.087874538665257296e-01,-4.006889216863427361e-01,-2.613943893111717598e-01,2.890565544688492028e-01,-1.052143564629467676e+00,-5.647389056778006067e-01,6.766139202019908483e-01,2.588315803600774179e-01,2.837148505570266099e-01,-1.948328859059586526e-01,6.470890552417668529e-01,-5.941998554510771746e-02,-6.241956514773168152e-01,4.924058261068601783e-01,-1.043887434287774418e+00,0.000000000000000000e+00,0.000000000000000000e+00,-1.012455068416011628e+00,-7.629130114959765674e-01,-7.702633457260871230e-01,9.542499155729444738e-02,-1.597992602304828091e+00,-8.356569962948936503e-01,-7.200041419233935702e-01,-3.774647335768301359e-01,-4.668062001933125371e-01,-5.099556053266109945e-01,-4.820408707801026038e-01,9.137094037957288473e-01,-4.602362970513234064e-01,-5.183686688943279358e-02,-5.183686688943279358e-02,-7.051398600435393460e-01,-1.040941436780788015e-01,-2.030901712371240009e-02,-8.401389803667852485e-02,-3.271524934852403366e-01,-5.191945123345532709e-01,1.407679351095596942e+00,-5.752567881263277033e-02,-3.801429606348526863e-02,-1.147078669352808861e-01,-1.711160802546210780e-01,-7.340709118518067011e-02,-7.197411700355742237e-02,-1.244624194945742751e-01,-7.051263942166730025e-02,-2.872721242393142319e-02,-2.030901712371240009e-02,-2.019004323808653023e-01,-1.435916317235476011e-02,-1.435916317235476011e-02,-5.183686688943279358e-02,-3.801429606348527557e-02,-3.801429606348527557e-02,-1.558271304830920190e-01,-4.064318733121485144e-02,-8.148853797899899276e-02,-1.210011918676099085e-01,-5.569323991926412171e-02,-7.051263942166730025e-02,-4.979810447122927364e-02,-3.212131358814808435e-02,-2.030901712371240009e-02,-3.801429606348527557e-02,-6.749673070628271765e-02,-3.519076715388935045e-02,-1.435916317235476185e-02,-3.524455202264515918e-01,-3.753330286669139260e-01,-2.907009498669055336e-01,-4.311306135592269523e-02,-3.519076715388935045e-02,-3.801429606348527557e-02,-1.435916317235476011e-02,-1.286658602907498339e-01,-4.767312946227962589e-02,-1.690913523558418063e+00,-2.487592975524973576e-02,-4.967123990818995694e-01,-1.786283982422259831e-01,-4.979810447122926670e-02,-1.712050908829709783e+00,-2.030901712371240009e-02,-4.892821642774447533e-01,5.656854249492379694e+00
1.124138413027766292e+00,-5.537123258831522232e-01,-4.977276807426366662e-02,-2.878929612425566442e-01,-5.611160830399674060e-01,1.461747642749031906e+00,5.905777172739697933e-01,-4.963069089824175273e-01,-6.493539992246850634e-01,-3.636176791775609651e-02,8.414777418280475763e-01,-3.064091508042205425e-01,6.462639426350562377e-02,8.346373690145919566e-01,9.757391625081156261e-02,3.138968235973142451e-01,3.195422190618408820e-01,-2.605825815301355264e-01,-4.408100641902288896e-01,4.561806980555584978e-01,-7.697096432631360674e-01,-1.066549761865789980e+00,-6.117660699916547262e-01,4.860015633497041243e-01,-1.810004182342134504e-01,1.320614996824891030e+00,-3.601578451718204787e-01,-2.446980507093804713e-01,6.532684270428975593e-01,3.631982390216446643e-01,-7.622329347767978769e-01,0.000000000000000000e+00,0.000000000000000000e+00,-6.258508857266168457e-01,1.213393822839661657e-01,-1.366917635565168210e+00,-1.242086486540139756e+00,1.412271429158512115e+00,-6.239662425401465429e-01,-1.191009481073873166e+00,-3.774647335768301359e-01,-4.668062001933125371e-01,4.220278085021179071e-01,-2.472873054599261933e-01,9.137094037957288473e-01,-4.602362970513234064e-01,-5.183686688943279358e-02,-5.183686688943279358e-02,1.418158377741196352e+00,-1.040941436780788015e-01,-2.030901712371240009e-02,-8.401389803667852485e-02,-3.271524934852403366e-01,-5.191945123345532709e-01,-7.103890521813077674e-01,-5.752567881263277033e-02,-3.801429606348526863e-02,-1.147078669352808861e-01,-1.711160802546210780e-01,-7.340709118518067011e-02,-7.197411700355742237e-02,-1.244624194945742751e-01,-7.051263942166730025e-02,-2.872721242393142319e-02,-2.030901712371240009e-02,-2.019004323808653023e-01,-1.435916317235476011e-02,-1.435916317235476011e-02,-5.183686688943279358e-02,-3.801429606348527557e-02,-3.801429606348527557e-02,-1.558271304830920190e-01,-4.064318733121485144e-02,-8.148853797899899276e-02,-1.210011918676099085e-01,-5.569323991926412171e-02,-7.051263942166730025e-02,-4.979810447122927364e-02,-3.212131358814808435e-02,-2.030901712371240009e-02,-3.801429606348527557e-02,-6.749673070628271765e-02,-3.519076715388935045e-02,-1.435916317235476185e-02,-3.524455202264515918e-01,-3.753330286669139260e-01,-2.907009498669055336e-01,-4.311306135592269523e-02,-3.519076715388935045e-02,-3.801429606348527557e-02,-1.435916317235476011e-02,-1.286658602907498339e-01,-4.767312946227962589e-02,-1.690913523558418063e+00,-2.487592975524973576e-02,-4.967123990818995694e-01,-1.786283982422259831e-01,-4.979810447122926670e-02,5.840947806181536750e-01,-2.030901712371240009e-02,-4.892821642774447533e-01,-1.767766952966368654e-01
-8.955650114599522649e-01,1.363189363936059939e+00,-5.507016019503075954e-01,7.082331122151057645e-01,4.031177043399564397e+00,9.596759509231419516e-01,1.677823450289539942e+00,-4.963069089824175273e-01,1.100007117161253767e+00,-6.302706439077716549e-01,8.414777418280475763e-01,-5.527336881405341407e-01,3.989006815727572652e-01,1.843331004058021083e+00,-2.674394384688225657e-01,5.605433585474633995e-01,3.195422190618408820e-01,-2.605825815301355264e-01,1.910451386447113709e-01,9.575531288156864385e-01,-4.872757218968044035e-01,-5.647389056778006067e-01,9.570260357147256647e-01,1.050009796979121779e+00,4.885689282282582209e-03,-1.106413368653558910e-01,-4.720741674399969168e-01,-1.171088376530744268e+00,-6.993405972726235431e-01,4.062674347167165023e-01,-7.622329347767978769e-01,0.000000000000000000e+00,0.000000000000000000e+00,-2.392467030372219805e-01,-1.734114156426813935e-01,4.230452339520751615e-01,1.184812705484915796e+00,-5.738614970599765774e-01,1.110601872409461635e-02,2.220065363775658440e-01,9.257960654133498002e-01,-4.668062001933125371e-01,3.184740958544813871e-01,-2.472873054599261933e-01,9.137094037957288473e-01,-4.602362970513234064e-01,-5.183686688943279358e-02,-5.183686688943279358e-02,-7.051398600435393460e-01,-1.040941436780788015e-01,-2.030901712371240009e-02,-8.401389803667852485e-02,-3.271524934852403366e-01,-5.191945123345532709e-01,1.407679351095596942e+00,-5.752567881263277033e-02,-3.801429606348526863e-02,-1.147078669352808861e-01,-1.711160802546210780e-01,-7.340709118518067011e-02,-7.197411700355742237e-02,-1.244624194945742751e-01,-7.051263942166730025e-02,-2.872721242393142319e-02,-2.030901712371240009e-02,-2.019004323808653023e-01,-1.435916317235476011e-02,-1.435916317235476011e-02,-5.183686688943279358e-02,-3.801429606348527557e-02,-3.801429606348527557e-02,-1.558271304830920190e-01,-4.064318733121485144e-02,-8.148853797899899276e-02,-1.210011918676099085e-01,-5.569323991926412171e-02,-7.051263942166730025e-02,-4.979810447122927364e-02,-3.212131358814808435e-02,-2.030901712371240009e-02,-3.801429606348527557e-02,-6.749673070628271765e-02,-3.519076715388935045e-02,-1.435916317235476185e-02,-3.524455202264515918e-01,-3.753330286669139260e-01,-2.907009498669055336e-01,-4.311306135592269523e-02,-3.519076715388935045e-02,-3.801429606348527557e-02,-1.435916317235476011e-02,-1.286658602907498339e-01,-4.767312946227962589e-02,-1.690913523558418063e+00,-2.487592975524973576e-02,2.013237442528823973e+00,-1.786283982422259831e-01,-4.979810447122926670e-02,-1.712050908829709783e+00,-2.030901712371240009e-02,2.043810449286999731e+00,-1.767766952966368654e-01
6.164832279538262627e-01,4.047385190264539689e-01,4.511560658017802483e-01,-2.878929612425566442e-01,-1.664658924865700940e-01,-7.617127067656237482e-01,-4.966680157416004104e-01,4.118134519812421956e+00,-6.493539992246850634e-01,-3.636176791775609651e-02,-1.311588492103862524e+00,-5.527336881405341407e-01,2.435829182714591319e-03,1.387169541396682249e-01,9.757391625081156261e-02,8.071898934976127205e-01,9.387628447616762351e-02,-4.006889216863427361e-01,-7.138339172670549182e-01,1.219324108821398522e-01,-4.872757218968044035e-01,-1.066549761865789980e+00,1.612619241245327739e-01,4.233339818353242801e-01,7.484301193482666426e-01,-2.644978782475312235e-02,1.206670666582648543e+00,-1.310046925403953073e-02,6.081814595657135669e-01,2.770598476315010439e-01,-4.805784352658213909e-01,0.000000000000000000e+00,0.000000000000000000e+00,-2.392467030372219805e-01,-1.057663809422624057e+00,-1.736090558870059808e-01,6.072694538051323643e-02,-1.732272023149064921e+00,7.520236568657093779e-01,4.575092059528056976e-01,-3.774647335768301359e-01,-4.668062001933125371e-01,-1.992944673837013236e-01,-1.253374013974976713e-02,-3.669621702617922865e-01,-4.602362970513234064e-01,-5.183686688943279358e-02,-5.183686688943279358e-02,1.418158377741196352e+00,-1.040941436780788015e-01,-2.030901712371240009e-02,-8.401389803667852485e-02,-3.271524934852403366e-01,-5.191945123345532709e-01,-7.103890521813077674e-01,-5.752567881263277033e-02,-3.801429606348526863e-02,-1.147078669352808861e-01,-1.711160802546210780e-01,-7.340709118518067011e-02,-7.197411700355742237e-02,-1.244624194945742751e-01,1.418185460368283479e+01,-2.872721242393142319e-02,-2.030901712371240009e-02,-2.019004323808653023e-01,-1.435916317235476011e-02,-1.435916317235476011e-02,-5.183686688943279358e-02,-3.801429606348527557e-02,-3.801429606348527557e-02,-1.558271304830920190e-01,-4.064318733121485144e-02,-8.148853797899899276e-02,-1.210011918676099085e-01,-5.569323991926412171e-02,-7.051263942166730025e-02,-4.979810447122927364e-02,-3.212131358814808435e-02,-2.030901712371240009e-02,-3.801429606348527557e-02,-6.749673070628271765e-02,-3.519076715388935045e-02,-1.435916317235476185e-02,-3.524455202264515918e-01,-3.753330286669139260e-01,-2.907009498669055336e-01,-4.311306135592269523e-02,-3.519076715388935045e-02,-3.801429606348527557e-02,-1.435916317235476011e-02,-1.286658602907498339e-01,-4.767312946227962589e-02,-1.690913523558418063e+00,-2.487592975524973576e-02,2.013237442528823973e+00,-1.786283982422259831e-01,-4.979810447122926670e-02,5.840947806181536750e-01,-2.030901712371240009e-02,-4.892821642774447533e-01,-1.767766952966368654e-01
-1.199393474613516947e-01,-5.537123258831522232e-01,-5.507016019503075954e-01,-1.284019034700219164e+00,-9.198889835430558160e-01,-5.106768608526787157e-01,-4.966680157416004104e-01,-4.963069089824175273e-01,-6.493539992246850634e-01,-6.302706439077716549e-01,-6.964267109804594957e-01,-1.045382762813161337e+00,-5.650530771795030383e-01,5.609608013671502080e-01,-8.493276110900550846e-02,8.894054051476624201e-01,2.067092517690042597e-01,3.465448924800957342e-01,2.222478647106343741e-01,8.015137498546251460e-02,-7.697096432631360674e-01,-5.647389056778006067e-01,7.145074493253336101e-01,-2.346756240656631687e-01,-9.245448483001975637e-01,2.261248592970551696e-01,-2.482415229036441240e-01,-3.373370832915168482e-01,-7.143695864316849109e-01,-1.536321093192173082e-01,-7.622329347767978769e-01,0.000000000000000000e+00,0.000000000000000000e+00,-6.258508857266168457e-01,-1.352414607349271769e+00,-4.719362008065465242e-01,-5.428881220721711864e-01,-3.340290986366878934e-01,-3.064301119080259928e-01,-2.489988027729138353e-01,-3.774647335768301359e-01,-4.668062001933125371e-01,1.768226072921393000e+00,2.335001913062014545e+00,-3.669621702617922865e-01,-4.602362970513234064e-01,-5.183686688943279358e-02,-5.183686688943279358e-02,1.418158377741196352e+00,-1.040941436780788015e-01,-2.030901712371240009e-02,-8.401389803667852485e-02,-3.271524934852403366e-01,-5.191945123345532709e-01,-7.103890521813077674e-01,-5.752567881263277033e-02,-3.801429606348526863e-02,-1.147078669352808861e-01,-1.711160802546210780e-01,-7.340709118518067011e-02,-7.197411700355742237e-02,-1.244624194945742751e-01,-7.051263942166730025e-02,-2.872721242393142319e-02,-2.030901712371240009e-02,-2.019004323808653023e-01,-1.435916317235476011e-02,-1.435916317235476011e-02,-5.183686688943279358e-02,-3.801429606348527557e-02,-3.801429606348527557e-02,-1.558271304830920190e-01,-4.064318733121485144e-02,-8.148853797899899276e-02,-1.210011918676099085e-01,-5.569323991926412171e-02,-7.051263942166730025e-02,-4.979810447122927364e-02,-3.212131358814808435e-02,-2.030901712371240009e-02,-3.801429606348527557e-02,-6.749673070628271765e-02,-3.519076715388935045e-02,-1.435916317235476185e-02,-3.524455202264515918e-01,2.664300564093018409e+00,-2.907009498669055336e-01,-4.311306135592269523e-02,-3.519076715388935045e-02,-3.801429606348527557e-02,-1.435916317235476011e-02,-1.286658602907498339e-01,-4.767312946227962589e-02,5.913962991410492975e-01,-2.487592975524973576e-02,-4.967123990818995694e-01,-1.786283982422259831e-01,-4.979810447122926670e-02,5.840947806181536750e-01,-2.030901712371240009e-02,-4.892821642774447533e-01,-1.767766952966368654e-01
7.895061421236996280e-01,-5.537123258831522232e-01,-4.977276807426366662e-02,-1.284019034700219164e+00,-1.027520853693982383e+00,-8.692994978711715559e-01,-4.966680157416004104e-01,6.573034482162921632e-01,-6.493539992246850634e-01,5.575471080722594897e-01,-8.126492985705660588e-02,-6.008461346790693741e-02,9.974848704753700446e-01,-1.425149146702857417e+00,-2.731279582826353192e+00,-1.083766874453531370e+00,-8.087874538665257296e-01,5.333533460217053657e-01,-6.124250575528051854e-01,-2.384929742918500128e+00,-4.872757218968044035e-01,-1.066549761865789980e+00,-5.435577175696383323e-01,-7.595166192485937051e-01,-1.810004182342134504e-01,6.470826045000689364e-01,8.709216997781196179e-01,1.721775959102332110e-01,1.675239689859068903e+00,2.339906519364291781e-01,-7.622329347767978769e-01,0.000000000000000000e+00,0.000000000000000000e+00,-2.392467030372219805e-01,4.160901802106137248e-01,-1.068590490645627611e+00,-1.279403253183093225e+00,-9.533177708884669199e-01,-9.415023731722672595e-01,-1.191009481073873166e+00,9.257960654133498002e-01,-4.668062001933125371e-01,6.291352337973910025e-01,-1.253374013974976713e-02,9.137094037957288473e-01,-4.602362970513234064e-01,-5.183686688943279358e-02,-5.183686688943279358e-02,-7.051398600435393460e-01,-1.040941436780788015e-01,-2.030901712371240009e-02,-8.401389803667852485e-02,-3.271524934852403366e-01,1.926060419058570616e+00,-7.103890521813077674e-01,-5.752567881263277033e-02,-3.801429606348526863e-02,-1.147078669352808861e-01,-1.711160802546210780e-01,-7.340709118518067011e-02,-7.197411700355742237e-02,-1.244624194945742751e-01,-7.051263942166730025e-02,-2.872721242393142319e-02,-2.030901712371240009e-02,4.952936396459016066e+00,-1.435916317235476011e-02,-1.435916317235476011e-02,-5.183686688943279358e-02,-3.801429606348527557e-02,-3.801429606348527557e-02,-1.558271304830920190e-01,-4.064318733121485144e-02,-8.148853797899899276e-02,-1.210011918676099085e-01,-5.569323991926412171e-02,-7.051263942166730025e-02,-4.979810447122927364e-02,-3.212131358814808435e-02,-2.030901712371240009e-02,-3.801429606348527557e-02,-6.749673070628271765e-02,-3.519076715388935045e-02,-1.435916317235476185e-02,-3.524455202264515918e-01,-3.753330286669139260e-01,-2.907009498669055336e-01,-4.311306135592269523e-02,-3.519076715388935045e-02,-3.801429606348527557e-02,-1.435916317235476011e-02,-1.286658602907498339e-01,-4.767312946227962589e-02,5.913962991410492975e-01,-2.487592975524973576e-02,-4.967123990818995694e-01,-1.786283982422259831e-01,-4.979810447122926670e-02,5.840947806181536750e-01,-2.030901712371240009e-02,-4.892821642774447533e-01,-1.767766952966368654e-01
-7.954153490984328112e-03,4.047385190264539689e-01,-4.977276807426366662e-02,7.082331122151057645e-01,3.358161682177537299e-01,8.162268961157447267e-01,1.677823450289539942e+00,-4.963069089824175273e-01,-6.623362709603883292e-02,1.151455984062275117e+00,5.278658534121953849e-01,4.325644612047202520e-01,6.632105831661188056e-01,5.788335568053597571e-03,-8.149594705482737789e-01,3.961123352473639447e-01,1.222205957404534304e+00,-1.204762413739283167e-01,-7.684386878824200906e-01,-7.972503788447614648e-01,-7.697096432631360674e-01,-8.156443337717953490e-01,4.492527454619358873e-01,3.136657141851599273e-01,-9.245448483001975637e-01,6.470826045000689364e-01,-2.482415229036441240e-01,-7.078932136200624115e-01,-5.941376731591940796e-01,1.478522605462855299e-01,-4.805784352658213909e-01,0.000000000000000000e+00,0.000000000000000000e+00,-2.392467030372219805e-01,7.108409781372613256e-01,-1.068590490645627611e+00,-1.339633823905052923e+00,4.041736875965546427e-01,3.286421493562152185e-01,9.285145451032854602e-01,-3.774647335768301359e-01,1.696017942249628430e+00,-4.064018926789744190e-01,4.569733905006030938e-01,-3.669621702617922865e-01,-4.602362970513234064e-01,-5.183686688943279358e-02,-5.183686688943279358e-02,-7.051398600435393460e-01,-1.040941436780788015e-01,-2.030901712371240009e-02,-8.401389803667852485e-02,-3.271524934852403366e-01,1.926060419058570616e+00,-7.103890521813077674e-01,-5.752567881263277033e-02,-3.801429606348526863e-02,-1.147078669352808861e-01,-1.711160802546210780e-01,-7.340709118518067011e-02,-7.197411700355742237e-02,-1.244624194945742751e-01,-7.051263942166730025e-02,-2.872721242393142319e-02,-2.030901712371240009e-02,-2.019004323808653023e-01,-1.435916317235476011e-02,-1.435916317235476011e-02,-5.183686688943279358e-02,-3.801429606348527557e-02,-3.801429606348527557e-02,-1.558271304830920190e-01,-4.064318733121485144e-02,-8.148853797899899276e-02,-1.210011918676099085e-01,-5.569323991926412171e-02,-7.051263942166730025e-02,-4.979810447122927364e-02,-3.212131358814808435e-02,-2.030901712371240009e-02,-3.801429606348527557e-02,-6.749673070628271765e-02,-3.519076715388935045e-02,-1.435916317235476185e-02,-3.524455202264515918e-01,-3.753330286669139260e-01,-2.907009498669055336e-01,-4.311306135592269523e-02,-3.519076715388935045e-02,-3.801429606348527557e-02,-1.435916317235476011e-02,7.772069434271623223e+00,-4.767312946227962589e-02,5.913962991410492975e-01,-2.487592975524973576e-02,-4.967123990818995694e-01,-1.786283982422259831e-01,-4.979810447122926670e-02,5.840947806181536750e-01,-2.030901712371240009e-02,-4.892821642774447533e-01,-1.767766952966368654e-01
-1.171144528675065910e+00,-5.537123258831522232e-01,-5.507016019503075954e-01,-1.284019034700219164e+00,-1.063398143744291202e+00,-1.012748552678568670e+00,-4.966680157416004104e-01,6.573034482162921632e-01,-6.623362709603883292e-02,-6.302706439077716549e-01,-8.170466680634796974e-01,-6.008461346790693741e-02,-8.760059025834578961e-01,-1.706645044854512072e+00,-8.149594705482737789e-01,-5.082582929031832508e-01,-8.087874538665257296e-01,2.868459015291825676e+00,-1.755868926298835286e-01,-2.384929742918500128e+00,-6.362483984730694930e-02,-6.292804948981121915e-02,-1.286270888387151867e+00,-1.049354183752600145e+00,5.625440118317706073e-01,5.774176121584963933e-02,-4.720741674399969168e-01,2.858709540792188086e+00,-9.773768967152584031e-01,-4.551164791847201463e-01,-5.809668599935657873e-02,0.000000000000000000e+00,0.000000000000000000e+00,1.473574796521728292e-01,-7.629130114959765674e-01,-4.719362008065465242e-01,-3.399372859438282712e-01,4.061778580569164188e-01,-1.047347750049640647e+00,9.285145451032854602e-01,-3.774647335768301359e-01,-4.668062001933125371e-01,5.255815211497544270e-01,3.274016174342720298e+00,-3.669621702617922865e-01,-4.602362970513234064e-01,-5.183686688943279358e-02,-5.183686688943279358e-02,-7.051398600435393460e-01,-1.040941436780788015e-01,-2.030901712371240009e-02,-8.401389803667852485e-02,-3.271524934852403366e-01,1.926060419058570616e+00,-7.103890521813077674e-01,-5.752567881263277033e-02,-3.801429606348526863e-02,-1.147078669352808861e-01,5.843986132174123327e+00,-7.340709118518067011e-02,-7.197411700355742237e-02,-1.244624194945742751e-01,-7.051263942166730025e-02,-2.872721242393142319e-02,-2.030901712371240009e-02,-2.019004323808653023e-01,-1.435916317235476011e-02,-1.435916317235476011e-02,-5.183686688943279358e-02,-3.801429606348527557e-02,-3.801429606348527557e-02,-1.558271304830920190e-01,-4.064318733121485144e-02,-8.148853797899899276e-02,-1.210011918676099085e-01,-5.569323991926412171e-02,-7.051263942166730025e-02,-4.979810447122927364e-02,-3.212131358814808435e-02,-2.030901712371240009e-02,-3.801429606348527557e-02,-6.749673070628271765e-02,-3.519076715388935045e-02,-1.435916317235476185e-02,-3.524455202264515918e-01,-3.753330286669139260e-01,-2.907009498669055336e-01,-4.311306135592269523e-02,-3.519076715388935045e-02,-3.801429606348527557e-02,-1.435916317235476011e-02,-1.286658602907498339e-01,-4.767312946227962589e-02,5.913962991410492975e-01,-2.487592975524973576e-02,-4.967123990818995694e-01,-1.786283982422259831e-01,-4.979810447122926670e-02,5.840947806181536750e-01,-2.030901712371240009e-02,-4.892821642774447533e-01,-1.767766952966368654e-01
-3.076840965844934161e-01,1.842414786390863091e+00,-4.977276807426366662e-02,7.082331122151057645e-01,-2.023431825368789405e-01,2.065684131843069371e-01,-4.966680157416004104e-01,6.573034482162921632e-01,5.168867450326074531e-01,-3.636176791775609651e-02,8.414777418280475763e-01,-3.064091508042205425e-01,-4.018028438424267601e-01,-8.152413673742724409e-01,-9.974661479080908499e-01,7.249743818475629098e-01,9.387628447616762351e-02,6.734596861779125199e-01,1.946198479852878416e+00,1.458925559575814379e+00,-4.872757218968044035e-01,-6.292804948981121915e-02,-3.616687777775943746e-01,-3.883943183322639131e-02,-7.386587407837015284e-01,3.103164083376579452e-01,8.750744390088503744e-02,6.816922751119832702e-01,1.419746874155026317e+00,4.062674347167165023e-01,-4.805784352658213909e-01,0.000000000000000000e+00,0.000000000000000000e+00,-2.392467030372219805e-01,-1.734114156426813935e-01,-7.702633457260871230e-01,2.537421908718898167e-02,-2.197913823960684354e-01,2.339704310026312406e+00,1.635022553829005076e+00,-3.774647335768301359e-01,-4.668062001933125371e-01,3.184740958544813871e-01,9.264805211409559149e-01,9.137094037957288473e-01,3.938987894073740392e+00,-5.183686688943279358e-02,-5.183686688943279358e-02,-7.051398600435393460e-01,-1.040941436780788015e-01,-2.030901712371240009e-02,-8.401389803667852485e-02,3.056678521220304923e+00,-5.191945123345532709e-01,-7.103890521813077674e-01,-5.752567881263277033e-02,-3.801429606348526863e-02,-1.147078669352808861e-01,-1.711160802546210780e-01,-7.340709118518067011e-02,-7.197411700355742237e-02,-1.244624194945742751e-01,-7.051263942166730025e-02,-2.872721242393142319e-02,-2.030901712371240009e-02,-2.019004323808653023e-01,-1.435916317235476011e-02,-1.435916317235476011e-02,-5.183686688943279358e-02,-3.801429606348527557e-02,-3.801429606348527557e-02,-1.558271304830920190e-01,-4.064318733121485144e-02,-8.148853797899899276e-02,-1.210011918676099085e-01,-5.569323991926412171e-02,-7.051263942166730025e-02,-4.979810447122927364e-02,-3.212131358814808435e-02,-2.030901712371240009e-02,-3.801429606348527557e-02,-6.749673070628271765e-02,-3.519076715388935045e-02,-1.435916317235476185e-02,-3.524455202264515918e-01,-3.753330286669139260e-01,-2.907009498669055336e-01,-4.311306135592269523e-02,-3.519076715388935045e-02,-3.801429606348527557e-02,-1.435916317235476011e-02,-1.286658602907498339e-01,-4.767312946227962589e-02,-1.690913523558418063e+00,-2.487592975524973576e-02,2.013237442528823973e+00,-1.786283982422259831e-01,-4.979810447122926670e-02,5.840947806181536750e-01,-2.030901712371240009e-02,-4.892821642774447533e-01,-1.767766952966368654e-01
-3.425864243950510479e-01,4.047385190264539689e-01,-4.977276807426366662e-02,-2.878929612425566442e-01,-9.916435636436735646e-01,-9.768862889767194746e-01,3.852314916320680460e+00,2.964524162613712210e+00,-6.623362709603883292e-02,-6.302706439077716549e-01,-6.723027195638554554e-01,4.325644612047202520e-01,-1.093672880366226119e+00,-1.221846553593329165e+00,-8.493276110900550846e-02,8.071898934976127205e-01,7.708740882331873712e-01,-8.677100555403667315e-01,-4.096073381243058864e-01,-1.632871096778307995e+00,-7.697096432631360674e-01,-1.066549761865789980e+00,-1.570437205115447210e-01,6.299538812764064744e-02,6.554870655900186804e-01,-1.626089219596205560e+00,6.019072524114232436e+00,-1.773242088314630704e+00,-1.202811734101178587e+00,-2.828396964044327944e-01,-1.043887434287774418e+00,0.000000000000000000e+00,0.000000000000000000e+00,-1.012455068416011628e+00,-4.681622135693289666e-01,-7.702633457260871230e-01,6.407735286376481376e-01,-7.315229066084338871e-01,3.286421493562152185e-01,9.285145451032854602e-01,-3.774647335768301359e-01,1.696017942249628430e+00,-1.131277881212430225e+00,-4.820408707801026038e-01,-3.669621702617922865e-01,-4.602362970513234064e-01,-5.183686688943279358e-02,-5.183686688943279358e-02,-7.051398600435393460e-01,-1.040941436780788015e-01,-2.030901712371240009e-02,-8.401389803667852485e-02,-3.271524934852403366e-01,1.926060419058570616e+00,-7.103890521813077674e-01,-5.752567881263277033e-02,-3.801429606348526863e-02,-1.147078669352808861e-01,-1.711160802546210780e-01,-7.340709118518067011e-02,-7.197411700355742237e-02,-1.244624194945742751e-01,-7.051263942166730025e-02,-2.872721242393142319e-02,-2.030901712371240009e-02,-2.019004323808653023e-01,-1.435916317235476011e-02,-1.435916317235476011e-02,-5.183686688943279358e-02,-3.801429606348527557e-02,-3.801429606348527557e-02,-1.558271304830920190e-01,-4.064318733121485144e-02,-8.148853797899899276e-02,-1.210011918676099085e-01,-5.569323991926412171e-02,-7.051263942166730025e-02,-4.979810447122927364e-02,-3.212131358814808435e-02,-2.030901712371240009e-02,-3.801429606348527557e-02,-6.749673070628271765e-02,-3.519076715388935045e-02,-1.435916317235476185e-02,-3.524455202264515918e-01,-3.753330286669139260e-01,3.439961240091715222e+00,-4.311306135592269523e-02,-3.519076715388935045e-02,-3.801429606348527557e-02,-1.435916317235476011e-02,-1.286658602907498339e-01,-4.767312946227962589e-02,5.913962991410492975e-01,-2.487592975524973576e-02,-4.967123990818995694e-01,-1.786283982422259831e-01,-4.979810447122926670e-02,-1.712050908829709783e+00,-2.030901712371240009e-02,-4.892821642774447533e-01,-1.767766952966368654e-01
6.979036817234308965e-02,-5.537123258831522232e-01,-4.977276807426366662e-02,7.082331122151057645e-01,-9.471131238595241475e-02,1.461747642749031906e+00,-4.966680157416004104e-01,-4.963069089824175273e-01,-6.493539992246850634e-01,3.527091488022337185e+00,8.414777418280475763e-01,-6.008461346790693741e-02,8.886513815839861552e-01,-4.868294861973419541e-01,-1.088719486587999441e+00,-5.082582929031832508e-01,-8.087874538665257296e-01,-1.801752323248414722e+00,-1.236479578871264806e+00,-4.630020916713427637e-01,-7.697096432631360674e-01,-5.647389056778006067e-01,-4.071410127256051004e-01,4.233339818353242801e-01,9.782874304053058856e-02,1.404806545865493916e+00,-4.720741674399969168e-01,4.037751773655741672e-01,2.772355898470546975e+00,7.938901959723629886e-01,-7.622329347767978769e-01,0.000000000000000000e+00,0.000000000000000000e+00,-6.258508857266168457e-01,-1.734114156426813935e-01,-1.068590490645627611e+00,-1.432598400454164977e+00,-5.518156219959974296e-01,-1.364883880681761363e+00,-7.200041419233935702e-01,-3.774647335768301359e-01,-4.668062001933125371e-01,-1.992944673837013236e-01,-7.167944361002790421e-01,9.137094037957288473e-01,-4.602362970513234064e-01,-5.183686688943279358e-02,-5.183686688943279358e-02,-7.051398600435393460e-01,-1.040941436780788015e-01,-2.030901712371240009e-02,-8.401389803667852485e-02,-3.271524934852403366e-01,-5.191945123345532709e-01,1.407679351095596942e+00,-5.752567881263277033e-02,-3.801429606348526863e-02,-1.147078669352808861e-01,-1.711160802546210780e-01,-7.340709118518067011e-02,-7.197411700355742237e-02,-1.244624194945742751e-01,-7.051263942166730025e-02,-2.872721242393142319e-02,-2.030901712371240009e-02,-2.019004323808653023e-01,-1.435916317235476011e-02,-1.435916317235476011e-02,-5.183686688943279358e-02,-3.801429606348527557e-02,-3.801429606348527557e-02,-1.558271304830920190e-01,-4.064318733121485144e-02,-8.148853797899899276e-02,-1.210011918676099085e-01,-5.569323991926412171e-02,-7.051263942166730025e-02,-4.979810447122927364e-02,-3.212131358814808435e-02,-2.030901712371240009e-02,-3.801429606348527557e-02,-6.749673070628271765e-02,-3.519076715388935045e-02,-1.435916317235476185e-02,-3.524455202264515918e-01,-3.753330286669139260e-01,-2.907009498669055336e-01,-4.311306135592269523e-02,-3.519076715388935045e-02,-3.801429606348527557e-02,-1.435916317235476011e-02,-1.286658602907498339e-01,-4.767312946227962589e-02,5.913962991410492975e-01,-2.487592975524973576e-02,-4.967123990818995694e-01,-1.786283982422259831e-01,-4.979810447122926670e-02,-1.712050908829709783e+00,-2.030901712371240009e-02,-4.892821642774447533e-01,-1.767766952966368654e-01
-1.424393172646458039e+00,-5.537123258831522232e-01,-5.507016019503075954e-01,-1.284019034700219164e+00,-3.099750526878054524e-01,-6.541259156600758295e-01,-4.966680157416004104e-01,-4.963069089824175273e-01,-6.493539992246850634e-01,-6.302706439077716549e-01,-6.180237388764964201e-01,-6.008461346790693741e-02,1.370628260960116140e+00,-6.353967657773818001e-01,-5.411994545085482278e-01,-6.726893162032826501e-01,-6.959544865736890795e-01,-5.407952618425498903e-01,-3.472018859924600465e-01,3.308375903655265127e-01,2.563010628859577089e+00,1.693409947168151630e+00,-1.797798379855501116e-01,4.546677725925142299e-01,7.484301193482666426e-01,8.154657025812744875e-01,-2.440887836729143182e-02,-1.773242088314630704e+00,-1.202811734101178587e+00,-6.749371792907364609e-02,2.617621059354920288e+00,0.000000000000000000e+00,0.000000000000000000e+00,1.307170027720357286e+00,4.160901802106137248e-01,1.318026668710696736e+00,1.600534579489747422e+00,1.131019507887747189e+00,5.403329031109622704e-01,1.635022553829005076e+00,-3.774647335768301359e-01,-4.668062001933125371e-01,-9.241704559171570743e-01,-4.820408707801026038e-01,-3.669621702617922865e-01,-4.602362970513234064e-01,-5.183686688943279358e-02,-5.183686688943279358e-02,1.418158377741196352e+00,-1.040941436780788015e-01,-2.030901712371240009e-02,-8.401389803667852485e-02,-3.271524934852403366e-01,-5.191945123345532709e-01,-7.103890521813077674e-01,-5.752567881263277033e-02,-3.801429606348526863e-02,-1.147078669352808861e-01,-1.711160802546210780e-01,-7.340709118518067011e-02,-7.197411700355742237e-02,-1.244624194945742751e-01,-7.051263942166730025e-02,-2.872721242393142319e-02,-2.030901712371240009e-02,-2.019004323808653023e-01,-1.435916317235476011e-02,-1.435916317235476011e-02,-5.183686688943279358e-02,-3.801429606348527557e-02,-3.801429606348527557e-02,-1.558271304830920190e-01,-4.064318733121485144e-02,-8.148853797899899276e-02,-1.210011918676099085e-01,-5.569323991926412171e-02,-7.051263942166730025e-02,-4.979810447122927364e-02,-3.212131358814808435e-02,-2.030901712371240009e-02,-3.801429606348527557e-02,-6.749673070628271765e-02,-3.519076715388935045e-02,-1.435916317235476185e-02,2.837317947345407543e+00,-3.753330286669139260e-01,-2.907009498669055336e-01,-4.311306135592269523e-02,-3.519076715388935045e-02,-3.801429606348527557e-02,-1.435916317235476011e-02,-1.286658602907498339e-01,-4.767312946227962589e-02,5.913962991410492975e-01,-2.487592975524973576e-02,-4.967123990818995694e-01,-1.786283982422259831e-01,-4.979810447122926670e-02,-1.712050908829709783e+00,-2.030901712371240009e-02,-4.892821642774447533e-01,5.656854249492379694e+00
8.596416254965737469e-01,-5.537123258831522232e-01,1.453013733553867981e+00,7.082331122151057645e-01,5.510799085196067537e-01,8.879514235194433391e-01,-4.966680157416004104e-01,-4.963069089824175273e-01,-6.493539992246850634e-01,2.933182612032321668e+00,8.414777418280475763e-01,6.788889985410339056e-01,-2.463264311404491924e-01,1.045759292628333226e+00,-3.586927771487311012e-01,8.894054051476624201e-01,-4.702885519880157239e-01,2.064385523238884967e-01,-4.174080196407866095e-01,2.472755185721718374e-01,3.600260422021904771e-01,9.406936628861676253e-01,5.856694503059687307e-01,5.643360402426789157e-01,4.885689282282582209e-03,5.628910554594662718e-01,-8.078231342445260088e-01,-1.983785344183122967e-01,1.051536639758023028e+00,1.482997327093512396e+00,9.276940622890612609e-01,0.000000000000000000e+00,0.000000000000000000e+00,9.205658450309623930e-01,7.108409781372613256e-01,7.213723788716157603e-01,-3.032751994174179289e-01,2.779109485937647506e-01,1.387095918129950478e+00,4.575092059528056976e-01,-3.774647335768301359e-01,-4.668062001933125371e-01,-6.135093179742474589e-01,-4.820408707801026038e-01,-3.669621702617922865e-01,-4.602362970513234064e-01,-5.183686688943279358e-02,-5.183686688943279358e-02,-7.051398600435393460e-01,-1.040941436780788015e-01,-2.030901712371240009e-02,-8.401389803667852485e-02,3.056678521220304923e+00,-5.191945123345532709e-01,-7.103890521813077674e-01,-5.752567881263277033e-02,-3.801429606348526863e-02,-1.147078669352808861e-01,-1.711160802546210780e-01,-7.340709118518067011e-02,-7.197411700355742237e-02,-1.244624194945742751e-01,-7.051263942166730025e-02,-2.872721242393142319e-02,-2.030901712371240009e-02,-2.019004323808653023e-01,-1.435916317235476011e-02,-1.435916317235476011e-02,-5.183686688943279358e-02,-3.801429606348527557e-02,-3.801429606348527557e-02,-1.558271304830920190e-01,-4.064318733121485144e-02,-8.148853797899899276e-02,-1.210011918676099085e-01,-5.569323991926412171e-02,-7.051263942166730025e-02,-4.979810447122927364e-02,-3.212131358814808435e-02,-2.030901712371240009e-02,-3.801429606348527557e-02,-6.749673070628271765e-02,-3.519076715388935045e-02,-1.435916317235476185e-02,-3.524455202264515918e-01,-3.753330286669139260e-01,-2.907009498669055336e-01,-4.311306135592269523e-02,-3.519076715388935045e-02,-3.801429606348527557e-02,-1.435916317235476011e-02,-1.286658602907498339e-01,-4.767312946227962589e-02,5.913962991410492975e-01,-2.487592975524973576e-02,-4.967123990818995694e-01,-1.786283982422259831e-01,-4.979810447122926670e-02,5.840947806181536750e-01,-2.030901712371240009e-02,-4.892821642774447533e-01,-1.767766952966368654e-01
-1.024587834645899864e+00,-5.537123258831522232e-01,-4.977276807426366662e-02,-1.284019034700219164e+00,-9.557662735933646347e-01,-4.030900697471309080e-01,-4.966680157416004104e-01,-4.963069089824175273e-01,-6.493539992246850634e-01,-3.636176791775609651e-02,4.132768941833259713e-01,-3.064091508042205425e-01,-1.530405835192626407e-01,-4.086361811552155499e-01,-2.674394384688225657e-01,4.783278468974136999e-01,-3.574555846951790183e-01,3.932470058654981004e-01,3.548594504908069713e-01,1.208239344195750409e+00,-6.362483984730694930e-02,6.897882347921728829e-01,-3.692474836022627271e-01,4.311674295246219479e-01,4.885689282282582209e-03,4.786995064188634408e-01,-8.078231342445260088e-01,3.111361447834378180e-01,-9.097464454994822480e-01,9.230977830575785026e-01,-5.809668599935657873e-02,0.000000000000000000e+00,0.000000000000000000e+00,1.473574796521728292e-01,-4.681622135693289666e-01,4.230452339520751615e-01,1.183387956363008975e-01,6.413338587393611068e-01,1.387095918129950478e+00,1.870525223404244874e+00,-3.774647335768301359e-01,-4.668062001933125371e-01,-4.064018926789744190e-01,-7.167944361002790421e-01,9.137094037957288473e-01,-4.602362970513234064e-01,-5.183686688943279358e-02,-5.183686688943279358e-02,1.418158377741196352e+00,-1.040941436780788015e-01,-2.030901712371240009e-02,-8.401389803667852485e-02,-3.271524934852403366e-01,-5.191945123345532709e-01,-7.103890521813077674e-01,-5.752567881263277033e-02,-3.801429606348526863e-02,-1.147078669352808861e-01,-1.711160802546210780e-01,-7.340709118518067011e-02,-7.197411700355742237e-02,-1.244624194945742751e-01,-7.051263942166730025e-02,-2.872721242393142319e-02,-2.030901712371240009e-02,-2.019004323808653023e-01,-1.435916317235476011e-02,-1.435916317235476011e-02,-5.183686688943279358e-02,-3.801429606348527557e-02,-3.801429606348527557e-02,6.417367738851512016e+00,-4.064318733121485144e-02,-8.148853797899899276e-02,-1.210011918676099085e-01,-5.569323991926412171e-02,-7.051263942166730025e-02,-4.979810447122927364e-02,-3.212131358814808435e-02,-2.030901712371240009e-02,-3.801429606348527557e-02,-6.749673070628271765e-02,-3.519076715388935045e-02,-1.435916317235476185e-02,-3.524455202264515918e-01,-3.753330286669139260e-01,-2.907009498669055336e-01,-4.311306135592269523e-02,-3.519076715388935045e-02,-3.801429606348527557e-02,-1.435916317235476011e-02,-1.286658602907498339e-01,-4.767312946227962589e-02,5.913962991410492975e-01,-2.487592975524973576e-02,-4.967123990818995694e-01,-1.786283982422259831e-01,-4.979810447122926670e-02,5.840947806181536750e-01,-2.030901712371240009e-02,-4.892821642774447533e-01,-1.767766952966368654e-01
8.232505728031013215e-01,-5.537123258831522232e-01,-5.507016019503075954e-01,7.082331122151057645e-01,1.448012159777327890e+00,1.348438857806083802e-01,-4.966680157416004104e-01,-4.963069089824175273e-01,-6.493539992246850634e-01,-3.636176791775609651e-02,8.414777418280475763e-01,-5.527336881405341407e-01,-4.484457676530196890e-01,1.108313936662034260e+00,-6.324527931884567078e-01,1.053836428447761930e+00,2.067092517690042597e-01,-1.054518509081976418e+00,-1.002459133376842448e+00,1.500706595472491856e+00,-7.697096432631360674e-01,-3.138334775838059199e-01,2.522063940205545585e-01,7.758391278537106750e-01,3.766579043152746276e-01,3.945079573782606652e-01,6.470890552417668529e-01,-1.520590181272440944e-01,1.276971477143943101e+00,1.478522605462855299e-01,-7.622329347767978769e-01,0.000000000000000000e+00,0.000000000000000000e+00,-6.258508857266168457e-01,-1.057663809422624057e+00,-1.068590490645627611e+00,-3.733259718875234223e-01,-8.116897250229035965e-01,-3.064301119080259928e-01,-9.555068114986333683e-01,-3.774647335768301359e-01,-4.668062001933125371e-01,-7.170630306218840344e-01,-1.186301566740631808e+00,-3.669621702617922865e-01,-4.602362970513234064e-01,-5.183686688943279358e-02,-5.183686688943279358e-02,-7.051398600435393460e-01,-1.040941436780788015e-01,-2.030901712371240009e-02,-8.401389803667852485e-02,-3.271524934852403366e-01,-5.191945123345532709e-01,1.407679351095596942e+00,-5.752567881263277033e-02,-3.801429606348526863e-02,-1.147078669352808861e-01,-1.711160802546210780e-01,-7.340709118518067011e-02,-7.197411700355742237e-02,-1.244624194945742751e-01,-7.051263942166730025e-02,-2.872721242393142319e-02,-2.030901712371240009e-02,-2.019004323808653023e-01,-1.435916317235476011e-02,-1.435916317235476011e-02,-5.183686688943279358e-02,-3.801429606348527557e-02,-3.801429606348527557e-02,-1.558271304830920190e-01,-4.064318733121485144e-02,-8.148853797899899276e-02,-1.210011918676099085e-01,-5.569323991926412171e-02,-7.051263942166730025e-02,-4.979810447122927364e-02,-3.212131358814808435e-02,-2.030901712371240009e-02,-3.801429606348527557e-02,-6.749673070628271765e-02,-3.519076715388935045e-02,-1.435916317235476185e-02,-3.524455202264515918e-01,-3.753330286669139260e-01,-2.907009498669055336e-01,-4.311306135592269523e-02,-3.519076715388935045e-02,-3.801429606348527557e-02,-1.435916317235476011e-02,-1.286658602907498339e-01,-4.767312946227962589e-02,-1.690913523558418063e+00,-2.487592975524973576e-02,2.013237442528823973e+00,-1.786283982422259831e-01,-4.979810447122926670e-02,5.840947806181536750e-01,-2.030901712371240009e-02,-4.892821642774447533e-01,-1.767766952966368654e-01
6.315358906588535159e-01,-5.537123258831522232e-01,1.453013733553867981e+00,7.082331122151057645e-01,-9.198889835430558160e-01,6.369155776064983066e-01,-4.966680157416004104e-01,2.964524162613712210e+00,-6.493539992246850634e-01,2.339273736042306151e+00,8.414777418280475763e-01,-3.064091508042205425e-01,1.423646006144944076e-01,-1.427789440119863196e-01,5.538406096503543097e-01,-5.082582929031832508e-01,-5.831215192808524295e-01,-8.677100555403667315e-01,-7.060332357505740841e-01,-5.883451993613747488e-01,-6.362483984730694930e-02,4.388828066981781961e-01,-4.677706593229531973e-01,-3.678442347837201365e-01,4.885689282282582209e-03,4.786995064188634408e-01,7.590053775099431244e-01,-2.910175670004486737e-01,6.457539324633667643e-01,1.864467346107001947e-02,9.276940622890612609e-01,0.000000000000000000e+00,0.000000000000000000e+00,5.339616623415676111e-01,1.213393822839661657e-01,4.230452339520751615e-01,2.041018909034393591e-01,-5.718573265996148569e-01,6.461782799883358797e-01,9.285145451032854602e-01,-3.774647335768301359e-01,-4.668062001933125371e-01,-8.206167432695206099e-01,-2.472873054599261933e-01,-3.669621702617922865e-01,1.739375798511208382e+00,-5.183686688943279358e-02,-5.183686688943279358e-02,-7.051398600435393460e-01,-1.040941436780788015e-01,-2.030901712371240009e-02,-8.401389803667852485e-02,-3.271524934852403366e-01,-5.191945123345532709e-01,1.407679351095596942e+00,-5.752567881263277033e-02,-3.801429606348526863e-02,-1.147078669352808861e-01,-1.711160802546210780e-01,-7.340709118518067011e-02,-7.197411700355742237e-02,-1.244624194945742751e-01,-7.051263942166730025e-02,-2.872721242393142319e-02,-2.030901712371240009e-02,-2.019004323808653023e-01,-1.435916317235476011e-02,-1.435916317235476011e-02,-5.183686688943279358e-02,-3.801429606348527557e-02,-3.801429606348527557e-02,-1.558271304830920190e-01,-4.064318733121485144e-02,-8.148853797899899276e-02,-1.210011918676099085e-01,-5.569323991926412171e-02,-7.051263942166730025e-02,-4.979810447122927364e-02,-3.212131358814808435e-02,-2.030901712371240009e-02,-3.801429606348527557e-02,-6.749673070628271765e-02,-3.519076715388935045e-02,-1.435916317235476185e-02,-3.524455202264515918e-01,-3.753330286669139260e-01,-2.907009498669055336e-01,-4.311306135592269523e-02,-3.519076715388935045e-02,-3.801429606348527557e-02,-1.435916317235476011e-02,-1.286658602907498339e-01,-4.767312946227962589e-02,5.913962991410492975e-01,-2.487592975524973576e-02,-4.967123990818995694e-01,-1.786283982422259831e-01,-4.979810447122926670e-02,-1.712050908829709783e+00,-2.030901712371240009e-02,2.043810449286999731e+00,-1.767766952966368654e-01
-4.347219532598879943e-01,1.363189363936059939e+00,-5.507016019503075954e-01,-2.878929612425566442e-01,1.878539640381033937e+00,-6.182636519582266343e-01,-4.966680157416004104e-01,-4.963069089824175273e-01,5.168867450326074531e-01,-6.302706439077716549e-01,-7.929226766468756571e-01,-1.045382762813161337e+00,-8.604582613132600866e-01,3.125701206748892513e+00,9.188539643699884518e-01,1.218267451747861330e+00,-4.702885519880157239e-01,7.668639129487173633e-01,-5.812223314868822932e-01,1.417144523679137125e+00,-7.697096432631360674e-01,-1.819266046147774096e+00,1.730054029830912832e+00,5.173353541068940187e-01,1.213145388139506675e+00,-6.999821801495752505e-01,-5.839904897081731328e-01,-7.542127299111305305e-01,-8.270870051246449473e-01,-1.015016023220653985e+00,-1.043887434287774418e+00,0.000000000000000000e+00,0.000000000000000000e+00,2.466982575788541521e+00,-7.629130114959765674e-01,-1.068590490645627611e+00,3.389659949113059678e-01,1.159077894332811720e+00,2.227967724788416926e-01,-1.191009481073873166e+00,-3.774647335768301359e-01,1.696017942249628430e+00,-1.027724168564793761e+00,-7.167944361002790421e-01,-3.669621702617922865e-01,-4.602362970513234064e-01,-5.183686688943279358e-02,-5.183686688943279358e-02,1.418158377741196352e+00,-1.040941436780788015e-01,-2.030901712371240009e-02,-8.401389803667852485e-02,-3.271524934852403366e-01,-5.191945123345532709e-01,-7.103890521813077674e-01,-5.752567881263277033e-02,-3.801429606348526863e-02,-1.147078669352808861e-01,-1.711160802546210780e-01,-7.340709118518067011e-02,-7.197411700355742237e-02,-1.244624194945742751e-01,-7.051263942166730025e-02,-2.872721242393142319e-02,-2.030901712371240009e-02,-2.019004323808653023e-01,-1.435916317235476011e-02,-1.435916317235476011e-02,-5.183686688943279358e-02,-3.801429606348527557e-02,-3.801429606348527557e-02,-1.558271304830920190e-01,-4.064318733121485144e-02,-8.148853797899899276e-02,-1.210011918676099085e-01,-5.569323991926412171e-02,-7.051263942166730025e-02,-4.979810447122927364e-02,-3.212131358814808435e-02,-2.030901712371240009e-02,-3.801429606348527557e-02,-6.749673070628271765e-02,-3.519076715388935045e-02,-1.435916317235476185e-02,-3.524455202264515918e-01,2.664300564093018409e+00,-2.907009498669055336e-01,-4.311306135592269523e-02,-3.519076715388935045e-02,-3.801429606348527557e-02,-1.435916317235476011e-02,-1.286658602907498339e-01,-4.767312946227962589e-02,5.913962991410492975e-01,-2.487592975524973576e-02,-4.967123990818995694e-01,-1.786283982422259831e-01,-4.979810447122926670e-02,5.840947806181536750e-01,-2.030901712371240009e-02,-4.892821642774447533e-01,-1.767766952966368654e-01
6.363328930593566968e-01,-7.448690342834912714e-02,-5.507016019503075954e-01,-1.284019034700219164e+00,-2.740977626374966336e-01,-1.048610816380417976e+00,-4.966680157416004104e-01,-4.963069089824175273e-01,5.168867450326074531e-01,-6.302706439077716549e-01,5.942068298078561073e-01,4.325644612047202520e-01,-1.132541983541720532e+00,-3.148042151046642756e-01,1.010107303049897043e+00,5.605433585474633995e-01,-3.574555846951790183e-01,1.233885046802741359e+00,-2.925971153770947630e-01,7.486479493322998335e-01,3.600260422021904771e-01,4.388828066981781961e-01,-3.616687777775943746e-01,7.445053370965207806e-01,7.484301193482666426e-01,1.068040349703082814e+00,-2.440887836729143182e-02,4.037751773655741672e-01,-4.288187924095193670e-01,5.785442174970039098e-01,9.276940622890612609e-01,0.000000000000000000e+00,0.000000000000000000e+00,9.205658450309623930e-01,7.108409781372613256e-01,1.019699523791156359e+00,2.106486920688697972e-01,-8.698106683733942690e-01,6.461782799883358797e-01,2.220065363775658440e-01,-3.774647335768301359e-01,-4.668062001933125371e-01,-1.992944673837013236e-01,-9.515480014204554804e-01,-3.669621702617922865e-01,3.938987894073740392e+00,-5.183686688943279358e-02,-5.183686688943279358e-02,1.418158377741196352e+00,-1.040941436780788015e-01,-2.030901712371240009e-02,-8.401389803667852485e-02,-3.271524934852403366e-01,-5.191945123345532709e-01,-7.103890521813077674e-01,-5.752567881263277033e-02,-3.801429606348526863e-02,-1.147078669352808861e-01,-1.711160802546210780e-01,-7.340709118518067011e-02,-7.197411700355742237e-02,-1.244624194945742751e-01,-7.051263942166730025e-02,-2.872721242393142319e-02,-2.030901712371240009e-02,-2.019004323808653023e-01,-1.435916317235476011e-02,-1.435916317235476011e-02,-5.183686688943279358e-02,-3.801429606348527557e-02,-3.801429606348527557e-02,-1.558271304830920190e-01,-4.064318733121485144e-02,-8.148853797899899276e-02,-1.210011918676099085e-01,-5.569323991926412171e-02,-7.051263942166730025e-02,-4.979810447122927364e-02,-3.212131358814808435e-02,-2.030901712371240009e-02,-3.801429606348527557e-02,-6.749673070628271765e-02,-3.519076715388935045e-02,-1.435916317235476185e-02,2.837317947345407543e+00,-3.753330286669139260e-01,-2.907009498669055336e-01,-4.311306135592269523e-02,-3.519076715388935045e-02,-3.801429606348527557e-02,-1.435916317235476011e-02,-1.286658602907498339e-01,-4.767312946227962589e-02,-1.690913523558418063e+00,-2.487592975524973576e-02,2.013237442528823973e+00,-1.786283982422259831e-01,-4.979810447122926670e-02,5.840947806181536750e-01,-2.030901712371240009e-02,-4.892821642774447533e-01,-1.767766952966368654e-01
6.929044386101183006e-01,-7.448690342834912714e-02,-5.507016019503075954e-01,-1.284019034700219164e+00,-8.481344034424381784e-01,-8.692994978711715559e-01,-4.966680157416004104e-01,-4.963069089824175273e-01,5.168867450326074531e-01,-6.302706439077716549e-01,2.745639435378525173e-01,-1.538031837485788644e+00,-7.516247724218757531e-01,-4.868294861973419541e-01,1.888272549307201120e-01,-5.904738045532329505e-01,-2.446226174023423960e-01,1.187182933417338937e+00,2.406438689325242297e+00,3.726186262622038226e-01,-1.052143564629467676e+00,-2.571982330429758434e+00,-1.039927797388649905e-01,-1.072854526820492538e+00,7.484301193482666426e-01,-2.215430062880424877e+00,-8.078231342445260088e-01,-1.773242088314630704e+00,-1.202811734101178587e+00,-1.574915567256587767e+00,-1.043887434287774418e+00,0.000000000000000000e+00,0.000000000000000000e+00,-2.172267616484195862e+00,-1.352414607349271769e+00,-1.665244780484708809e+00,6.682700935324559222e-01,-1.575946727240848944e+00,-7.298116194175201521e-01,-4.845014723481537167e-01,-3.774647335768301359e-01,-4.668062001933125371e-01,-8.206167432695206099e-01,-2.472873054599261933e-01,9.137094037957288473e-01,-4.602362970513234064e-01,-5.183686688943279358e-02,-5.183686688943279358e-02,1.418158377741196352e+00,-1.040941436780788015e-01,-2.030901712371240009e-02,-8.401389803667852485e-02,-3.271524934852403366e-01,-5.191945123345532709e-01,-7.103890521813077674e-01,-5.752567881263277033e-02,-3.801429606348526863e-02,-1.147078669352808861e-01,-1.711160802546210780e-01,-7.340709118518067011e-02,-7.197411700355742237e-02,-1.244624194945742751e-01,-7.051263942166730025e-02,-2.872721242393142319e-02,-2.030901712371240009e-02,-2.019004323808653023e-01,-1.435916317235476011e-02,-1.435916317235476011e-02,-5.183686688943279358e-02,-3.801429606348527557e-02,-3.801429606348527557e-02,-1.558271304830920190e-01,-4.064318733121485144e-02,-8.148853797899899276e-02,-1.210011918676099085e-01,-5.569323991926412171e-02,-7.051263942166730025e-02,-4.979810447122927364e-02,-3.212131358814808435e-02,-2.030901712371240009e-02,-3.801429606348527557e-02,-6.749673070628271765e-02,-3.519076715388935045e-02,-1.435916317235476185e-02,-3.524455202264515918e-01,2.664300564093018409e+00,-2.907009498669055336e-01,-4.311306135592269523e-02,-3.519076715388935045e-02,-3.801429606348527557e-02,-1.435916317235476011e-02,-1.286658602907498339e-01,-4.767312946227962589e-02,5.913962991410492975e-01,-2.487592975524973576e-02,-4.967123990818995694e-01,-1.786283982422259831e-01,-4.979810447122926670e-02,5.840947806181536750e-01,-2.030901712371240009e-02,-4.892821642774447533e-01,-1.767766952966368654e-01
5.177311440538124865e-01,-5.537123258831522232e-01,-4.977276807426366662e-02,-1.284019034700219164e+00,-1.135152723844908840e+00,-8.334372341693222497e-01,-4.966680157416004104e-01,1.810913805415002020e+00,-6.493539992246850634e-01,-3.636176791775609651e-02,-2.501328697732849715e-01,-6.008461346790693741e-02,-4.795410501934151970e-01,-2.340010815695734880e+00,-3.826319646985255396e+00,-2.234784037554227609e+00,-8.087874538665257296e-01,-1.801752323248414722e+00,-1.236479578871264806e+00,-2.384929742918500128e+00,1.348544766984351106e+00,6.897882347921728829e-01,-1.134696771893781708e+00,-9.367356565830856074e-02,1.399031495656002821e+00,3.945079573782606652e-01,-2.482415229036441240e-01,3.574556610745059926e-01,8.862177590083482048e-01,6.171386915614185398e-02,9.276940622890612609e-01,0.000000000000000000e+00,0.000000000000000000e+00,1.307170027720357286e+00,-4.681622135693289666e-01,7.213723788716157603e-01,2.921024374557062320e+00,4.245500403289898195e+00,-1.894110765068629076e+00,-1.426512150649113186e+00,-3.774647335768301359e-01,-4.668062001933125371e-01,1.113666705592083056e-01,9.264805211409559149e-01,-3.669621702617922865e-01,-4.602362970513234064e-01,-5.183686688943279358e-02,-5.183686688943279358e-02,-7.051398600435393460e-01,-1.040941436780788015e-01,-2.030901712371240009e-02,-8.401389803667852485e-02,-3.271524934852403366e-01,1.926060419058570616e+00,-7.103890521813077674e-01,-5.752567881263277033e-02,-3.801429606348526863e-02,8.717797887081346175e+00,-1.711160802546210780e-01,-7.340709118518067011e-02,-7.197411700355742237e-02,-1.244624194945742751e-01,-7.051263942166730025e-02,-2.872721242393142319e-02,-2.030901712371240009e-02,-2.019004323808653023e-01,-1.435916317235476011e-02,-1.435916317235476011e-02,-5.183686688943279358e-02,-3.801429606348527557e-02,-3.801429606348527557e-02,-1.558271304830920190e-01,-4.064318733121485144e-02,-8.148853797899899276e-02,-1.210011918676099085e-01,-5.569323991926412171e-02,-7.051263942166730025e-02,-4.979810447122927364e-02,-3.212131358814808435e-02,-2.030901712371240009e-02,-3.801429606348527557e-02,-6.749673070628271765e-02,-3.519076715388935045e-02,-1.435916317235476185e-02,-3.524455202264515918e-01,-3.753330286669139260e-01,-2.907009498669055336e-01,-4.311306135592269523e-02,-3.519076715388935045e-02,-3.801429606348527557e-02,-1.435916317235476011e-02,-1.286658602907498339e-01,-4.767312946227962589e-02,5.913962991410492975e-01,-2.487592975524973576e-02,-4.967123990818995694e-01,-1.786283982422259831e-01,-4.979810447122926670e-02,5.840947806181536750e-01,-2.030901712371240009e-02,-4.892821642774447533e-01,-1.767766952966368654e-01
1.653793643593669316e+00,8.839639414812570095e-01,-4.977276807426366662e-02,7.082331122151057645e-01,8.467513786559180411e-02,1.031400478326840453e+00,-4.966680157416004104e-01,6.573034482162921632e-01,2.849368233547192375e+00,-6.302706439077716549e-01,8.414777418280475763e-01,1.862399238684066816e-01,1.533878494297192585e+00,9.597466570819941367e-01,-9.062128092281823699e-01,-3.438272696030836850e-01,-2.446226174023423960e-01,1.963009878227889651e-02,9.555119272598242564e-01,5.815238057455904830e-01,-7.697096432631360674e-01,-3.138334775838059199e-01,-3.237752486542516683e-01,9.873422154647427673e-01,4.885689282282582209e-03,1.573189643946699467e+00,9.828380220462961114e-01,2.858709540792188086e+00,-1.029978358771973079e+00,-2.442452223400181505e-02,-7.622329347767978769e-01,0.000000000000000000e+00,0.000000000000000000e+00,-6.258508857266168457e-01,1.213393822839661657e-01,-7.702633457260871230e-01,-1.801837986184440465e+00,-6.814186450993902078e-01,-4.122754887853995465e-01,-1.349613319767399566e-02,-3.774647335768301359e-01,1.696017942249628430e+00,3.184740958544813871e-01,-1.253374013974976713e-02,-3.669621702617922865e-01,-4.602362970513234064e-01,-5.183686688943279358e-02,-5.183686688943279358e-02,-7.051398600435393460e-01,-1.040941436780788015e-01,-2.030901712371240009e-02,-8.401389803667852485e-02,-3.271524934852403366e-01,-5.191945123345532709e-01,1.407679351095596942e+00,-5.752567881263277033e-02,-3.801429606348526863e-02,-1.147078669352808861e-01,-1.711160802546210780e-01,-7.340709118518067011e-02,-7.197411700355742237e-02,-1.244624194945742751e-01,-7.051263942166730025e-02,-2.872721242393142319e-02,-2.030901712371240009e-02,-2.019004323808653023e-01,-1.435916317235476011e-02,-1.435916317235476011e-02,-5.183686688943279358e-02,-3.801429606348527557e-02,-3.801429606348527557e-02,-1.558271304830920190e-01,-4.064318733121485144e-02,-8.148853797899899276e-02,-1.210011918676099085e-01,-5.569323991926412171e-02,-7.051263942166730025e-02,-4.979810447122927364e-02,-3.212131358814808435e-02,-2.030901712371240009e-02,-3.801429606348527557e-02,-6.749673070628271765e-02,-3.519076715388935045e-02,-1.435916317235476185e-02,-3.524455202264515918e-01,-3.753330286669139260e-01,-2.907009498669055336e-01,-4.311306135592269523e-02,-3.519076715388935045e-02,-3.801429606348527557e-02,-1.435916317235476011e-02,-1.286658602907498339e-01,-4.767312946227962589e-02,5.913962991410492975e-01,-2.487592975524973576e-02,-4.967123990818995694e-01,-1.786283982422259831e-01,-4.979810447122926670e-02,-1.712050908829709783e+00,-2.030901712371240009e-02,2.043810449286999731e+00,-1.767766952966368654e-01
-3.394435607533420884e-01,-7.448690342834912714e-02,-5.507016019503075954e-01,7.082331122151057645e-01,-2.740977626374966336e-01,3.858797316935533850e-01,-4.966680157416004104e-01,-4.963069089824175273e-01,-6.623362709603883292e-02,-3.636176791775609651e-02,8.414777418280475763e-01,-3.064091508042205425e-01,8.342346371382938219e-01,-5.963001132563188200e-01,-2.674394384688225657e-01,3.961123352473639447e-01,-8.087874538665257296e-01,-1.007816395696573997e+00,-6.514284651352089117e-01,1.375363487782459870e+00,-6.362483984730694930e-02,1.879773786041834815e-01,-7.860763039590304979e-01,-9.866866022382203560e-01,-2.739434719924614403e-01,7.312741535406717119e-01,5.351727329735904704e-01,-3.373370832915168482e-01,-1.357535038078231948e-01,2.770598476315010439e-01,-5.809668599935657873e-02,0.000000000000000000e+00,0.000000000000000000e+00,1.473574796521728292e-01,1.213393822839661657e-01,1.247180890325345903e-01,4.600818164717686565e-01,8.684731775803588016e-01,-3.064301119080259928e-01,-4.845014723481537167e-01,9.257960654133498002e-01,-4.668062001933125371e-01,-3.028481800313378436e-01,2.222198251804266556e-01,-3.669621702617922865e-01,-4.602362970513234064e-01,-5.183686688943279358e-02,-5.183686688943279358e-02,-7.051398600435393460e-01,-1.040941436780788015e-01,-2.030901712371240009e-02,-8.401389803667852485e-02,-3.271524934852403366e-01,-5.191945123345532709e-01,1.407679351095596942e+00,-5.752567881263277033e-02,-3.801429606348526863e-02,-1.147078669352808861e-01,-1.711160802546210780e-01,-7.340709118518067011e-02,-7.197411700355742237e-02,-1.244624194945742751e-01,-7.051263942166730025e-02,-2.872721242393142319e-02,-2.030901712371240009e-02,-2.019004323808653023e-01,-1.435916317235476011e-02,-1.435916317235476011e-02,-5.183686688943279358e-02,-3.801429606348527557e-02,-3.801429606348527557e-02,-1.558271304830920190e-01,-4.064318733121485144e-02,-8.148853797899899276e-02,-1.210011918676099085e-01,-5.569323991926412171e-02,-7.051263942166730025e-02,-4.979810447122927364e-02,-3.212131358814808435e-02,-2.030901712371240009e-02,-3.801429606348527557e-02,-6.749673070628271765e-02,-3.519076715388935045e-02,-1.435916317235476185e-02,-3.524455202264515918e-01,-3.753330286669139260e-01,-2.907009498669055336e-01,-4.311306135592269523e-02,-3.519076715388935045e-02,-3.801429606348527557e-02,-1.435916317235476011e-02,-1.286658602907498339e-01,-4.767312946227962589e-02,5.913962991410492975e-01,-2.487592975524973576e-02,-4.967123990818995694e-01,-1.786283982422259831e-01,-4.979810447122926670e-02,5.840947806181536750e-01,-2.030901712371240009e-02,-4.892821642774447533e-01,-1.767766952966368654e-01
-1.199393474613516947e-01,4.047385190264539689e-01,-5.507016019503075954e-01,7.082331122151057645e-01,3.716934582680625487e-01,3.500174679917040788e-01,-4.966680157416004104e-01,6.573034482162921632e-01,2.266247861418546172e+00,-6.302706439077716549e-01,8.414777418280475763e-01,-1.538031837485788644e+00,2.978410133164720031e-01,2.951035642239209222e-01,-1.761860997889140579e-01,8.894054051476624201e-01,-1.895668281666913063e-02,2.998427790946933125e-01,7.994982969302092402e-01,8.015137498546251460e-02,-1.052143564629467676e+00,-8.156443337717953490e-01,-4.147197185502737860e-01,-1.119855212956277324e+00,-1.017487902058445526e+00,4.786995064188634408e-01,5.351727329735904704e-01,-1.217407892821812387e+00,-9.398044238176049836e-01,-9.288776318305103086e-01,-1.043887434287774418e+00,0.000000000000000000e+00,0.000000000000000000e+00,-1.012455068416011628e+00,-1.647165405275919259e+00,-1.366917635565168210e+00,-1.625189743606639814e-01,1.066217996336050966e+00,-3.064301119080259928e-01,1.164017214678525258e+00,-3.774647335768301359e-01,-4.668062001933125371e-01,1.768226072921393000e+00,1.865494782421661668e+00,9.137094037957288473e-01,-4.602362970513234064e-01,-5.183686688943279358e-02,-5.183686688943279358e-02,-7.051398600435393460e-01,-1.040941436780788015e-01,-2.030901712371240009e-02,-8.401389803667852485e-02,-3.271524934852403366e-01,-5.191945123345532709e-01,1.407679351095596942e+00,-5.752567881263277033e-02,-3.801429606348526863e-02,-1.147078669352808861e-01,-1.711160802546210780e-01,-7.340709118518067011e-02,-7.197411700355742237e-02,-1.244624194945742751e-01,-7.051263942166730025e-02,-2.872721242393142319e-02,-2.030901712371240009e-02,-2.019004323808653023e-01,-1.435916317235476011e-02,-1.435916317235476011e-02,-5.183686688943279358e-02,-3.801429606348527557e-02,-3.801429606348527557e-02,-1.558271304830920190e-01,-4.064318733121485144e-02,-8.148853797899899276e-02,-1.210011918676099085e-01,-5.569323991926412171e-02,-7.051263942166730025e-02,-4.979810447122927364e-02,-3.212131358814808435e-02,-2.030901712371240009e-02,-3.801429606348527557e-02,-6.749673070628271765e-02,-3.519076715388935045e-02,-1.435916317235476185e-02,-3.524455202264515918e-01,-3.753330286669139260e-01,-2.907009498669055336e-01,-4.311306135592269523e-02,-3.519076715388935045e-02,-3.801429606348527557e-02,-1.435916317235476011e-02,-1.286658602907498339e-01,-4.767312946227962589e-02,5.913962991410492975e-01,-2.487592975524973576e-02,-4.967123990818995694e-01,-1.786283982422259831e-01,-4.979810447122926670e-02,5.840947806181536750e-01,-2.030901712371240009e-02,-4.892821642774447533e-01,-1.767766952966368654e-01
3.036855886658429982e-01,-5.537123258831522232e-01,4.511560658017802483e-01,7.082331122151057645e-01,-2.382204725871877871e-01,-7.617127067656237482e-01,-4.966680157416004104e-01,1.810913805415002020e+00,-6.623362709603883292e-02,-3.636176791775609651e-02,8.414777418280475763e-01,-6.008461346790693741e-02,-1.777769096254926851e+00,-1.268762536618604830e+00,2.800805936106286476e-01,1.629345009998110161e+00,-8.087874538665257296e-01,-2.605825815301355264e-01,-8.977939594859545014e-02,-3.410696807892142027e-03,-4.872757218968044035e-01,-3.138334775838059199e-01,-9.452291262770691205e-01,-1.394025882081688872e+00,-7.386587407837015284e-01,-1.948328859059586526e-01,1.430503311119001530e+00,4.500946936566423418e-01,1.194312036769105800e+00,-1.967013050142891462e-01,-4.805784352658213909e-01,0.000000000000000000e+00,0.000000000000000000e+00,-2.392467030372219805e-01,-7.629130114959765674e-01,-4.719362008065465242e-01,2.633619803394667169e+00,1.309384481672368206e-01,8.578690337430828761e-01,-4.845014723481537167e-01,2.229056864403530014e+00,-4.668062001933125371e-01,-3.028481800313378436e-01,-7.167944361002790421e-01,-3.669621702617922865e-01,-4.602362970513234064e-01,-5.183686688943279358e-02,-5.183686688943279358e-02,-7.051398600435393460e-01,-1.040941436780788015e-01,-2.030901712371240009e-02,-8.401389803667852485e-02,3.056678521220304923e+00,-5.191945123345532709e-01,-7.103890521813077674e-01,-5.752567881263277033e-02,-3.801429606348526863e-02,-1.147078669352808861e-01,-1.711160802546210780e-01,-7.340709118518067011e-02,-7.197411700355742237e-02,-1.244624194945742751e-01,-7.051263942166730025e-02,-2.872721242393142319e-02,-2.030901712371240009e-02,-2.019004323808653023e-01,-1.435916317235476011e-02,-1.435916317235476011e-02,-5.183686688943279358e-02,-3.801429606348527557e-02,-3.801429606348527557e-02,-1.558271304830920190e-01,-4.064318733121485144e-02,-8.148853797899899276e-02,-1.210011918676099085e-01,-5.569323991926412171e-02,-7.051263942166730025e-02,-4.979810447122927364e-02,-3.212131358814808435e-02,-2.030901712371240009e-02,-3.801429606348527557e-02,-6.749673070628271765e-02,-3.519076715388935045e-02,-1.435916317235476185e-02,-3.524455202264515918e-01,-3.753330286669139260e-01,-2.907009498669055336e-01,-4.311306135592269523e-02,-3.519076715388935045e-02,-3.801429606348527557e-02,-1.435916317235476011e-02,-1.286658602907498339e-01,-4.767312946227962589e-02,-1.690913523558418063e+00,-2.487592975524973576e-02,2.013237442528823973e+00,-1.786283982422259831e-01,-4.979810447122926670e-02,-1.712050908829709783e+00,-2.030901712371240009e-02,2.043810449286999731e+00,-1.767766952966368654e-01
-1.474678990913801835e+00,1.842414786390863091e+00,-5.507016019503075954e-01,7.082331122151057645e-01,6.945890687208421399e-01,2.424306768861562156e-01,-4.966680157416004104e-01,6.573034482162921632e-01,1.100007117161253767e+00,1.151455984062275117e+00,8.414777418280475763e-01,-7.990582254768477943e-01,-3.862552025722290061e-01,3.185615557365586992e-01,4.625872709704457186e-01,-8.371203395033821604e-01,-8.087874538665257296e-01,1.700906180656765354e+00,1.103724876072958327e+00,5.397427698489131176e-01,-7.697096432631360674e-01,-6.292804948981121915e-02,-7.784975981343620344e-01,-8.926852299666506729e-01,5.625440118317706073e-01,3.945079573782606652e-01,8.709216997781196179e-01,-7.078932136200624115e-01,-7.563754717157776530e-02,-1.015016023220653985e+00,-7.622329347767978769e-01,0.000000000000000000e+00,0.000000000000000000e+00,-6.258508857266168457e-01,-1.057663809422624057e+00,-1.736090558870059808e-01,-5.959172115121575963e-01,-1.471729863302038144e+00,-9.415023731722672595e-01,-1.191009481073873166e+00,-3.774647335768301359e-01,-4.668062001933125371e-01,-7.170630306218840344e-01,-1.421055132060808246e+00,-3.669621702617922865e-01,-4.602362970513234064e-01,-5.183686688943279358e-02,-5.183686688943279358e-02,-7.051398600435393460e-01,9.606688375213465747e+00,-2.030901712371240009e-02,-8.401389803667852485e-02,-3.271524934852403366e-01,-5.191945123345532709e-01,-7.103890521813077674e-01,-5.752567881263277033e-02,-3.801429606348526863e-02,-1.147078669352808861e-01,-1.711160802546210780e-01,-7.340709118518067011e-02,-7.197411700355742237e-02,-1.244624194945742751e-01,-7.051263942166730025e-02,-2.872721242393142319e-02,-2.030901712371240009e-02,-2.019004323808653023e-01,-1.435916317235476011e-02,-1.435916317235476011e-02,-5.183686688943279358e-02,-3.801429606348527557e-02,-3.801429606348527557e-02,-1.558271304830920190e-01,-4.064318733121485144e-02,-8.148853797899899276e-02,-1.210011918676099085e-01,-5.569323991926412171e-02,-7.051263942166730025e-02,-4.979810447122927364e-02,-3.212131358814808435e-02,-2.030901712371240009e-02,-3.801429606348527557e-02,-6.749673070628271765e-02,-3.519076715388935045e-02,-1.435916317235476185e-02,-3.524455202264515918e-01,-3.753330286669139260e-01,-2.907009498669055336e-01,-4.311306135592269523e-02,-3.519076715388935045e-02,-3.801429606348527557e-02,-1.435916317235476011e-02,-1.286658602907498339e-01,-4.767312946227962589e-02,5.913962991410492975e-01,-2.487592975524973576e-02,-4.967123990818995694e-01,-1.786283982422259831e-01,-4.979810447122926670e-02,-1.712050908829709783e+00,-2.030901712371240009e-02,2.043810449286999731e+00,-1.767766952966368654e-01
-5.807455788244859918e-02,-7.448690342834912714e-02,-5.507016019503075954e-01,7.082331122151057645e-01,-2.023431825368789405e-01,-4.389523334489801587e-01,-4.966680157416004104e-01,1.810913805415002020e+00,3.432488605675838578e+00,-6.302706439077716549e-01,8.414777418280475763e-01,-5.527336881405341407e-01,-1.530405835192626407e-01,-3.851781896425778284e-01,-1.088719486587999441e+00,8.071898934976127205e-01,-3.574555846951790183e-01,6.267575727925100981e-01,3.392580874578454697e-01,3.308375903655265127e-01,-4.872757218968044035e-01,-6.292804948981121915e-02,-4.147197185502737860e-01,-9.240190207238405673e-01,-6.457156870254534553e-01,1.419333102564523941e-01,-2.440887836729143182e-02,-4.762956321647214275e-01,-4.588767707276420471e-01,-5.412548705748637667e-01,-7.622329347767978769e-01,0.000000000000000000e+00,0.000000000000000000e+00,-2.392467030372219805e-01,-4.681622135693289666e-01,-4.719362008065465242e-01,-3.039298795339610004e-01,-9.212510435226789474e-01,-7.298116194175201521e-01,6.930118755280455511e-01,-3.774647335768301359e-01,1.696017942249628430e+00,-6.135093179742474589e-01,2.222198251804266556e-01,9.137094037957288473e-01,-4.602362970513234064e-01,-5.183686688943279358e-02,-5.183686688943279358e-02,-7.051398600435393460e-01,-1.040941436780788015e-01,-2.030901712371240009e-02,-8.401389803667852485e-02,-3.271524934852403366e-01,-5.191945123345532709e-01,1.407679351095596942e+00,-5.752567881263277033e-02,-3.801429606348526863e-02,-1.147078669352808861e-01,-1.711160802546210780e-01,-7.340709118518067011e-02,-7.197411700355742237e-02,-1.244624194945742751e-01,-7.051263942166730025e-02,-2.872721242393142319e-02,-2.030901712371240009e-02,-2.019004323808653023e-01,-1.435916317235476011e-02,-1.435916317235476011e-02,-5.183686688943279358e-02,-3.801429606348527557e-02,-3.801429606348527557e-02,-1.558271304830920190e-01,-4.064318733121485144e-02,-8.148853797899899276e-02,-1.210011918676099085e-01,-5.569323991926412171e-02,-7.051263942166730025e-02,-4.979810447122927364e-02,-3.212131358814808435e-02,-2.030901712371240009e-02,-3.801429606348527557e-02,-6.749673070628271765e-02,-3.519076715388935045e-02,-1.435916317235476185e-02,-3.524455202264515918e-01,-3.753330286669139260e-01,-2.907009498669055336e-01,-4.311306135592269523e-02,-3.519076715388935045e-02,-3.801429606348527557e-02,-1.435916317235476011e-02,-1.286658602907498339e-01,-4.767312946227962589e-02,5.913962991410492975e-01,-2.487592975524973576e-02,-4.967123990818995694e-01,-1.786283982422259831e-01,-4.979810447122926670e-02,5.840947806181536750e-01,-2.030901712371240009e-02,-4.892821642774447533e-01,-1.767766952966368654e-01
3.036855886658429982e-01,-5.537123258831522232e-01,-4.977276807426366662e-02,-1.284019034700219164e+00,-3.458523427381143267e-01,-7.258504430637744420e-01,-4.966680157416004104e-01,6.573034482162921632e-01,-6.493539992246850634e-01,-6.302706439077716549e-01,3.589979134959669915e-01,4.325644612047202520e-01,-2.307787898702514384e-01,2.142699657647886835e-02,-1.761860997889140579e-01,6.725028864716499355e-02,-8.087874538665257296e-01,-5.407952618425498903e-01,-4.252087011572673880e-01,8.322100211256544533e-01,3.600260422021904771e-01,-6.292804948981121915e-02,6.841926260266595339e-01,-1.563411471726883772e-01,2.837148505570266099e-01,-1.205131474393191793e+00,-2.482415229036441240e-01,4.037751773655741672e-01,-1.056955254897004731e-01,1.478522605462855299e-01,-5.809668599935657873e-02,0.000000000000000000e+00,0.000000000000000000e+00,5.339616623415676111e-01,7.108409781372613256e-01,-4.719362008065465242e-01,-1.617218193319302610e+00,1.201833530820529017e+00,-9.473935815327891308e-02,-2.489988027729138353e-01,-3.774647335768301359e-01,-4.668062001933125371e-01,-4.064018926789744190e-01,1.865494782421661668e+00,-3.669621702617922865e-01,-4.602362970513234064e-01,-5.183686688943279358e-02,-5.183686688943279358e-02,1.418158377741196352e+00,-1.040941436780788015e-01,-2.030901712371240009e-02,-8.401389803667852485e-02,-3.271524934852403366e-01,-5.191945123345532709e-01,-7.103890521813077674e-01,-5.752567881263277033e-02,-3.801429606348526863e-02,-1.147078669352808861e-01,-1.711160802546210780e-01,-7.340709118518067011e-02,-7.197411700355742237e-02,-1.244624194945742751e-01,-7.051263942166730025e-02,-2.872721242393142319e-02,-2.030901712371240009e-02,-2.019004323808653023e-01,-1.435916317235476011e-02,-1.435916317235476011e-02,-5.183686688943279358e-02,-3.801429606348527557e-02,-3.801429606348527557e-02,-1.558271304830920190e-01,-4.064318733121485144e-02,-8.148853797899899276e-02,-1.210011918676099085e-01,-5.569323991926412171e-02,-7.051263942166730025e-02,-4.979810447122927364e-02,-3.212131358814808435e-02,-2.030901712371240009e-02,-3.801429606348527557e-02,-6.749673070628271765e-02,-3.519076715388935045e-02,-1.435916317235476185e-02,-3.524455202264515918e-01,2.664300564093018409e+00,-2.907009498669055336e-01,-4.311306135592269523e-02,-3.519076715388935045e-02,-3.801429606348527557e-02,-1.435916317235476011e-02,-1.286658602907498339e-01,-4.767312946227962589e-02,5.913962991410492975e-01,-2.487592975524973576e-02,-4.967123990818995694e-01,-1.786283982422259831e-01,-4.979810447122926670e-02,5.840947806181536750e-01,-2.030901712371240009e-02,-4.892821642774447533e-01,-1.767766952966368654e-01
1.404589200097853749e-02,-5.537123258831522232e-01,-5.507016019503075954e-01,-1.284019034700219164e+00,-6.687479531908938624e-01,-4.030900697471309080e-01,-4.966680157416004104e-01,-4.963069089824175273e-01,-6.493539992246850634e-01,-6.302706439077716549e-01,-7.868916787927248135e-01,6.788889985410339056e-01,8.964252022190848379e-01,7.955407164935289765e-01,6.320577570903027943e-03,4.783278468974136999e-01,-6.959544865736890795e-01,3.465448924800957342e-01,-8.776482291131505464e-01,9.575531288156864385e-01,-4.872757218968044035e-01,-5.647389056778006067e-01,5.458777295567817767e+00,4.332224378794762742e+00,1.120202334381258824e+00,-1.106413368653558910e-01,-8.078231342445260088e-01,-1.773242088314630704e+00,-1.202811734101178587e+00,1.009236174447722290e+00,-4.805784352658213909e-01,0.000000000000000000e+00,0.000000000000000000e+00,-2.392467030372219805e-01,1.213393822839661657e-01,1.247180890325345903e-01,8.109903589388390843e-01,1.429634709294072825e-01,2.227967724788416926e-01,-1.349613319767399566e-02,-3.774647335768301359e-01,-4.668062001933125371e-01,2.149203832068448394e-01,-1.186301566740631808e+00,-3.669621702617922865e-01,-4.602362970513234064e-01,-5.183686688943279358e-02,-5.183686688943279358e-02,1.418158377741196352e+00,-1.040941436780788015e-01,-2.030901712371240009e-02,-8.401389803667852485e-02,-3.271524934852403366e-01,-5.191945123345532709e-01,-7.103890521813077674e-01,-5.752567881263277033e-02,-3.801429606348526863e-02,-1.147078669352808861e-01,-1.711160802546210780e-01,-7.340709118518067011e-02,-7.197411700355742237e-02,-1.244624194945742751e-01,-7.051263942166730025e-02,-2.872721242393142319e-02,-2.030901712371240009e-02,-2.019004323808653023e-01,-1.435916317235476011e-02,-1.435916317235476011e-02,-5.183686688943279358e-02,-3.801429606348527557e-02,-3.801429606348527557e-02,-1.558271304830920190e-01,-4.064318733121485144e-02,-8.148853797899899276e-02,-1.210011918676099085e-01,-5.569323991926412171e-02,-7.051263942166730025e-02,-4.979810447122927364e-02,-3.212131358814808435e-02,-2.030901712371240009e-02,-3.801429606348527557e-02,-6.749673070628271765e-02,-3.519076715388935045e-02,-1.435916317235476185e-02,2.837317947345407543e+00,-3.753330286669139260e-01,-2.907009498669055336e-01,-4.311306135592269523e-02,-3.519076715388935045e-02,-3.801429606348527557e-02,-1.435916317235476011e-02,-1.286658602907498339e-01,-4.767312946227962589e-02,5.913962991410492975e-01,-2.487592975524973576e-02,-4.967123990818995694e-01,-1.786283982422259831e-01,-4.979810447122926670e-02,5.840947806181536750e-01,-2.030901712371240009e-02,-4.892821642774447533e-01,-1.767766952966368654e-01
-1.480597063608530828e-01,4.047385190264539689e-01,4.511560658017802483e-01,-2.878929612425566442e-01,1.292055776497412142e-02,-6.541259156600758295e-01,-4.966680157416004104e-01,6.573034482162921632e-01,-6.623362709603883292e-02,5.575471080722594897e-01,-6.903957131263085412e-01,-5.527336881405341407e-01,-8.760059025834578961e-01,-8.465186893911229582e-01,6.450939483302627897e-01,-3.438272696030836850e-01,-2.446226174023423960e-01,-3.539868083009403144e-01,2.846533168424801863e-01,-8.390314147414387191e-01,-4.872757218968044035e-01,-3.138334775838059199e-01,-1.343076030375390251e-01,-9.318524684131380686e-01,-2.739434719924614403e-01,5.774176121584963933e-02,1.878168600191707061e+00,-1.057395018361759059e-01,-5.309406343298572056e-02,-8.427392404403666326e-01,-4.805784352658213909e-01,0.000000000000000000e+00,0.000000000000000000e+00,-2.392467030372219805e-01,-1.057663809422624057e+00,-1.366917635565168210e+00,-3.366638853611130799e-01,-1.710232345272660048e-01,8.578690337430828761e-01,1.870525223404244874e+00,6.138839261374069878e+00,-4.668062001933125371e-01,4.220278085021179071e-01,1.161234086461132353e+00,-3.669621702617922865e-01,1.739375798511208382e+00,-5.183686688943279358e-02,-5.183686688943279358e-02,1.418158377741196352e+00,-1.040941436780788015e-01,-2.030901712371240009e-02,-8.401389803667852485e-02,-3.271524934852403366e-01,-5.191945123345532709e-01,-7.103890521813077674e-01,-5.752567881263277033e-02,-3.801429606348526863e-02,-1.147078669352808861e-01,-1.711160802546210780e-01,-7.340709118518067011e-02,-7.197411700355742237e-02,-1.244624194945742751e-01,-7.051263942166730025e-02,-2.872721242393142319e-02,-2.030901712371240009e-02,-2.019004323808653023e-01,-1.435916317235476011e-02,-1.435916317235476011e-02,-5.183686688943279358e-02,-3.801429606348527557e-02,-3.801429606348527557e-02,-1.558271304830920190e-01,-4.064318733121485144e-02,-8.148853797899899276e-02,-1.210011918676099085e-01,-5.569323991926412171e-02,-7.051263942166730025e-02,-4.979810447122927364e-02,-3.212131358814808435e-02,-2.030901712371240009e-02,-3.801429606348527557e-02,-6.749673070628271765e-02,-3.519076715388935045e-02,-1.435916317235476185e-02,2.837317947345407543e+00,-3.753330286669139260e-01,-2.907009498669055336e-01,-4.311306135592269523e-02,-3.519076715388935045e-02,-3.801429606348527557e-02,-1.435916317235476011e-02,-1.286658602907498339e-01,-4.767312946227962589e-02,-1.690913523558418063e+00,-2.487592975524973576e-02,2.013237442528823973e+00,-1.786283982422259831e-01,-4.979810447122926670e-02,5.840947806181536750e-01,-2.030901712371240009e-02,-4.892821642774447533e-01,-1.767766952966368654e-01
6.106025958766375487e-03,4.047385190264539689e-01,-5.507016019503075954e-01,7.082331122151057645e-01,-2.295673228533472165e-02,-4.030900697471309080e-01,-4.966680157416004104e-01,-4.963069089824175273e-01,5.168867450326074531e-01,-6.302706439077716549e-01,8.414777418280475763e-01,6.788889985410339056e-01,-8.837797232185568008e-01,-1.354775172164943697e+00,-6.324527931884567078e-01,5.605433585474633995e-01,4.323751863546776431e-01,-1.101220622467378840e+00,-3.971899267307199902e-03,-2.958779480846334686e-01,3.600260422021904771e-01,-6.292804948981121915e-02,-4.905067767969589210e-01,-1.268690719052929294e+00,-1.761032332124429667e+00,9.838488006624800386e-01,-8.078231342445260088e-01,-1.773242088314630704e+00,-1.202811734101178587e+00,1.009236174447722290e+00,3.643850632671082335e-01,0.000000000000000000e+00,0.000000000000000000e+00,5.339616623415676111e-01,7.108409781372613256e-01,-1.068590490645627611e+00,4.973985831147220704e-01,3.574097101881139604e-01,-7.298116194175201521e-01,-1.349613319767399566e-02,-3.774647335768301359e-01,-4.668062001933125371e-01,5.255815211497544270e-01,-4.820408707801026038e-01,-3.669621702617922865e-01,-4.602362970513234064e-01,-5.183686688943279358e-02,-5.183686688943279358e-02,-7.051398600435393460e-01,-1.040941436780788015e-01,-2.030901712371240009e-02,-8.401389803667852485e-02,-3.271524934852403366e-01,-5.191945123345532709e-01,1.407679351095596942e+00,-5.752567881263277033e-02,-3.801429606348526863e-02,-1.147078669352808861e-01,-1.711160802546210780e-01,-7.340709118518067011e-02,-7.197411700355742237e-02,-1.244624194945742751e-01,-7.051263942166730025e-02,-2.872721242393142319e-02,-2.030901712371240009e-02,-2.019004323808653023e-01,-1.435916317235476011e-02,-1.435916317235476011e-02,-5.183686688943279358e-02,-3.801429606348527557e-02,-3.801429606348527557e-02,-1.558271304830920190e-01,-4.064318733121485144e-02,-8.148853797899899276e-02,-1.210011918676099085e-01,-5.569323991926412171e-02,-7.051263942166730025e-02,-4.979810447122927364e-02,-3.212131358814808435e-02,-2.030901712371240009e-02,-3.801429606348527557e-02,-6.749673070628271765e-02,-3.519076715388935045e-02,-1.435916317235476185e-02,-3.524455202264515918e-01,-3.753330286669139260e-01,-2.907009498669055336e-01,-4.311306135592269523e-02,-3.519076715388935045e-02,-3.801429606348527557e-02,-1.435916317235476011e-02,-1.286658602907498339e-01,-4.767312946227962589e-02,5.913962991410492975e-01,-2.487592975524973576e-02,-4.967123990818995694e-01,-1.786283982422259831e-01,-4.979810447122926670e-02,-1.712050908829709783e+00,-2.030901712371240009e-02,2.043810449286999731e+00,-1.767766952966368654e-01
-8.652942721740183307e-01,-7.448690342834912714e-02,4.511560658017802483e-01,7.082331122151057645e-01,-7.763798233418204298e-01,1.605196697556429131e+00,-4.966680157416004104e-01,6.573034482162921632e-01,-6.623362709603883292e-02,1.151455984062275117e+00,-1.438239447041033792e+00,-3.064091508042205425e-01,6.943058657065143136e-01,-8.777960114079733644e-01,1.888272549307201120e-01,-1.083766874453531370e+00,-4.702885519880157239e-01,-8.677100555403667315e-01,3.828782249173550475e-03,-1.215060737811534786e+00,-6.362483984730694930e-02,1.944315375262146484e+00,-6.117660699916547262e-01,6.975046509607358836e-01,3.766579043152746276e-01,1.419333102564523941e-01,-4.720741674399969168e-01,3.574556610745059926e-01,7.659858457358575956e-01,1.478522605462855299e-01,-5.809668599935657873e-02,0.000000000000000000e+00,0.000000000000000000e+00,1.473574796521728292e-01,-1.734114156426813935e-01,1.318026668710696736e+00,9.556746646948512947e-01,-5.491433947155150985e-01,1.110601872409461635e-02,-1.349613319767399566e-02,2.229056864403530014e+00,1.696017942249628430e+00,3.184740958544813871e-01,2.222198251804266556e-01,-3.669621702617922865e-01,-4.602362970513234064e-01,-5.183686688943279358e-02,-5.183686688943279358e-02,-7.051398600435393460e-01,-1.040941436780788015e-01,-2.030901712371240009e-02,-8.401389803667852485e-02,-3.271524934852403366e-01,1.926060419058570616e+00,-7.103890521813077674e-01,-5.752567881263277033e-02,-3.801429606348526863e-02,-1.147078669352808861e-01,-1.711160802546210780e-01,-7.340709118518067011e-02,-7.197411700355742237e-02,-1.244624194945742751e-01,-7.051263942166730025e-02,-2.872721242393142319e-02,-2.030901712371240009e-02,-2.019004323808653023e-01,-1.435916317235476011e-02,-1.435916317235476011e-02,-5.183686688943279358e-02,-3.801429606348527557e-02,-3.801429606348527557e-02,-1.558271304830920190e-01,-4.064318733121485144e-02,-8.148853797899899276e-02,-1.210011918676099085e-01,-5.569323991926412171e-02,-7.051263942166730025e-02,-4.979810447122927364e-02,-3.212131358814808435e-02,-2.030901712371240009e-02,-3.801429606348527557e-02,-6.749673070628271765e-02,-3.519076715388935045e-02,-1.435916317235476185e-02,-3.524455202264515918e-01,-3.753330286669139260e-01,3.439961240091715222e+00,-4.311306135592269523e-02,-3.519076715388935045e-02,-3.801429606348527557e-02,-1.435916317235476011e-02,-1.286658602907498339e-01,-4.767312946227962589e-02,5.913962991410492975e-01,-2.487592975524973576e-02,-4.967123990818995694e-01,-1.786283982422259831e-01,-4.979810447122926670e-02,5.840947806181536750e-01,-2.030901712371240009e-02,-4.892821642774447533e-01,-1.767766952966368654e-01
-3.394435607533420884e-01,-7.448690342834912714e-02,1.953942567429912014e+00,7.082331122151057645e-01,-3.458523427381143267e-01,-8.032969643048733233e-02,-4.966680157416004104e-01,-4.963069089824175273e-01,-6.623362709603883292e-02,5.575471080722594897e-01,8.414777418280475763e-01,4.325644612047202520e-01,-2.307787898702514384e-01,-8.621573503995482168e-01,3.713339322905371831e-01,1.494658002972147348e-01,-8.087874538665257296e-01,-4.006889216863427361e-01,-2.769957523441332614e-01,6.233048416422678484e-01,-4.872757218968044035e-01,-6.292804948981121915e-02,-8.239698330823731487e-01,-9.396859161024354590e-01,4.885689282282582209e-03,8.154657025812744875e-01,4.232564107054141989e-01,-6.152541810379259513e-01,7.208988782586736033e-01,3.631982390216446643e-01,-5.809668599935657873e-02,0.000000000000000000e+00,0.000000000000000000e+00,1.473574796521728292e-01,1.300342573990556527e+00,7.213723788716157603e-01,1.751805768867248023e-02,1.654107998042162686e+00,5.403329031109622704e-01,2.220065363775658440e-01,9.257960654133498002e-01,-4.668062001933125371e-01,8.362426590926641534e-01,4.569733905006030938e-01,-3.669621702617922865e-01,-4.602362970513234064e-01,-5.183686688943279358e-02,-5.183686688943279358e-02,-7.051398600435393460e-01,-1.040941436780788015e-01,-2.030901712371240009e-02,-8.401389803667852485e-02,-3.271524934852403366e-01,-5.191945123345532709e-01,1.407679351095596942e+00,-5.752567881263277033e-02,-3.801429606348526863e-02,-1.147078669352808861e-01,-1.711160802546210780e-01,-7.340709118518067011e-02,-7.197411700355742237e-02,-1.244624194945742751e-01,-7.051263942166730025e-02,-2.872721242393142319e-02,-2.030901712371240009e-02,-2.019004323808653023e-01,-1.435916317235476011e-02,-1.435916317235476011e-02,-5.183686688943279358e-02,-3.801429606348527557e-02,-3.801429606348527557e-02,-1.558271304830920190e-01,-4.064318733121485144e-02,-8.148853797899899276e-02,-1.210011918676099085e-01,-5.569323991926412171e-02,-7.051263942166730025e-02,-4.979810447122927364e-02,-3.212131358814808435e-02,-2.030901712371240009e-02,-3.801429606348527557e-02,-6.749673070628271765e-02,-3.519076715388935045e-02,-1.435916317235476185e-02,-3.524455202264515918e-01,-3.753330286669139260e-01,-2.907009498669055336e-01,-4.311306135592269523e-02,-3.519076715388935045e-02,-3.801429606348527557e-02,-1.435916317235476011e-02,-1.286658602907498339e-01,-4.767312946227962589e-02,-1.690913523558418063e+00,-2.487592975524973576e-02,2.013237442528823973e+00,-1.786283982422259831e-01,-4.979810447122926670e-02,-1.712050908829709783e+00,-2.030901712371240009e-02,2.043810449286999731e+00,-1.767766952966368654e-01
-6.312336378046390362e-01,-5.537123258831522232e-01,-5.507016019503075954e-01,7.082331122151057645e-01,2.281842980668271903e-01,6.369155776064983066e-01,-4.966680157416004104e-01,-4.963069089824175273e-01,-6.493539992246850634e-01,-3.636176791775609651e-02,8.414777418280475763e-01,-7.990582254768477943e-01,8.264608165031950282e-01,5.375028098545124866e-01,-1.761860997889140579e-01,6.427588701975132102e-01,-8.087874538665257296e-01,-1.671783547593307107e-01,-6.592291466516897458e-01,7.486479493322998335e-01,-4.872757218968044035e-01,-5.647389056778006067e-01,-3.616687777775943746e-01,4.233339818353242801e-01,2.837148505570266099e-01,5.774176121584963933e-02,-2.440887836729143182e-02,7.743313076941197304e-01,-6.542536297954395508e-01,-6.749371792907364609e-02,-4.805784352658213909e-01,0.000000000000000000e+00,0.000000000000000000e+00,-2.392467030372219805e-01,-7.629130114959765674e-01,-1.736090558870059808e-01,5.628665947690262295e-01,-7.635896339742217487e-01,4.344875262335887722e-01,2.106027892979484673e+00,-3.774647335768301359e-01,1.696017942249628430e+00,4.220278085021179071e-01,2.222198251804266556e-01,-3.669621702617922865e-01,-4.602362970513234064e-01,-5.183686688943279358e-02,-5.183686688943279358e-02,-7.051398600435393460e-01,-1.040941436780788015e-01,-2.030901712371240009e-02,-8.401389803667852485e-02,3.056678521220304923e+00,-5.191945123345532709e-01,-7.103890521813077674e-01,-5.752567881263277033e-02,-3.801429606348526863e-02,-1.147078669352808861e-01,-1.711160802546210780e-01,-7.340709118518067011e-02,-7.197411700355742237e-02,-1.244624194945742751e-01,-7.051263942166730025e-02,-2.872721242393142319e-02,-2.030901712371240009e-02,-2.019004323808653023e-01,-1.435916317235476011e-02,-1.435916317235476011e-02,-5.183686688943279358e-02,-3.801429606348527557e-02,-3.801429606348527557e-02,-1.558271304830920190e-01,-4.064318733121485144e-02,-8.148853797899899276e-02,-1.210011918676099085e-01,-5.569323991926412171e-02,-7.051263942166730025e-02,-4.979810447122927364e-02,-3.212131358814808435e-02,-2.030901712371240009e-02,-3.801429606348527557e-02,-6.749673070628271765e-02,-3.519076715388935045e-02,-1.435916317235476185e-02,-3.524455202264515918e-01,-3.753330286669139260e-01,-2.907009498669055336e-01,-4.311306135592269523e-02,-3.519076715388935045e-02,-3.801429606348527557e-02,-1.435916317235476011e-02,-1.286658602907498339e-01,-4.767312946227962589e-02,5.913962991410492975e-01,-2.487592975524973576e-02,-4.967123990818995694e-01,-1.786283982422259831e-01,-4.979810447122926670e-02,-1.712050908829709783e+00,-2.030901712371240009e-02,2.043810449286999731e+00,-1.767766952966368654e-01
-4.976703725154766819e-03,-5.537123258831522232e-01,-5.507016019503075954e-01,2.700485259130430471e+00,1.412134869727019071e+00,1.067262742028689759e+00,-4.966680157416004104e-01,-4.963069089824175273e-01,-6.493539992246850634e-01,-3.636176791775609651e-02,8.414777418280475763e-01,-5.527336881405341407e-01,7.240021489860468118e-02,-2.287915795583251310e-01,6.450939483302627897e-01,1.494658002972147348e-01,-2.446226174023423960e-01,7.668639129487173633e-01,-2.691950708276525384e-01,7.486479493322998335e-01,-4.872757218968044035e-01,-1.066549761865789980e+00,-6.117660699916547262e-01,4.860015633497041243e-01,-1.810004182342134504e-01,1.320614996824891030e+00,-3.601578451718204787e-01,-2.446980507093804713e-01,6.532684270428975593e-01,3.631982390216446643e-01,-7.622329347767978769e-01,0.000000000000000000e+00,0.000000000000000000e+00,-2.392467030372219805e-01,-4.681622135693289666e-01,-1.366917635565168210e+00,3.658078796895706808e-01,-3.179957349537939071e-01,-2.005847350306524668e-01,1.399519884253765056e+00,2.229056864403530014e+00,-4.668062001933125371e-01,4.220278085021179071e-01,-2.472873054599261933e-01,9.137094037957288473e-01,-4.602362970513234064e-01,-5.183686688943279358e-02,-5.183686688943279358e-02,-7.051398600435393460e-01,-1.040941436780788015e-01,-2.030901712371240009e-02,-8.401389803667852485e-02,-3.271524934852403366e-01,-5.191945123345532709e-01,1.407679351095596942e+00,-5.752567881263277033e-02,-3.801429606348526863e-02,-1.147078669352808861e-01,-1.711160802546210780e-01,-7.340709118518067011e-02,-7.197411700355742237e-02,-1.244624194945742751e-01,-7.051263942166730025e-02,-2.872721242393142319e-02,-2.030901712371240009e-02,-2.019004323808653023e-01,-1.435916317235476011e-02,-1.435916317235476011e-02,-5.183686688943279358e-02,-3.801429606348527557e-02,-3.801429606348527557e-02,-1.558271304830920190e-01,-4.064318733121485144e-02,-8.148853797899899276e-02,-1.210011918676099085e-01,-5.569323991926412171e-02,-7.051263942166730025e-02,-4.979810447122927364e-02,-3.212131358814808435e-02,-2.030901712371240009e-02,-3.801429606348527557e-02,-6.749673070628271765e-02,-3.519076715388935045e-02,-1.435916317235476185e-02,-3.524455202264515918e-01,-3.753330286669139260e-01,-2.907009498669055336e-01,-4.311306135592269523e-02,-3.519076715388935045e-02,-3.801429606348527557e-02,-1.435916317235476011e-02,-1.286658602907498339e-01,-4.767312946227962589e-02,5.913962991410492975e-01,-2.487592975524973576e-02,-4.967123990818995694e-01,-1.786283982422259831e-01,-4.979810447122926670e-02,5.840947806181536750e-01,-2.030901712371240009e-02,-4.892821642774447533e-01,-1.767766952966368654e-01
3.688586557623345086e-01,1.842414786390863091e+00,-5.507016019503075954e-01,7.082331122151057645e-01,2.281842980668271903e-01,1.425885379047182600e+00,-4.966680157416004104e-01,-4.963069089824175273e-01,1.683127489289899970e+00,5.575471080722594897e-01,8.414777418280475763e-01,-6.008461346790693741e-02,1.308437695879325124e+00,4.123935217871103065e-01,1.283867319089622594e+00,7.249743818475629098e-01,-8.087874538665257296e-01,1.280587160188143780e+00,1.181731691237765780e+00,-3.410696807892142027e-03,-6.362483984730694930e-02,-5.647389056778006067e-01,-3.161965428295833158e-01,1.961639988456979622e-01,-4.598295795089574756e-01,3.945079573782606652e-01,8.709216997781196179e-01,1.005928889149460659e+00,-1.958694604440684439e-01,-1.144223610305869387e+00,-4.805784352658213909e-01,0.000000000000000000e+00,0.000000000000000000e+00,1.473574796521728292e-01,-4.681622135693289666e-01,-4.719362008065465242e-01,-1.762672568080678737e-01,-1.303379544631651621e+00,-1.576574634436508360e+00,-1.191009481073873166e+00,-3.774647335768301359e-01,-4.668062001933125371e-01,-6.135093179742474589e-01,-7.167944361002790421e-01,-3.669621702617922865e-01,-4.602362970513234064e-01,-5.183686688943279358e-02,-5.183686688943279358e-02,-7.051398600435393460e-01,-1.040941436780788015e-01,-2.030901712371240009e-02,-8.401389803667852485e-02,-3.271524934852403366e-01,-5.191945123345532709e-01,1.407679351095596942e+00,-5.752567881263277033e-02,-3.801429606348526863e-02,-1.147078669352808861e-01,-1.711160802546210780e-01,-7.340709118518067011e-02,-7.197411700355742237e-02,-1.244624194945742751e-01,-7.051263942166730025e-02,-2.872721242393142319e-02,-2.030901712371240009e-02,-2.019004323808653023e-01,-1.435916317235476011e-02,-1.435916317235476011e-02,-5.183686688943279358e-02,-3.801429606348527557e-02,-3.801429606348527557e-02,-1.558271304830920190e-01,-4.064318733121485144e-02,-8.148853797899899276e-02,-1.210011918676099085e-01,-5.569323991926412171e-02,-7.051263942166730025e-02,-4.979810447122927364e-02,-3.212131358814808435e-02,-2.030901712371240009e-02,-3.801429606348527557e-02,-6.749673070628271765e-02,-3.519076715388935045e-02,-1.435916317235476185e-02,-3.524455202264515918e-01,-3.753330286669139260e-01,-2.907009498669055336e-01,-4.311306135592269523e-02,-3.519076715388935045e-02,-3.801429606348527557e-02,-1.435916317235476011e-02,-1.286658602907498339e-01,-4.767312946227962589e-02,5.913962991410492975e-01,-2.487592975524973576e-02,-4.967123990818995694e-01,-1.786283982422259831e-01,-4.979810447122926670e-02,5.840947806181536750e-01,-2.030901712371240009e-02,-4.892821642774447533e-01,-1.767766952966368654e-01
-1.246904083827840459e+00,1.842414786390863091e+00,4.511560658017802483e-01,7.082331122151057645e-01,1.923070080165183438e-01,1.174849533134237678e+00,5.905777172739697933e-01,1.810913805415002020e+00,5.168867450326074531e-01,-3.636176791775609651e-02,-1.510611421290845691e+00,-1.045382762813161337e+00,2.435829182714591319e-03,3.889355302744725851e-01,7.363472870101713808e-01,-3.438272696030836850e-01,6.580411209403509432e-01,-2.138804681447331324e-01,1.556164404028841375e+00,-5.465641634646974945e-01,-4.872757218968044035e-01,4.388828066981781961e-01,2.109101806493844308e-03,8.649573119553326250e-02,6.554870655900186804e-01,-1.106413368653558910e-01,2.325833889264412591e+00,2.184971122013014133e-01,9.989351777013084632e-01,1.478522605462855299e-01,-4.805784352658213909e-01,0.000000000000000000e+00,0.000000000000000000e+00,-6.258508857266168457e-01,-7.629130114959765674e-01,-1.736090558870059808e-01,2.387999370802205701e-01,-1.017451225620042754e+00,1.492941295007324198e+00,4.575092059528056976e-01,2.229056864403530014e+00,1.696017942249628430e+00,8.362426590926641534e-01,2.222198251804266556e-01,-3.669621702617922865e-01,1.739375798511208382e+00,-5.183686688943279358e-02,-5.183686688943279358e-02,-7.051398600435393460e-01,-1.040941436780788015e-01,-2.030901712371240009e-02,-8.401389803667852485e-02,-3.271524934852403366e-01,1.926060419058570616e+00,-7.103890521813077674e-01,-5.752567881263277033e-02,-3.801429606348526863e-02,-1.147078669352808861e-01,-1.711160802546210780e-01,-7.340709118518067011e-02,-7.197411700355742237e-02,-1.244624194945742751e-01,-7.051263942166730025e-02,-2.872721242393142319e-02,-2.030901712371240009e-02,4.952936396459016066e+00,-1.435916317235476011e-02,-1.435916317235476011e-02,-5.183686688943279358e-02,-3.801429606348527557e-02,-3.801429606348527557e-02,-1.558271304830920190e-01,-4.064318733121485144e-02,-8.148853797899899276e-02,-1.210011918676099085e-01,-5.569323991926412171e-02,-7.051263942166730025e-02,-4.979810447122927364e-02,-3.212131358814808435e-02,-2.030901712371240009e-02,-3.801429606348527557e-02,-6.749673070628271765e-02,-3.519076715388935045e-02,-1.435916317235476185e-02,-3.524455202264515918e-01,-3.753330286669139260e-01,-2.907009498669055336e-01,-4.311306135592269523e-02,-3.519076715388935045e-02,-3.801429606348527557e-02,-1.435916317235476011e-02,-1.286658602907498339e-01,-4.767312946227962589e-02,5.913962991410492975e-01,-2.487592975524973576e-02,-4.967123990818995694e-01,-1.786283982422259831e-01,-4.979810447122926670e-02,5.840947806181536750e-01,-2.030901712371240009e-02,-4.892821642774447533e-01,-1.767766952966368654e-01
-9.779411216479033664e-01,-5.537123258831522232e-01,-4.977276807426366662e-02,-1.284019034700219164e+00,-9.916435636436735646e-01,-7.617127067656237482e-01,-4.966680157416004104e-01,6.573034482162921632e-01,-6.493539992246850634e-01,-6.302706439077716549e-01,-1.510611421290845691e+00,-7.990582254768477943e-01,1.930343346687234840e+00,-2.131529185498998447e-01,-1.271226163947816401e+00,8.071898934976127205e-01,-8.087874538665257296e-01,-1.801752323248414722e+00,-1.236479578871264806e+00,-2.384929742918500128e+00,-1.052143564629467676e+00,-6.292804948981121915e-02,8.433454483446978234e-01,-7.800667027971361356e-02,-6.457156870254534553e-01,4.786995064188634408e-01,-2.482415229036441240e-01,-1.773242088314630704e+00,-1.202811734101178587e+00,8.369593916674348266e-01,-7.622329347767978769e-01,0.000000000000000000e+00,0.000000000000000000e+00,-1.012455068416011628e+00,-4.681622135693289666e-01,4.230452339520751615e-01,-6.391260992039983213e-01,-1.213191873915373087e+00,-4.122754887853995465e-01,-2.489988027729138353e-01,-3.774647335768301359e-01,-4.668062001933125371e-01,-1.992944673837013236e-01,-9.515480014204554804e-01,-3.669621702617922865e-01,-4.602362970513234064e-01,-5.183686688943279358e-02,-5.183686688943279358e-02,-7.051398600435393460e-01,-1.040941436780788015e-01,-2.030901712371240009e-02,-8.401389803667852485e-02,-3.271524934852403366e-01,1.926060419058570616e+00,-7.103890521813077674e-01,-5.752567881263277033e-02,-3.801429606348526863e-02,-1.147078669352808861e-01,-1.711160802546210780e-01,-7.340709118518067011e-02,-7.197411700355742237e-02,-1.244624194945742751e-01,-7.051263942166730025e-02,-2.872721242393142319e-02,-2.030901712371240009e-02,-2.019004323808653023e-01,-1.435916317235476011e-02,-1.435916317235476011e-02,-5.183686688943279358e-02,-3.801429606348527557e-02,-3.801429606348527557e-02,-1.558271304830920190e-01,-4.064318733121485144e-02,-8.148853797899899276e-02,-1.210011918676099085e-01,-5.569323991926412171e-02,-7.051263942166730025e-02,-4.979810447122927364e-02,-3.212131358814808435e-02,-2.030901712371240009e-02,-3.801429606348527557e-02,-6.749673070628271765e-02,-3.519076715388935045e-02,-1.435916317235476185e-02,-3.524455202264515918e-01,-3.753330286669139260e-01,3.439961240091715222e+00,-4.311306135592269523e-02,-3.519076715388935045e-02,-3.801429606348527557e-02,-1.435916317235476011e-02,-1.286658602907498339e-01,-4.767312946227962589e-02,5.913962991410492975e-01,-2.487592975524973576e-02,-4.967123990818995694e-01,-1.786283982422259831e-01,-4.979810447122926670e-02,-1.712050908829709783e+00,-2.030901712371240009e-02,2.043810449286999731e+00,-1.767766952966368654e-01
8.848213614671755767e-02,-5.537123258831522232e-01,4.511560658017802483e-01,-2.878929612425566442e-01,-8.122571133921292486e-01,4.217419953954026357e-01,-4.966680157416004104e-01,-4.963069089824175273e-01,-6.493539992246850634e-01,2.339273736042306151e+00,-1.359836474937070383e+00,-1.045382762813161337e+00,6.476629418959209961e-01,7.095280809471901096e-01,4.625872709704457186e-01,-2.616117579530339854e-01,2.067092517690042597e-01,2.064385523238884967e-01,1.173931009721284946e+00,-1.256841773708212040e+00,-4.872757218968044035e-01,-5.647389056778006067e-01,-5.435577175696383323e-01,-2.503425194442581159e-01,-8.805736447596543282e-02,3.945079573782606652e-01,-3.601578451718204787e-01,3.111361447834378180e-01,4.353480842365080594e-01,-7.135316533551511187e-01,-4.805784352658213909e-01,0.000000000000000000e+00,0.000000000000000000e+00,-2.392467030372219805e-01,-4.681622135693289666e-01,-7.702633457260871230e-01,2.944477469863790997e-01,1.108967435636193793e-01,-7.298116194175201521e-01,-4.845014723481537167e-01,-3.774647335768301359e-01,1.696017942249628430e+00,-3.028481800313378436e-01,2.222198251804266556e-01,-3.669621702617922865e-01,1.739375798511208382e+00,-5.183686688943279358e-02,-5.183686688943279358e-02,1.418158377741196352e+00,-1.040941436780788015e-01,-2.030901712371240009e-02,-8.401389803667852485e-02,-3.271524934852403366e-01,-5.191945123345532709e-01,-7.103890521813077674e-01,-5.752567881263277033e-02,-3.801429606348526863e-02,-1.147078669352808861e-01,-1.711160802546210780e-01,-7.340709118518067011e-02,-7.197411700355742237e-02,-1.244624194945742751e-01,-7.051263942166730025e-02,-2.872721242393142319e-02,-2.030901712371240009e-02,-2.019004323808653023e-01,-1.435916317235476011e-02,-1.435916317235476011e-02,-5.183686688943279358e-02,-3.801429606348527557e-02,-3.801429606348527557e-02,-1.558271304830920190e-01,-4.064318733121485144e-02,-8.148853797899899276e-02,-1.210011918676099085e-01,-5.569323991926412171e-02,-7.051263942166730025e-02,-4.979810447122927364e-02,-3.212131358814808435e-02,-2.030901712371240009e-02,-3.801429606348527557e-02,-6.749673070628271765e-02,-3.519076715388935045e-02,-1.435916317235476185e-02,-3.524455202264515918e-01,2.664300564093018409e+00,-2.907009498669055336e-01,-4.311306135592269523e-02,-3.519076715388935045e-02,-3.801429606348527557e-02,-1.435916317235476011e-02,-1.286658602907498339e-01,-4.767312946227962589e-02,5.913962991410492975e-01,-2.487592975524973576e-02,-4.967123990818995694e-01,-1.786283982422259831e-01,-4.979810447122926670e-02,5.840947806181536750e-01,-2.030901712371240009e-02,-4.892821642774447533e-01,-1.767766952966368654e-01
-3.076840965844934161e-01,1.363189363936059939e+00,-5.507016019503075954e-01,7.082331122151057645e-01,-9.471131238595241475e-02,4.934665227991011927e-01,-4.966680157416004104e-01,1.810913805415002020e+00,1.683127489289899970e+00,-6.302706439077716549e-01,-1.365867472791221671e+00,2.156836222558915495e+00,-2.696478930457456569e-01,-4.086361811552155499e-01,1.375120657769531185e+00,-5.082582929031832508e-01,-8.087874538665257296e-01,3.932470058654981004e-01,4.796703547544989843e-01,3.726186262622038226e-01,2.619497413132843455e+00,1.191599090980162368e+00,-5.208216000956329417e-01,1.841188013598167084e+00,1.584917603172498746e+00,-7.841737291901780260e-01,1.542419633387178024e+00,-2.446980507093804713e-01,-6.016521677387247635e-01,-4.551164791847201463e-01,9.276940622890612609e-01,0.000000000000000000e+00,0.000000000000000000e+00,1.307170027720357286e+00,1.595093371917204017e+00,1.318026668710696736e+00,1.516735524572238036e+00,-2.025548967182000393e+00,4.344875262335887722e-01,-4.845014723481537167e-01,-3.774647335768301359e-01,-4.668062001933125371e-01,8.362426590926641534e-01,-2.472873054599261933e-01,-3.669621702617922865e-01,-4.602362970513234064e-01,-5.183686688943279358e-02,-5.183686688943279358e-02,1.418158377741196352e+00,-1.040941436780788015e-01,-2.030901712371240009e-02,-8.401389803667852485e-02,-3.271524934852403366e-01,-5.191945123345532709e-01,-7.103890521813077674e-01,-5.752567881263277033e-02,-3.801429606348526863e-02,-1.147078669352808861e-01,-1.711160802546210780e-01,-7.340709118518067011e-02,-7.197411700355742237e-02,-1.244624194945742751e-01,-7.051263942166730025e-02,-2.872721242393142319e-02,-2.030901712371240009e-02,-2.019004323808653023e-01,-1.435916317235476011e-02,-1.435916317235476011e-02,-5.183686688943279358e-02,-3.801429606348527557e-02,-3.801429606348527557e-02,-1.558271304830920190e-01,-4.064318733121485144e-02,-8.148853797899899276e-02,-1.210011918676099085e-01,-5.569323991926412171e-02,-7.051263942166730025e-02,-4.979810447122927364e-02,-3.212131358814808435e-02,-2.030901712371240009e-02,-3.801429606348527557e-02,-6.749673070628271765e-02,-3.519076715388935045e-02,-1.435916317235476185e-02,-3.524455202264515918e-01,2.664300564093018409e+00,-2.907009498669055336e-01,-4.311306135592269523e-02,-3.519076715388935045e-02,-3.801429606348527557e-02,-1.435916317235476011e-02,-1.286658602907498339e-01,-4.767312946227962589e-02,5.913962991410492975e-01,-2.487592975524973576e-02,-4.967123990818995694e-01,-1.786283982422259831e-01,-4.979810447122926670e-02,5.840947806181536750e-01,-2.030901712371240009e-02,-4.892821642774447533e-01,-1.767766952966368654e-01
-1.529596397705769162e+00,1.842414786390863091e+00,-5.507016019503075954e-01,7.082331122151057645e-01,-1.664658924865700940e-01,4.217419953954026357e-01,5.905777172739697933e-01,-4.963069089824175273e-01,1.683127489289899970e+00,-6.302706439077716549e-01,8.414777418280475763e-01,-6.008461346790693741e-02,2.978410133164720031e-01,-5.415647997268305813e-01,7.363472870101713808e-01,-1.330413409403680580e+00,5.452081536475141821e-01,1.560799840500558089e+00,1.181731691237765780e+00,-8.808124506381160845e-01,1.772195649033848630e+00,-6.292804948981121915e-02,1.309471008258587255e-01,7.082883581693830144e-02,1.120202334381258824e+00,-1.948328859059586526e-01,-8.078231342445260088e-01,8.669703402762560795e-01,-3.085868791370286468e-01,-1.015016023220653985e+00,9.276940622890612609e-01,0.000000000000000000e+00,0.000000000000000000e+00,2.466982575788541521e+00,1.005591776063908815e+00,4.230452339520751615e-01,1.441447311169788303e+00,1.932687692032445170e+00,-1.364883880681761363e+00,-1.191009481073873166e+00,-3.774647335768301359e-01,1.696017942249628430e+00,-5.099556053266109945e-01,2.222198251804266556e-01,9.137094037957288473e-01,3.938987894073740392e+00,-5.183686688943279358e-02,-5.183686688943279358e-02,-7.051398600435393460e-01,-1.040941436780788015e-01,-2.030901712371240009e-02,-8.401389803667852485e-02,-3.271524934852403366e-01,-5.191945123345532709e-01,1.407679351095596942e+00,-5.752567881263277033e-02,-3.801429606348526863e-02,-1.147078669352808861e-01,-1.711160802546210780e-01,-7.340709118518067011e-02,-7.197411700355742237e-02,-1.244624194945742751e-01,-7.051263942166730025e-02,-2.872721242393142319e-02,-2.030901712371240009e-02,-2.019004323808653023e-01,-1.435916317235476011e-02,-1.435916317235476011e-02,-5.183686688943279358e-02,-3.801429606348527557e-02,-3.801429606348527557e-02,-1.558271304830920190e-01,-4.064318733121485144e-02,-8.148853797899899276e-02,-1.210011918676099085e-01,-5.569323991926412171e-02,-7.051263942166730025e-02,-4.979810447122927364e-02,-3.212131358814808435e-02,-2.030901712371240009e-02,-3.801429606348527557e-02,-6.749673070628271765e-02,-3.519076715388935045e-02,-1.435916317235476185e-02,-3.524455202264515918e-01,-3.753330286669139260e-01,-2.907009498669055336e-01,-4.311306135592269523e-02,-3.519076715388935045e-02,-3.801429606348527557e-02,-1.435916317235476011e-02,-1.286658602907498339e-01,-4.767312946227962589e-02,5.913962991410492975e-01,-2.487592975524973576e-02,-4.967123990818995694e-01,-1.786283982422259831e-01,-4.979810447122926670e-02,5.840947806181536750e-01,-2.030901712371240009e-02,-4.892821642774447533e-01,-1.767766952966368654e-01
2.219711339814095241e-01,-5.537123258831522232e-01,1.453013733553867981e+00,7.082331122151057645e-01,3.716934582680625487e-01,1.676921224960127521e+00,-4.966680157416004104e-01,-4.963069089824175273e-01,-6.493539992246850634e-01,1.745364860052290412e+00,8.414777418280475763e-01,-6.008461346790693741e-02,5.854723768151299801e-01,5.375028098545124866e-01,-6.324527931884567078e-01,8.894054051476624201e-01,-8.087874538665257296e-01,-8.677100555403667315e-01,-1.174074126739418800e+00,4.561806980555584978e-01,-4.872757218968044035e-01,1.879773786041834815e-01,7.827158017473496709e-01,9.638418723968501522e-01,5.625440118317706073e-01,-2.644978782475312235e-02,7.590053775099431244e-01,-1.520590181272440944e-01,-2.334419333417218634e-01,6.646826088871474747e-01,-4.805784352658213909e-01,0.000000000000000000e+00,0.000000000000000000e+00,-2.392467030372219805e-01,-1.734114156426813935e-01,7.213723788716157603e-01,1.602383230950555626e-01,9.085503896000193813e-02,-6.239662425401465429e-01,2.220065363775658440e-01,-3.774647335768301359e-01,1.696017942249628430e+00,1.768226072921393000e+00,9.264805211409559149e-01,-3.669621702617922865e-01,1.739375798511208382e+00,-5.183686688943279358e-02,-5.183686688943279358e-02,-7.051398600435393460e-01,-1.040941436780788015e-01,-2.030901712371240009e-02,-8.401389803667852485e-02,-3.271524934852403366e-01,-5.191945123345532709e-01,1.407679351095596942e+00,-5.752567881263277033e-02,-3.801429606348526863e-02,-1.147078669352808861e-01,-1.711160802546210780e-01,-7.340709118518067011e-02,-7.197411700355742237e-02,-1.244624194945742751e-01,-7.051263942166730025e-02,-2.872721242393142319e-02,-2.030901712371240009e-02,-2.019004323808653023e-01,-1.435916317235476011e-02,-1.435916317235476011e-02,-5.183686688943279358e-02,-3.801429606348527557e-02,-3.801429606348527557e-02,-1.558271304830920190e-01,-4.064318733121485144e-02,-8.148853797899899276e-02,-1.210011918676099085e-01,-5.569323991926412171e-02,-7.051263942166730025e-02,-4.979810447122927364e-02,-3.212131358814808435e-02,-2.030901712371240009e-02,-3.801429606348527557e-02,-6.749673070628271765e-02,-3.519076715388935045e-02,-1.435916317235476185e-02,-3.524455202264515918e-01,-3.753330286669139260e-01,-2.907009498669055336e-01,-4.311306135592269523e-02,-3.519076715388935045e-02,-3.801429606348527557e-02,-1.435916317235476011e-02,-1.286658602907498339e-01,-4.767312946227962589e-02,5.913962991410492975e-01,-2.487592975524973576e-02,-4.967123990818995694e-01,-1.786283982422259831e-01,-4.979810447122926670e-02,5.840947806181536750e-01,-2.030901712371240009e-02,-4.892821642774447533e-01,-1.767766952966368654e-01
-3.346465583528389076e-01,-5.537123258831522232e-01,-5.507016019503075954e-01,7.082331122151057645e-01,4.879784781528296450e-02,3.500174679917040788e-01,-4.966680157416004104e-01,-4.963069089824175273e-01,5.168867450326074531e-01,-3.636176791775609651e-02,8.414777418280475763e-01,1.862399238684066816e-01,-5.883745390847995305e-01,-9.403506554416743990e-01,-5.411994545085482278e-01,7.249743818475629098e-01,-3.574555846951790183e-01,4.399491192509005222e-01,6.824880741829981723e-01,2.890565544688492028e-01,-6.362483984730694930e-02,-5.647389056778006067e-01,-5.056641884462959036e-01,-2.738428625121503979e-01,4.885689282282582209e-03,6.470826045000689364e-01,-5.839904897081731328e-01,1.721775959102332110e-01,1.111652596394268500e+00,6.216134131920756367e-01,-5.809668599935657873e-02,0.000000000000000000e+00,0.000000000000000000e+00,1.473574796521728292e-01,-1.734114156426813935e-01,-7.702633457260871230e-01,1.048639241243963127e+00,4.001653466758311462e-01,1.169513956014681527e-01,6.930118755280455511e-01,-3.774647335768301359e-01,-4.668062001933125371e-01,-9.574075473606477593e-02,-1.253374013974976713e-02,-3.669621702617922865e-01,-4.602362970513234064e-01,-5.183686688943279358e-02,-5.183686688943279358e-02,-7.051398600435393460e-01,-1.040941436780788015e-01,-2.030901712371240009e-02,-8.401389803667852485e-02,3.056678521220304923e+00,-5.191945123345532709e-01,-7.103890521813077674e-01,-5.752567881263277033e-02,-3.801429606348526863e-02,-1.147078669352808861e-01,-1.711160802546210780e-01,-7.340709118518067011e-02,-7.197411700355742237e-02,-1.244624194945742751e-01,-7.051263942166730025e-02,-2.872721242393142319e-02,-2.030901712371240009e-02,-2.019004323808653023e-01,-1.435916317235476011e-02,-1.435916317235476011e-02,-5.183686688943279358e-02,-3.801429606348527557e-02,-3.801429606348527557e-02,-1.558271304830920190e-01,-4.064318733121485144e-02,-8.148853797899899276e-02,-1.210011918676099085e-01,-5.569323991926412171e-02,-7.051263942166730025e-02,-4.979810447122927364e-02,-3.212131358814808435e-02,-2.030901712371240009e-02,-3.801429606348527557e-02,-6.749673070628271765e-02,-3.519076715388935045e-02,-1.435916317235476185e-02,-3.524455202264515918e-01,-3.753330286669139260e-01,-2.907009498669055336e-01,-4.311306135592269523e-02,-3.519076715388935045e-02,-3.801429606348527557e-02,-1.435916317235476011e-02,-1.286658602907498339e-01,-4.767312946227962589e-02,5.913962991410492975e-01,-2.487592975524973576e-02,-4.967123990818995694e-01,-1.786283982422259831e-01,-4.979810447122926670e-02,5.840947806181536750e-01,-2.030901712371240009e-02,-4.892821642774447533e-01,-1.767766952966368654e-01
-5.086619557779887835e-01,-5.537123258831522232e-01,3.456729069058043891e+00,7.082331122151057645e-01,-7.763798233418204298e-01,9.898162207875908780e-02,-4.966680157416004104e-01,-4.963069089824175273e-01,-6.493539992246850634e-01,1.151455984062275117e+00,8.414777418280475763e-01,4.325644612047202520e-01,2.045551656952854513e-01,7.616231010596714868e-02,1.375120657769531185e+00,-5.904738045532329505e-01,-6.959544865736890795e-01,-5.874973752279523120e-01,-7.996414139483429828e-01,4.561806980555584978e-01,2.111116354673446605e+00,6.897882347921728829e-01,-1.142275477718450283e+00,-6.968490377342138054e-01,3.766579043152746276e-01,3.945079573782606652e-01,-6.959068119763496263e-01,1.258580796191650364e-01,1.723407739529344840e-01,4.062674347167165023e-01,2.617621059354920288e+00,0.000000000000000000e+00,0.000000000000000000e+00,1.307170027720357286e+00,4.160901802106137248e-01,1.019699523791156359e+00,4.345492919265900311e-01,-5.124002696088831854e-01,1.169513956014681527e-01,2.220065363775658440e-01,9.257960654133498002e-01,1.696017942249628430e+00,-4.064018926789744190e-01,-9.515480014204554804e-01,-3.669621702617922865e-01,-4.602362970513234064e-01,-5.183686688943279358e-02,-5.183686688943279358e-02,-7.051398600435393460e-01,-1.040941436780788015e-01,-2.030901712371240009e-02,-8.401389803667852485e-02,-3.271524934852403366e-01,-5.191945123345532709e-01,1.407679351095596942e+00,-5.752567881263277033e-02,-3.801429606348526863e-02,-1.147078669352808861e-01,-1.711160802546210780e-01,-7.340709118518067011e-02,-7.197411700355742237e-02,-1.244624194945742751e-01,-7.051263942166730025e-02,-2.872721242393142319e-02,-2.030901712371240009e-02,-2.019004323808653023e-01,-1.435916317235476011e-02,-1.435916317235476011e-02,-5.183686688943279358e-02,-3.801429606348527557e-02,-3.801429606348527557e-02,-1.558271304830920190e-01,-4.064318733121485144e-02,-8.148853797899899276e-02,-1.210011918676099085e-01,-5.569323991926412171e-02,-7.051263942166730025e-02,-4.979810447122927364e-02,-3.212131358814808435e-02,-2.030901712371240009e-02,-3.801429606348527557e-02,-6.749673070628271765e-02,-3.519076715388935045e-02,-1.435916317235476185e-02,-3.524455202264515918e-01,-3.753330286669139260e-01,-2.907009498669055336e-01,-4.311306135592269523e-02,-3.519076715388935045e-02,-3.801429606348527557e-02,-1.435916317235476011e-02,-1.286658602907498339e-01,-4.767312946227962589e-02,-1.690913523558418063e+00,-2.487592975524973576e-02,2.013237442528823973e+00,-1.786283982422259831e-01,-4.979810447122926670e-02,5.840947806181536750e-01,-2.030901712371240009e-02,-4.892821642774447533e-01,-1.767766952966368654e-01
9.172056543026119169e-01,8.839639414812570095e-01,1.453013733553867981e+00,7.082331122151057645e-01,-5.969933730902762248e-01,1.138987269432388372e+00,-4.966680157416004104e-01,6.573034482162921632e-01,1.100007117161253767e+00,-6.302706439077716549e-01,8.414777418280475763e-01,-1.291707300149474991e+00,-4.173504851126241810e-01,-4.320941726678536599e-01,4.625872709704457186e-01,3.138968235973142451e-01,-1.317896501095057737e-01,-1.204762413739283167e-01,1.969600524402320918e+00,-2.958779480846334686e-01,-6.362483984730694930e-02,4.388828066981781961e-01,-1.536368180601212607e+00,9.638418723968501522e-01,1.770803710688994892e+00,2.261248592970551696e-01,3.113400884372377608e-01,-1.773242088314630704e+00,-1.202811734101178587e+00,8.369593916674348266e-01,-5.809668599935657873e-02,0.000000000000000000e+00,0.000000000000000000e+00,1.473574796521728292e-01,-1.352414607349271769e+00,-1.736090558870059808e-01,1.862406626106964058e+00,-1.773691545996540997e+00,8.578690337430828761e-01,-9.555068114986333683e-01,-3.774647335768301359e-01,-4.668062001933125371e-01,7.812957911571764835e-03,-1.186301566740631808e+00,-3.669621702617922865e-01,-4.602362970513234064e-01,-5.183686688943279358e-02,-5.183686688943279358e-02,-7.051398600435393460e-01,-1.040941436780788015e-01,-2.030901712371240009e-02,-8.401389803667852485e-02,-3.271524934852403366e-01,-5.191945123345532709e-01,1.407679351095596942e+00,-5.752567881263277033e-02,-3.801429606348526863e-02,-1.147078669352808861e-01,-1.711160802546210780e-01,-7.340709118518067011e-02,-7.197411700355742237e-02,-1.244624194945742751e-01,-7.051263942166730025e-02,-2.872721242393142319e-02,-2.030901712371240009e-02,-2.019004323808653023e-01,-1.435916317235476011e-02,-1.435916317235476011e-02,-5.183686688943279358e-02,-3.801429606348527557e-02,-3.801429606348527557e-02,-1.558271304830920190e-01,-4.064318733121485144e-02,-8.148853797899899276e-02,-1.210011918676099085e-01,-5.569323991926412171e-02,-7.051263942166730025e-02,-4.979810447122927364e-02,-3.212131358814808435e-02,-2.030901712371240009e-02,-3.801429606348527557e-02,-6.749673070628271765e-02,-3.519076715388935045e-02,-1.435916317235476185e-02,-3.524455202264515918e-01,-3.753330286669139260e-01,-2.907009498669055336e-01,-4.311306135592269523e-02,-3.519076715388935045e-02,-3.801429606348527557e-02,-1.435916317235476011e-02,-1.286658602907498339e-01,-4.767312946227962589e-02,5.913962991410492975e-01,-2.487592975524973576e-02,-4.967123990818995694e-01,-1.786283982422259831e-01,-4.979810447122926670e-02,5.840947806181536750e-01,-2.030901712371240009e-02,-4.892821642774447533e-01,-1.767766952966368654e-01
-1.358190795457760169e-01,-5.537123258831522232e-01,-5.507016019503075954e-01,-1.284019034700219164e+00,-4.893615029393497129e-01,-8.334372341693222497e-01,-4.966680157416004104e-01,-4.963069089824175273e-01,-6.493539992246850634e-01,-6.302706439077716549e-01,-1.456332440603486766e+00,-6.008461346790693741e-02,-4.406719470179210063e-01,6.626120979219143337e-01,6.450939483302627897e-01,3.138968235973142451e-01,-2.446226174023423960e-01,2.998427790946933125e-01,3.548594504908069713e-01,8.739910570223318187e-01,1.772195649033848630e+00,9.406936628861676253e-01,2.522063940205545585e-01,9.716753200861474316e-01,7.484301193482666426e-01,5.774176121584963933e-02,-6.959068119763496263e-01,7.953856332809684793e-02,2.186225321267154520e+00,-1.230362001696013063e+00,9.276940622890612609e-01,0.000000000000000000e+00,0.000000000000000000e+00,9.205658450309623930e-01,1.213393822839661657e-01,1.019699523791156359e+00,1.228021593176756632e+00,8.497675866169824843e-01,4.344875262335887722e-01,-1.426512150649113186e+00,-3.774647335768301359e-01,1.696017942249628430e+00,-8.206167432695206099e-01,-2.472873054599261933e-01,-3.669621702617922865e-01,-4.602362970513234064e-01,-5.183686688943279358e-02,-5.183686688943279358e-02,1.418158377741196352e+00,-1.040941436780788015e-01,-2.030901712371240009e-02,-8.401389803667852485e-02,-3.271524934852403366e-01,-5.191945123345532709e-01,-7.103890521813077674e-01,-5.752567881263277033e-02,-3.801429606348526863e-02,-1.147078669352808861e-01,-1.711160802546210780e-01,-7.340709118518067011e-02,-7.197411700355742237e-02,-1.244624194945742751e-01,-7.051263942166730025e-02,-2.872721242393142319e-02,-2.030901712371240009e-02,-2.019004323808653023e-01,-1.435916317235476011e-02,-1.435916317235476011e-02,-5.183686688943279358e-02,-3.801429606348527557e-02,-3.801429606348527557e-02,-1.558271304830920190e-01,-4.064318733121485144e-02,-8.148853797899899276e-02,-1.210011918676099085e-01,-5.569323991926412171e-02,-7.051263942166730025e-02,-4.979810447122927364e-02,-3.212131358814808435e-02,-2.030901712371240009e-02,-3.801429606348527557e-02,-6.749673070628271765e-02,-3.519076715388935045e-02,-1.435916317235476185e-02,2.837317947345407543e+00,-3.753330286669139260e-01,-2.907009498669055336e-01,-4.311306135592269523e-02,-3.519076715388935045e-02,-3.801429606348527557e-02,-1.435916317235476011e-02,-1.286658602907498339e-01,-4.767312946227962589e-02,5.913962991410492975e-01,-2.487592975524973576e-02,-4.967123990818995694e-01,-1.786283982422259831e-01,-4.979810447122926670e-02,5.840947806181536750e-01,-2.030901712371240009e-02,-4.892821642774447533e-01,-1.767766952966368654e-01
-6.833021818697264382e-02,-5.537123258831522232e-01,-4.977276807426366662e-02,7.082331122151057645e-01,6.945890687208421399e-01,1.892094807171223358e+00,-4.966680157416004104e-01,-4.963069089824175273e-01,-6.493539992246850634e-01,-6.302706439077716549e-01,8.414777418280475763e-01,9.252135358773474483e-01,6.709844038012178213e-01,8.502760300230175483e-01,7.363472870101713808e-01,-1.793962463029842302e-01,-1.895668281666913063e-02,3.932470058654981004e-01,-4.297530684971095222e-02,1.637134467788171899e-01,-6.362483984730694930e-02,1.879773786041834815e-01,-1.267288972128707003e-01,1.018676006221931996e+00,-8.805736447596543282e-02,6.470826045000689364e-01,-2.440887836729143182e-02,-1.078449343948607808e+00,-8.045435213860530066e-01,-2.828396964044327944e-01,-5.809668599935657873e-02,0.000000000000000000e+00,0.000000000000000000e+00,1.473574796521728292e-01,1.213393822839661657e-01,1.247180890325345903e-01,5.065641047463246283e-01,2.672220394718354264e-01,-3.064301119080259928e-01,-2.489988027729138353e-01,-3.774647335768301359e-01,-4.668062001933125371e-01,3.184740958544813871e-01,-4.820408707801026038e-01,-3.669621702617922865e-01,-4.602362970513234064e-01,-5.183686688943279358e-02,-5.183686688943279358e-02,-7.051398600435393460e-01,-1.040941436780788015e-01,-2.030901712371240009e-02,-8.401389803667852485e-02,-3.271524934852403366e-01,-5.191945123345532709e-01,1.407679351095596942e+00,-5.752567881263277033e-02,-3.801429606348526863e-02,-1.147078669352808861e-01,-1.711160802546210780e-01,-7.340709118518067011e-02,-7.197411700355742237e-02,-1.244624194945742751e-01,-7.051263942166730025e-02,-2.872721242393142319e-02,-2.030901712371240009e-02,-2.019004323808653023e-01,-1.435916317235476011e-02,-1.435916317235476011e-02,-5.183686688943279358e-02,-3.801429606348527557e-02,-3.801429606348527557e-02,-1.558271304830920190e-01,-4.064318733121485144e-02,-8.148853797899899276e-02,-1.210011918676099085e-01,-5.569323991926412171e-02,-7.051263942166730025e-02,-4.979810447122927364e-02,-3.212131358814808435e-02,-2.030901712371240009e-02,-3.801429606348527557e-02,-6.749673070628271765e-02,-3.519076715388935045e-02,-1.435916317235476185e-02,-3.524455202264515918e-01,-3.753330286669139260e-01,-2.907009498669055336e-01,-4.311306135592269523e-02,-3.519076715388935045e-02,-3.801429606348527557e-02,-1.435916317235476011e-02,-1.286658602907498339e-01,-4.767312946227962589e-02,5.913962991410492975e-01,-2.487592975524973576e-02,-4.967123990818995694e-01,-1.786283982422259831e-01,-4.979810447122926670e-02,5.840947806181536750e-01,-2.030901712371240009e-02,-4.892821642774447533e-01,-1.767766952966368654e-01
6.765284648980557369e-01,-5.537123258831522232e-01,-5.507016019503075954e-01,-1.284019034700219164e+00,-2.023431825368789405e-01,-9.410240252748701684e-01,-4.966680157416004104e-01,-4.963069089824175273e-01,-6.493539992246850634e-01,-6.302706439077716549e-01,-6.240547367306475968e-01,-3.064091508042205425e-01,3.911268609376581940e-01,1.577473766914791797e+00,6.320577570903027943e-03,4.783278468974136999e-01,-8.087874538665257296e-01,-2.605825815301355264e-01,-3.472018859924600465e-01,2.054944826754944998e-01,-6.362483984730694930e-02,-6.292804948981121915e-02,-2.252520729335611704e-01,-2.660094148228530631e-01,-5.527726332672054932e-01,3.103164083376579452e-01,-3.601578451718204787e-01,-4.299761158736532529e-01,-4.739057598867034149e-01,1.864467346107001947e-02,-5.809668599935657873e-02,0.000000000000000000e+00,0.000000000000000000e+00,1.473574796521728292e-01,4.160901802106137248e-01,1.247180890325345903e-01,-2.634551011971131285e-02,2.785790054138853056e-01,-2.005847350306524668e-01,-4.845014723481537167e-01,-3.774647335768301359e-01,-4.668062001933125371e-01,-9.574075473606477593e-02,-1.253374013974976713e-02,-3.669621702617922865e-01,-4.602362970513234064e-01,-5.183686688943279358e-02,-5.183686688943279358e-02,1.418158377741196352e+00,-1.040941436780788015e-01,-2.030901712371240009e-02,-8.401389803667852485e-02,-3.271524934852403366e-01,-5.191945123345532709e-01,-7.103890521813077674e-01,-5.752567881263277033e-02,-3.801429606348526863e-02,-1.147078669352808861e-01,-1.711160802546210780e-01,-7.340709118518067011e-02,-7.197411700355742237e-02,-1.244624194945742751e-01,-7.051263942166730025e-02,-2.872721242393142319e-02,-2.030901712371240009e-02,-2.019004323808653023e-01,-1.435916317235476011e-02,-1.435916317235476011e-02,-5.183686688943279358e-02,-3.801429606348527557e-02,-3.801429606348527557e-02,-1.558271304830920190e-01,-4.064318733121485144e-02,-8.148853797899899276e-02,-1.210011918676099085e-01,-5.569323991926412171e-02,-7.051263942166730025e-02,-4.979810447122927364e-02,-3.212131358814808435e-02,-2.030901712371240009e-02,-3.801429606348527557e-02,-6.749673070628271765e-02,-3.519076715388935045e-02,-1.435916317235476185e-02,-3.524455202264515918e-01,2.664300564093018409e+00,-2.907009498669055336e-01,-4.311306135592269523e-02,-3.519076715388935045e-02,-3.801429606348527557e-02,-1.435916317235476011e-02,-1.286658602907498339e-01,-4.767312946227962589e-02,5.913962991410492975e-01,-2.487592975524973576e-02,-4.967123990818995694e-01,-1.786283982422259831e-01,-4.979810447122926670e-02,5.840947806181536750e-01,-2.030901712371240009e-02,-4.892821642774447533e-01,-1.767766952966368654e-01
-1.106963944833851077e+00,1.363189363936059939e+00,-5.507016019503075954e-01,-1.284019034700219164e+00,4.879784781528296450e-02,-9.768862889767194746e-01,-4.966680157416004104e-01,-4.963069089824175273e-01,5.168867450326074531e-01,-6.302706439077716549e-01,5.942068298078561073e-01,-7.990582254768477943e-01,-1.420173347040378786e+00,-3.330831695300940504e-02,9.188539643699884518e-01,-8.371203395033821604e-01,5.452081536475141821e-01,6.267575727925100981e-01,9.399105642268626992e-01,-1.465746953191598756e+00,-1.052143564629467676e+00,-1.066549761865789980e+00,3.962018046892561429e-01,-3.678442347837201365e-01,1.907717967987786201e-01,8.154657025812744875e-01,8.750744390088503744e-02,-8.468517624932668797e-01,-6.392246406363781830e-01,-2.436299481158024527e+00,-1.607196433309727501e+00,0.000000000000000000e+00,0.000000000000000000e+00,-2.172267616484195862e+00,-1.352414607349271769e+00,-1.068590490645627611e+00,-1.318029380059132505e+00,1.670141361725056450e+00,-9.415023731722672595e-01,-9.555068114986333683e-01,-3.774647335768301359e-01,-4.668062001933125371e-01,-1.649046444450612992e+00,-4.820408707801026038e-01,-3.669621702617922865e-01,1.739375798511208382e+00,-5.183686688943279358e-02,-5.183686688943279358e-02,1.418158377741196352e+00,-1.040941436780788015e-01,-2.030901712371240009e-02,-8.401389803667852485e-02,-3.271524934852403366e-01,-5.191945123345532709e-01,-7.103890521813077674e-01,-5.752567881263277033e-02,-3.801429606348526863e-02,-1.147078669352808861e-01,-1.711160802546210780e-01,-7.340709118518067011e-02,-7.197411700355742237e-02,-1.244624194945742751e-01,-7.051263942166730025e-02,-2.872721242393142319e-02,-2.030901712371240009e-02,-2.019004323808653023e-01,-1.435916317235476011e-02,-1.435916317235476011e-02,-5.183686688943279358e-02,-3.801429606348527557e-02,-3.801429606348527557e-02,-1.558271304830920190e-01,-4.064318733121485144e-02,-8.148853797899899276e-02,-1.210011918676099085e-01,-5.569323991926412171e-02,-7.051263942166730025e-02,-4.979810447122927364e-02,-3.212131358814808435e-02,-2.030901712371240009e-02,-3.801429606348527557e-02,-6.749673070628271765e-02,-3.519076715388935045e-02,-1.435916317235476185e-02,-3.524455202264515918e-01,2.664300564093018409e+00,-2.907009498669055336e-01,-4.311306135592269523e-02,-3.519076715388935045e-02,-3.801429606348527557e-02,-1.435916317235476011e-02,-1.286658602907498339e-01,-4.767312946227962589e-02,-1.690913523558418063e+00,-2.487592975524973576e-02,-4.967123990818995694e-01,-1.786283982422259831e-01,-4.979810447122926670e-02,5.840947806181536750e-01,-2.030901712371240009e-02,-4.892821642774447533e-01,-1.767766952966368654e-01
-2.800599793126302695e-01,4.047385190264539689e-01,3.957657902934087701e+00,7.082331122151057645e-01,-8.840116934927469972e-01,-4.748145971508294649e-01,5.905777172739697933e-01,-4.963069089824175273e-01,-6.623362709603883292e-02,3.527091488022337185e+00,8.414777418280475763e-01,4.325644612047202520e-01,-8.060415168675679753e-01,-1.409510485694432269e+00,-2.674394384688225657e-01,6.725028864716499355e-02,4.323751863546776431e-01,-2.707201460312350788e-02,1.910451386447113709e-01,-1.173279701914857309e+00,3.600260422021904771e-01,-3.138334775838059199e-01,-7.481827748356879582e-01,-9.553528114810304617e-01,8.413731731065147157e-01,3.945079573782606652e-01,3.780746078750705230e+00,3.111361447834378180e-01,1.750384635654375742e+00,-2.436299481158024527e+00,-5.809668599935657873e-02,0.000000000000000000e+00,0.000000000000000000e+00,5.339616623415676111e-01,7.108409781372613256e-01,-7.702633457260871230e-01,8.620554080291963350e-01,-2.177872119357067149e-01,7.420282400140242096e+00,3.283541240855683885e+00,6.138839261374069878e+00,1.696017942249628430e+00,6.291352337973910025e-01,-4.820408707801026038e-01,-3.669621702617922865e-01,-4.602362970513234064e-01,-5.183686688943279358e-02,-5.183686688943279358e-02,-7.051398600435393460e-01,-1.040941436780788015e-01,-2.030901712371240009e-02,-8.401389803667852485e-02,-3.271524934852403366e-01,-5.191945123345532709e-01,1.407679351095596942e+00,-5.752567881263277033e-02,-3.801429606348526863e-02,-1.147078669352808861e-01,-1.711160802546210780e-01,-7.340709118518067011e-02,-7.197411700355742237e-02,-1.244624194945742751e-01,-7.051263942166730025e-02,-2.872721242393142319e-02,-2.030901712371240009e-02,-2.019004323808653023e-01,-1.435916317235476011e-02,-1.435916317235476011e-02,-5.183686688943279358e-02,-3.801429606348527557e-02,-3.801429606348527557e-02,-1.558271304830920190e-01,-4.064318733121485144e-02,-8.148853797899899276e-02,-1.210011918676099085e-01,-5.569323991926412171e-02,-7.051263942166730025e-02,-4.979810447122927364e-02,-3.212131358814808435e-02,-2.030901712371240009e-02,-3.801429606348527557e-02,-6.749673070628271765e-02,-3.519076715388935045e-02,-1.435916317235476185e-02,-3.524455202264515918e-01,-3.753330286669139260e-01,-2.907009498669055336e-01,-4.311306135592269523e-02,-3.519076715388935045e-02,-3.801429606348527557e-02,-1.435916317235476011e-02,-1.286658602907498339e-01,-4.767312946227962589e-02,5.913962991410492975e-01,-2.487592975524973576e-02,-4.967123990818995694e-01,-1.786283982422259831e-01,-4.979810447122926670e-02,5.840947806181536750e-01,-2.030901712371240009e-02,-4.892821642774447533e-01,-1.767766952966368654e-01
1.712350155654984052e+00,-7.448690342834912714e-02,1.953942567429912014e+00,7.082331122151057645e-01,-3.458523427381143267e-01,5.293287865009504989e-01,-4.966680157416004104e-01,1.810913805415002020e+00,1.100007117161253767e+00,-3.636176791775609651e-02,-7.523393200290572069e-02,6.788889985410339056e-01,-5.495054359093053398e-01,-5.102874777099800641e-01,9.757391625081156261e-02,4.783278468974136999e-01,6.580411209403509432e-01,-1.204762413739283167e-01,1.610769174644206769e+00,-1.089717630121502800e+00,-4.872757218968044035e-01,-5.647389056778006067e-01,3.128360406179026554e-01,3.293326095637549300e-01,5.625440118317706073e-01,2.261248592970551696e-01,-1.363252006354677692e-01,-5.941998554510771746e-02,-3.010723845574979629e-01,-4.551164791847201463e-01,-4.805784352658213909e-01,0.000000000000000000e+00,0.000000000000000000e+00,-2.392467030372219805e-01,-7.629130114959765674e-01,-7.702633457260871230e-01,-7.910118862419840413e-01,-3.634235987219934794e-01,-6.239662425401465429e-01,-4.845014723481537167e-01,-3.774647335768301359e-01,-4.668062001933125371e-01,4.220278085021179071e-01,1.161234086461132353e+00,9.137094037957288473e-01,-4.602362970513234064e-01,-5.183686688943279358e-02,-5.183686688943279358e-02,-7.051398600435393460e-01,-1.040941436780788015e-01,-2.030901712371240009e-02,-8.401389803667852485e-02,-3.271524934852403366e-01,1.926060419058570616e+00,-7.103890521813077674e-01,-5.752567881263277033e-02,-3.801429606348526863e-02,-1.147078669352808861e-01,-1.711160802546210780e-01,-7.340709118518067011e-02,-7.197411700355742237e-02,-1.244624194945742751e-01,-7.051263942166730025e-02,-2.872721242393142319e-02,-2.030901712371240009e-02,-2.019004323808653023e-01,-1.435916317235476011e-02,-1.435916317235476011e-02,-5.183686688943279358e-02,-3.801429606348527557e-02,-3.801429606348527557e-02,-1.558271304830920190e-01,-4.064318733121485144e-02,-8.148853797899899276e-02,-1.210011918676099085e-01,-5.569323991926412171e-02,-7.051263942166730025e-02,-4.979810447122927364e-02,-3.212131358814808435e-02,-2.030901712371240009e-02,-3.801429606348527557e-02,-6.749673070628271765e-02,-3.519076715388935045e-02,-1.435916317235476185e-02,-3.524455202264515918e-01,-3.753330286669139260e-01,3.439961240091715222e+00,-4.311306135592269523e-02,-3.519076715388935045e-02,-3.801429606348527557e-02,-1.435916317235476011e-02,-1.286658602907498339e-01,-4.767312946227962589e-02,5.913962991410492975e-01,-2.487592975524973576e-02,-4.967123990818995694e-01,-1.786283982422259831e-01,-4.979810447122926670e-02,5.840947806181536750e-01,-2.030901712371240009e-02,-4.892821642774447533e-01,-1.767766952966368654e-01
-5.693688482257359684e-01,-5.537123258831522232e-01,-5.507016019503075954e-01,-1.284019034700219164e+00,-3.817296327884231455e-01,-6.899881793619251358e-01,-4.966680157416004104e-01,-4.963069089824175273e-01,-6.493539992246850634e-01,-6.302706439077716549e-01,4.735868727248358501e-01,1.417862610549974756e+00,-9.304226470291498963e-01,2.012715981733693149e-01,4.625872709704457186e-01,4.783278468974136999e-01,-1.317896501095057737e-01,8.602681397195220958e-01,6.590860296335560031e-01,8.322100211256544533e-01,9.248938849348538049e-01,-5.647389056778006067e-01,-6.193447758163234118e-01,-5.793473223947518402e-01,4.885689282282582209e-03,1.236423447784288365e+00,1.994237661690613783e-01,1.144887438022665238e+00,1.622638227802354116e+00,4.493366304117883403e-01,-5.809668599935657873e-02,0.000000000000000000e+00,0.000000000000000000e+00,1.473574796521728292e-01,1.005591776063908815e+00,-7.702633457260871230e-01,-1.164179552671517737e+00,-4.248848261730869824e-01,4.344875262335887722e-01,-2.489988027729138353e-01,-3.774647335768301359e-01,-4.668062001933125371e-01,4.220278085021179071e-01,9.264805211409559149e-01,-3.669621702617922865e-01,-4.602362970513234064e-01,-5.183686688943279358e-02,-5.183686688943279358e-02,1.418158377741196352e+00,-1.040941436780788015e-01,-2.030901712371240009e-02,-8.401389803667852485e-02,-3.271524934852403366e-01,-5.191945123345532709e-01,-7.103890521813077674e-01,-5.752567881263277033e-02,-3.801429606348526863e-02,-1.147078669352808861e-01,-1.711160802546210780e-01,-7.340709118518067011e-02,-7.197411700355742237e-02,-1.244624194945742751e-01,-7.051263942166730025e-02,-2.872721242393142319e-02,-2.030901712371240009e-02,-2.019004323808653023e-01,-1.435916317235476011e-02,-1.435916317235476011e-02,-5.183686688943279358e-02,-3.801429606348527557e-02,-3.801429606348527557e-02,-1.558271304830920190e-01,-4.064318733121485144e-02,-8.148853797899899276e-02,-1.210011918676099085e-01,-5.569323991926412171e-02,-7.051263942166730025e-02,-4.979810447122927364e-02,-3.212131358814808435e-02,-2.030901712371240009e-02,-3.801429606348527557e-02,-6.749673070628271765e-02,-3.519076715388935045e-02,-1.435916317235476185e-02,2.837317947345407543e+00,-3.753330286669139260e-01,-2.907009498669055336e-01,-4.311306135592269523e-02,-3.519076715388935045e-02,-3.801429606348527557e-02,-1.435916317235476011e-02,-1.286658602907498339e-01,-4.767312946227962589e-02,5.913962991410492975e-01,-2.487592975524973576e-02,-4.967123990818995694e-01,-1.786283982422259831e-01,-4.979810447122926670e-02,5.840947806181536750e-01,-2.030901712371240009e-02,-4.892821642774447533e-01,-1.767766952966368654e-01
-1.528107672822854424e+00,-5.537123258831522232e-01,1.453013733553867981e+00,7.082331122151057645e-01,1.340380289626401433e+00,8.879514235194433391e-01,-4.966680157416004104e-01,6.573034482162921632e-01,-6.493539992246850634e-01,-3.636176791775609651e-02,8.414777418280475763e-01,-2.030680912158415730e+00,2.046950656213718300e+00,1.163049250191523054e+00,6.320577570903027943e-03,2.316813119472644900e-01,-3.574555846951790183e-01,6.633221216768130091e-02,-6.826311912011319150e-01,4.561806980555584978e-01,-1.334577485995799284e+00,-2.070171474241768728e+00,1.964993910395636867e+00,5.643360402426789157e-01,6.554870655900186804e-01,-3.632159839871641482e-01,-4.720741674399969168e-01,-1.587964023150358006e+00,-9.548334129766663514e-01,1.009236174447722290e+00,-1.607196433309727501e+00,0.000000000000000000e+00,0.000000000000000000e+00,-2.945475981862985648e+00,-1.352414607349271769e+00,-1.366917635565168210e+00,-9.474804340957709847e-01,1.084255530479306673e+00,-1.153193126927014367e+00,2.220065363775658440e-01,-3.774647335768301359e-01,-4.668062001933125371e-01,-1.131277881212430225e+00,-2.472873054599261933e-01,-3.669621702617922865e-01,-4.602362970513234064e-01,-5.183686688943279358e-02,-5.183686688943279358e-02,-7.051398600435393460e-01,-1.040941436780788015e-01,-2.030901712371240009e-02,-8.401389803667852485e-02,-3.271524934852403366e-01,-5.191945123345532709e-01,1.407679351095596942e+00,-5.752567881263277033e-02,-3.801429606348526863e-02,-1.147078669352808861e-01,-1.711160802546210780e-01,-7.340709118518067011e-02,-7.197411700355742237e-02,-1.244624194945742751e-01,-7.051263942166730025e-02,-2.872721242393142319e-02,-2.030901712371240009e-02,-2.019004323808653023e-01,-1.435916317235476011e-02,-1.435916317235476011e-02,-5.183686688943279358e-02,-3.801429606348527557e-02,-3.801429606348527557e-02,-1.558271304830920190e-01,-4.064318733121485144e-02,-8.148853797899899276e-02,-1.210011918676099085e-01,-5.569323991926412171e-02,-7.051263942166730025e-02,-4.979810447122927364e-02,-3.212131358814808435e-02,-2.030901712371240009e-02,-3.801429606348527557e-02,-6.749673070628271765e-02,-3.519076715388935045e-02,-1.435916317235476185e-02,-3.524455202264515918e-01,-3.753330286669139260e-01,-2.907009498669055336e-01,-4.311306135592269523e-02,-3.519076715388935045e-02,-3.801429606348527557e-02,-1.435916317235476011e-02,-1.286658602907498339e-01,-4.767312946227962589e-02,5.913962991410492975e-01,-2.487592975524973576e-02,-4.967123990818995694e-01,-1.786283982422259831e-01,-4.979810447122926670e-02,-1.712050908829709783e+00,-2.030901712371240009e-02,-4.892821642774447533e-01,-1.767766952966368654e-01
-7.091435733438458122e-01,-5.537123258831522232e-01,-5.507016019503075954e-01,7.082331122151057645e-01,3.277753952343078758e+00,2.286579707891565505e+00,-4.966680157416004104e-01,-4.963069089824175273e-01,-6.623362709603883292e-02,-6.302706439077716549e-01,8.414777418280475763e-01,-5.527336881405341407e-01,1.020964981781364266e-02,1.264700546746287069e+00,1.888272549307201120e-01,2.316813119472644900e-01,-6.959544865736890795e-01,-6.341994886133547338e-01,-9.010502736625928266e-01,8.015137498546251460e-02,-6.362483984730694930e-02,4.388828066981781961e-01,3.962018046892561429e-01,1.363347704551020945e+00,3.766579043152746276e-01,4.786995064188634408e-01,-4.720741674399969168e-01,-5.226151484557896021e-01,-7.744855430679303820e-01,1.478522605462855299e-01,-5.809668599935657873e-02,0.000000000000000000e+00,0.000000000000000000e+00,1.473574796521728292e-01,-1.734114156426813935e-01,-1.736090558870059808e-01,7.730189121793425988e-01,2.872637440754529092e-01,1.175405164375203482e+00,1.635022553829005076e+00,-3.774647335768301359e-01,-4.668062001933125371e-01,-1.131277881212430225e+00,-4.820408707801026038e-01,-3.669621702617922865e-01,-4.602362970513234064e-01,-5.183686688943279358e-02,-5.183686688943279358e-02,-7.051398600435393460e-01,-1.040941436780788015e-01,-2.030901712371240009e-02,-8.401389803667852485e-02,-3.271524934852403366e-01,-5.191945123345532709e-01,1.407679351095596942e+00,-5.752567881263277033e-02,-3.801429606348526863e-02,-1.147078669352808861e-01,-1.711160802546210780e-01,-7.340709118518067011e-02,-7.197411700355742237e-02,-1.244624194945742751e-01,-7.051263942166730025e-02,-2.872721242393142319e-02,-2.030901712371240009e-02,-2.019004323808653023e-01,-1.435916317235476011e-02,-1.435916317235476011e-02,-5.183686688943279358e-02,-3.801429606348527557e-02,-3.801429606348527557e-02,-1.558271304830920190e-01,-4.064318733121485144e-02,-8.148853797899899276e-02,-1.210011918676099085e-01,-5.569323991926412171e-02,-7.051263942166730025e-02,-4.979810447122927364e-02,-3.212131358814808435e-02,-2.030901712371240009e-02,-3.801429606348527557e-02,-6.749673070628271765e-02,-3.519076715388935045e-02,-1.435916317235476185e-02,-3.524455202264515918e-01,-3.753330286669139260e-01,-2.907009498669055336e-01,-4.311306135592269523e-02,-3.519076715388935045e-02,-3.801429606348527557e-02,-1.435916317235476011e-02,-1.286658602907498339e-01,-4.767312946227962589e-02,5.913962991410492975e-01,-2.487592975524973576e-02,-4.967123990818995694e-01,-1.786283982422259831e-01,-4.979810447122926670e-02,5.840947806181536750e-01,-2.030901712371240009e-02,-4.892821642774447533e-01,-1.767766952966368654e-01
1.027371295638305648e+00,-5.537123258831522232e-01,-5.507016019503075954e-01,7.082331122151057645e-01,1.125116549324548298e+00,1.892094807171223358e+00,-4.966680157416004104e-01,-4.963069089824175273e-01,-6.493539992246850634e-01,-6.302706439077716549e-01,8.414777418280475763e-01,-5.527336881405341407e-01,8.186869958680963455e-01,9.206500045609311567e-01,-1.271226163947816401e+00,2.316813119472644900e-01,-6.959544865736890795e-01,-2.707201460312350788e-02,-7.450366433329778104e-01,8.322100211256544533e-01,-4.872757218968044035e-01,-1.066549761865789980e+00,5.629333328319633400e-01,1.927355938180438821e+00,7.484301193482666426e-01,1.320614996824891030e+00,-8.078231342445260088e-01,-1.773242088314630704e+00,-1.202811734101178587e+00,1.310720544313225044e+00,-4.805784352658213909e-01,0.000000000000000000e+00,0.000000000000000000e+00,-2.392467030372219805e-01,-4.681622135693289666e-01,-7.702633457260871230e-01,-2.928003175527292834e-01,-5.471392242551533780e-01,3.286421493562152185e-01,1.164017214678525258e+00,9.257960654133498002e-01,-4.668062001933125371e-01,-9.574075473606477593e-02,-2.472873054599261933e-01,-3.669621702617922865e-01,-4.602362970513234064e-01,-5.183686688943279358e-02,-5.183686688943279358e-02,-7.051398600435393460e-01,-1.040941436780788015e-01,-2.030901712371240009e-02,-8.401389803667852485e-02,-3.271524934852403366e-01,-5.191945123345532709e-01,1.407679351095596942e+00,-5.752567881263277033e-02,-3.801429606348526863e-02,-1.147078669352808861e-01,-1.711160802546210780e-01,-7.340709118518067011e-02,-7.197411700355742237e-02,-1.244624194945742751e-01,-7.051263942166730025e-02,-2.872721242393142319e-02,-2.030901712371240009e-02,-2.019004323808653023e-01,-1.435916317235476011e-02,-1.435916317235476011e-02,-5.183686688943279358e-02,-3.801429606348527557e-02,-3.801429606348527557e-02,-1.558271304830920190e-01,-4.064318733121485144e-02,-8.148853797899899276e-02,-1.210011918676099085e-01,-5.569323991926412171e-02,-7.051263942166730025e-02,-4.979810447122927364e-02,-3.212131358814808435e-02,-2.030901712371240009e-02,-3.801429606348527557e-02,-6.749673070628271765e-02,-3.519076715388935045e-02,-1.435916317235476185e-02,-3.524455202264515918e-01,-3.753330286669139260e-01,-2.907009498669055336e-01,-4.311306135592269523e-02,-3.519076715388935045e-02,-3.801429606348527557e-02,-1.435916317235476011e-02,-1.286658602907498339e-01,-4.767312946227962589e-02,5.913962991410492975e-01,-2.487592975524973576e-02,-4.967123990818995694e-01,-1.786283982422259831e-01,-4.979810447122926670e-02,5.840947806181536750e-01,-2.030901712371240009e-02,-4.892821642774447533e-01,-1.767766952966368654e-01
-1.220897278477841574e-01,4.047385190264539689e-01,-5.507016019503075954e-01,7.082331122151057645e-01,1.412134869727019071e+00,9.238136872212926454e-01,3.852314916320680460e+00,-4.963069089824175273e-01,-6.623362709603883292e-02,1.151455984062275117e+00,8.414777418280475763e-01,-1.784356374822102298e+00,1.821509857795850840e+00,2.872842337197081264e-01,-8.493276110900550846e-02,1.053836428447761930e+00,1.335038924697370621e+00,-8.210079421549643097e-01,-5.734216499704015702e-01,5.397427698489131176e-01,-1.052143564629467676e+00,-1.317455189959784834e+00,-7.860763039590304979e-01,-7.830169623164860981e-01,-4.598295795089574756e-01,-3.632159839871641482e-01,-5.839904897081731328e-01,-1.310046925403953073e-02,6.006669649861826610e-01,-5.843240662699356047e-01,-1.043887434287774418e+00,0.000000000000000000e+00,0.000000000000000000e+00,-1.012455068416011628e+00,-1.352414607349271769e+00,-1.665244780484708809e+00,-2.417352684623720327e-01,-1.107638896336321288e+00,1.110601872409461635e-02,-1.349613319767399566e-02,-3.774647335768301359e-01,-4.668062001933125371e-01,-7.170630306218840344e-01,-9.515480014204554804e-01,-3.669621702617922865e-01,-4.602362970513234064e-01,-5.183686688943279358e-02,-5.183686688943279358e-02,-7.051398600435393460e-01,-1.040941436780788015e-01,-2.030901712371240009e-02,-8.401389803667852485e-02,3.056678521220304923e+00,-5.191945123345532709e-01,-7.103890521813077674e-01,-5.752567881263277033e-02,-3.801429606348526863e-02,-1.147078669352808861e-01,-1.711160802546210780e-01,-7.340709118518067011e-02,-7.197411700355742237e-02,-1.244624194945742751e-01,-7.051263942166730025e-02,-2.872721242393142319e-02,-2.030901712371240009e-02,-2.019004323808653023e-01,-1.435916317235476011e-02,-1.435916317235476011e-02,-5.183686688943279358e-02,-3.801429606348527557e-02,-3.801429606348527557e-02,-1.558271304830920190e-01,-4.064318733121485144e-02,-8.148853797899899276e-02,-1.210011918676099085e-01,-5.569323991926412171e-02,-7.051263942166730025e-02,-4.979810447122927364e-02,-3.212131358814808435e-02,-2.030901712371240009e-02,-3.801429606348527557e-02,-6.749673070628271765e-02,-3.519076715388935045e-02,-1.435916317235476185e-02,-3.524455202264515918e-01,-3.753330286669139260e-01,-2.907009498669055336e-01,-4.311306135592269523e-02,-3.519076715388935045e-02,-3.801429606348527557e-02,-1.435916317235476011e-02,-1.286658602907498339e-01,-4.767312946227962589e-02,5.913962991410492975e-01,-2.487592975524973576e-02,-4.967123990818995694e-01,-1.786283982422259831e-01,-4.979810447122926670e-02,5.840947806181536750e-01,-2.030901712371240009e-02,-4.892821642774447533e-01,-1.767766952966368654e-01
2.219711339814095241e-01,-7.448690342834912714e-02,-5.507016019503075954e-01,7.082331122151057645e-01,1.196871129425165936e+00,8.879514235194433391e-01,-4.966680157416004104e-01,-4.963069089824175273e-01,5.168867450326074531e-01,-6.302706439077716549e-01,8.414777418280475763e-01,6.788889985410339056e-01,-3.784813819371299348e-01,4.123935217871103065e-01,6.320577570903027943e-03,4.783278468974136999e-01,-8.087874538665257296e-01,2.998427790946933125e-01,-9.322529997285158299e-01,8.739910570223318187e-01,-6.362483984730694930e-02,1.879773786041834815e-01,3.204147464425713410e-01,1.457349076822590739e+00,4.696009580735226452e-01,1.419333102564523941e-01,-4.720741674399969168e-01,-1.773242088314630704e+00,-1.202811734101178587e+00,-1.967013050142891462e-01,-5.809668599935657873e-02,0.000000000000000000e+00,0.000000000000000000e+00,1.473574796521728292e-01,4.160901802106137248e-01,1.247180890325345903e-01,1.170294354032148237e-01,-1.582627295442054605e+00,-4.122754887853995465e-01,-7.200041419233935702e-01,9.257960654133498002e-01,-4.668062001933125371e-01,-9.241704559171570743e-01,-9.515480014204554804e-01,-3.669621702617922865e-01,1.739375798511208382e+00,-5.183686688943279358e-02,-5.183686688943279358e-02,-7.051398600435393460e-01,-1.040941436780788015e-01,-2.030901712371240009e-02,-8.401389803667852485e-02,-3.271524934852403366e-01,-5.191945123345532709e-01,1.407679351095596942e+00,-5.752567881263277033e-02,-3.801429606348526863e-02,-1.147078669352808861e-01,-1.711160802546210780e-01,-7.340709118518067011e-02,-7.197411700355742237e-02,-1.244624194945742751e-01,-7.051263942166730025e-02,-2.872721242393142319e-02,-2.030901712371240009e-02,-2.019004323808653023e-01,-1.435916317235476011e-02,-1.435916317235476011e-02,-5.183686688943279358e-02,-3.801429606348527557e-02,-3.801429606348527557e-02,-1.558271304830920190e-01,-4.064318733121485144e-02,-8.148853797899899276e-02,-1.210011918676099085e-01,-5.569323991926412171e-02,-7.051263942166730025e-02,-4.979810447122927364e-02,-3.212131358814808435e-02,-2.030901712371240009e-02,-3.801429606348527557e-02,-6.749673070628271765e-02,-3.519076715388935045e-02,-1.435916317235476185e-02,-3.524455202264515918e-01,-3.753330286669139260e-01,-2.907009498669055336e-01,-4.311306135592269523e-02,-3.519076715388935045e-02,-3.801429606348527557e-02,-1.435916317235476011e-02,-1.286658602907498339e-01,-4.767312946227962589e-02,5.913962991410492975e-01,-2.487592975524973576e-02,-4.967123990818995694e-01,-1.786283982422259831e-01,-4.979810447122926670e-02,5.840947806181536750e-01,-2.030901712371240009e-02,-4.892821642774447533e-01,-1.767766952966368654e-01
-4.384896455681847743e-02,4.047385190264539689e-01,1.953942567429912014e+00,7.082331122151057645e-01,-4.893615029393497129e-01,-5.465391245545280219e-01,1.677823450289539942e+00,-4.963069089824175273e-01,-6.493539992246850634e-01,2.933182612032321668e+00,8.414777418280475763e-01,2.403160759895229148e+00,-1.357982781959587770e+00,2.638262422070704050e-01,1.283867319089622594e+00,-1.496522300288474598e-02,-5.831215192808524295e-01,8.135660263341197851e-01,5.576771699193061593e-01,-2.123158762912787934e-01,1.913412609717014545e+00,1.879773786041834815e-01,-7.481827748356879582e-01,-1.668196551207100420e+00,-7.386587407837015284e-01,-2.644978782475312235e-02,1.994237661690613783e-01,-1.057395018361759059e-01,1.209341025928167168e+00,-8.858084361354384706e-01,9.276940622890612609e-01,0.000000000000000000e+00,0.000000000000000000e+00,1.307170027720357286e+00,1.595093371917204017e+00,4.230452339520751615e-01,3.867576434189480272e-01,-9.934011800957017746e-01,1.175405164375203482e+00,4.575092059528056976e-01,2.229056864403530014e+00,-4.668062001933125371e-01,-4.064018926789744190e-01,-4.820408707801026038e-01,-3.669621702617922865e-01,1.739375798511208382e+00,-5.183686688943279358e-02,-5.183686688943279358e-02,-7.051398600435393460e-01,-1.040941436780788015e-01,-2.030901712371240009e-02,-8.401389803667852485e-02,3.056678521220304923e+00,-5.191945123345532709e-01,-7.103890521813077674e-01,-5.752567881263277033e-02,-3.801429606348526863e-02,-1.147078669352808861e-01,-1.711160802546210780e-01,-7.340709118518067011e-02,-7.197411700355742237e-02,-1.244624194945742751e-01,-7.051263942166730025e-02,-2.872721242393142319e-02,-2.030901712371240009e-02,-2.019004323808653023e-01,-1.435916317235476011e-02,-1.435916317235476011e-02,-5.183686688943279358e-02,-3.801429606348527557e-02,-3.801429606348527557e-02,-1.558271304830920190e-01,-4.064318733121485144e-02,-8.148853797899899276e-02,-1.210011918676099085e-01,-5.569323991926412171e-02,-7.051263942166730025e-02,-4.979810447122927364e-02,-3.212131358814808435e-02,-2.030901712371240009e-02,-3.801429606348527557e-02,-6.749673070628271765e-02,-3.519076715388935045e-02,-1.435916317235476185e-02,-3.524455202264515918e-01,-3.753330286669139260e-01,-2.907009498669055336e-01,-4.311306135592269523e-02,-3.519076715388935045e-02,-3.801429606348527557e-02,-1.435916317235476011e-02,-1.286658602907498339e-01,-4.767312946227962589e-02,5.913962991410492975e-01,-2.487592975524973576e-02,-4.967123990818995694e-01,-1.786283982422259831e-01,-4.979810447122926670e-02,5.840947806181536750e-01,-2.030901712371240009e-02,-4.892821642774447533e-01,-1.767766952966368654e-01
5.192566957736572536e-02,4.047385190264539689e-01,-4.977276807426366662e-02,7.082331122151057645e-01,1.053361969223930661e+00,1.348438857806083802e-01,-4.966680157416004104e-01,-4.963069089824175273e-01,5.168867450326074531e-01,-3.636176791775609651e-02,8.414777418280475763e-01,-7.990582254768477943e-01,-7.530237716827385686e-02,5.375028098545124866e-01,-4.499461158286396367e-01,8.071898934976127205e-01,-3.574555846951790183e-01,6.633221216768130091e-02,-5.188168793550362867e-01,4.143996621588811879e-01,-1.052143564629467676e+00,-1.066549761865789980e+00,-2.934604253555775921e-01,-4.461787116766949279e-01,9.782874304053058856e-02,-5.315990820683696993e-01,-4.720741674399969168e-01,-9.394907950754033399e-01,-4.213042978299886832e-01,-1.536321093192173082e-01,-1.325541933798751071e+00,0.000000000000000000e+00,0.000000000000000000e+00,-1.399059251105406521e+00,-1.352414607349271769e+00,-1.068590490645627611e+00,-1.701017248236811996e+00,1.313399019780665977e+00,-9.473935815327891308e-02,-4.845014723481537167e-01,-3.774647335768301359e-01,-4.668062001933125371e-01,-9.241704559171570743e-01,-9.515480014204554804e-01,-3.669621702617922865e-01,-4.602362970513234064e-01,-5.183686688943279358e-02,-5.183686688943279358e-02,-7.051398600435393460e-01,-1.040941436780788015e-01,-2.030901712371240009e-02,-8.401389803667852485e-02,-3.271524934852403366e-01,-5.191945123345532709e-01,1.407679351095596942e+00,-5.752567881263277033e-02,-3.801429606348526863e-02,-1.147078669352808861e-01,-1.711160802546210780e-01,-7.340709118518067011e-02,-7.197411700355742237e-02,-1.244624194945742751e-01,-7.051263942166730025e-02,-2.872721242393142319e-02,-2.030901712371240009e-02,-2.019004323808653023e-01,-1.435916317235476011e-02,-1.435916317235476011e-02,-5.183686688943279358e-02,-3.801429606348527557e-02,-3.801429606348527557e-02,-1.558271304830920190e-01,-4.064318733121485144e-02,-8.148853797899899276e-02,-1.210011918676099085e-01,-5.569323991926412171e-02,-7.051263942166730025e-02,-4.979810447122927364e-02,-3.212131358814808435e-02,-2.030901712371240009e-02,-3.801429606348527557e-02,-6.749673070628271765e-02,-3.519076715388935045e-02,-1.435916317235476185e-02,-3.524455202264515918e-01,-3.753330286669139260e-01,-2.907009498669055336e-01,-4.311306135592269523e-02,-3.519076715388935045e-02,-3.801429606348527557e-02,-1.435916317235476011e-02,-1.286658602907498339e-01,-4.767312946227962589e-02,5.913962991410492975e-01,-2.487592975524973576e-02,-4.967123990818995694e-01,-1.786283982422259831e-01,-4.979810447122926670e-02,5.840947806181536750e-01,-2.030901712371240009e-02,-4.892821642774447533e-01,-1.767766952966368654e-01
-8.628130640358270265e-01,2.800865631300469172e+00,4.511560658017802483e-01,7.082331122151057645e-01,1.017484679173621842e+00,2.178992916786017364e+00,-4.966680157416004104e-01,6.573034482162921632e-01,4.598729349933130983e+00,-6.302706439077716549e-01,8.414777418280475763e-01,-1.784356374822102298e+00,2.093593580024311063e+00,6.391541064092766122e-01,-9.062128092281823699e-01,3.961123352473639447e-01,-8.087874538665257296e-01,9.069702531049245176e-01,2.047607339567127926e+00,7.486479493322998335e-01,-1.334577485995799284e+00,-1.066549761865789980e+00,2.597850998452232441e-01,7.445053370965207806e-01,2.837148505570266099e-01,-1.948328859059586526e-01,1.654335955655354518e+00,-1.983785344183122967e-01,8.216683899856633277e-02,-1.144223610305869387e+00,-1.043887434287774418e+00,0.000000000000000000e+00,0.000000000000000000e+00,-1.399059251105406521e+00,-1.647165405275919259e+00,-4.719362008065465242e-01,-4.754560700682379237e-01,-1.777031830097143938e+00,-9.415023731722672595e-01,-7.200041419233935702e-01,-3.774647335768301359e-01,-4.668062001933125371e-01,-3.028481800313378436e-01,-2.472873054599261933e-01,-3.669621702617922865e-01,-4.602362970513234064e-01,-5.183686688943279358e-02,-5.183686688943279358e-02,-7.051398600435393460e-01,-1.040941436780788015e-01,-2.030901712371240009e-02,-8.401389803667852485e-02,-3.271524934852403366e-01,-5.191945123345532709e-01,1.407679351095596942e+00,-5.752567881263277033e-02,-3.801429606348526863e-02,-1.147078669352808861e-01,-1.711160802546210780e-01,-7.340709118518067011e-02,-7.197411700355742237e-02,-1.244624194945742751e-01,-7.051263942166730025e-02,-2.872721242393142319e-02,-2.030901712371240009e-02,-2.019004323808653023e-01,-1.435916317235476011e-02,-1.435916317235476011e-02,-5.183686688943279358e-02,-3.801429606348527557e-02,-3.801429606348527557e-02,-1.558271304830920190e-01,-4.064318733121485144e-02,-8.148853797899899276e-02,-1.210011918676099085e-01,-5.569323991926412171e-02,-7.051263942166730025e-02,-4.979810447122927364e-02,-3.212131358814808435e-02,-2.030901712371240009e-02,-3.801429606348527557e-02,-6.749673070628271765e-02,-3.519076715388935045e-02,-1.435916317235476185e-02,-3.524455202264515918e-01,-3.753330286669139260e-01,-2.907009498669055336e-01,-4.311306135592269523e-02,-3.519076715388935045e-02,-3.801429606348527557e-02,-1.435916317235476011e-02,-1.286658602907498339e-01,-4.767312946227962589e-02,5.913962991410492975e-01,-2.487592975524973576e-02,-4.967123990818995694e-01,-1.786283982422259831e-01,-4.979810447122926670e-02,5.840947806181536750e-01,-2.030901712371240009e-02,-4.892821642774447533e-01,-1.767766952966368654e-01
1.323462133462467438e+00,-5.537123258831522232e-01,-4.977276807426366662e-02,-2.878929612425566442e-01,-1.664658924865700940e-01,3.858797316935533850e-01,-4.966680157416004104e-01,-4.963069089824175273e-01,-6.493539992246850634e-01,-3.636176791775609651e-02,-1.926750273227265220e+00,1.664187147886288409e+00,7.487226101522066468e-01,3.498388777534092164e-01,1.101360641729805412e+00,-5.082582929031832508e-01,-3.574555846951790183e-01,-9.611142823111715749e-01,-8.152427769813045400e-01,5.397427698489131176e-01,9.248938849348538049e-01,9.406936628861676253e-01,-6.572383049396658405e-01,1.598351135229944875e+00,7.484301193482666426e-01,4.786995064188634408e-01,-6.959068119763496263e-01,7.953856332809684793e-02,-4.513622761481113632e-01,4.493366304117883403e-01,9.276940622890612609e-01,0.000000000000000000e+00,0.000000000000000000e+00,9.205658450309623930e-01,7.108409781372613256e-01,1.019699523791156359e+00,2.154393958085160765e+00,1.252605849149693196e+00,-9.473935815327891308e-02,-4.845014723481537167e-01,-3.774647335768301359e-01,-4.668062001933125371e-01,3.184740958544813871e-01,-2.472873054599261933e-01,-3.669621702617922865e-01,-4.602362970513234064e-01,-5.183686688943279358e-02,-5.183686688943279358e-02,1.418158377741196352e+00,-1.040941436780788015e-01,-2.030901712371240009e-02,-8.401389803667852485e-02,-3.271524934852403366e-01,-5.191945123345532709e-01,-7.103890521813077674e-01,-5.752567881263277033e-02,-3.801429606348526863e-02,-1.147078669352808861e-01,-1.711160802546210780e-01,-7.340709118518067011e-02,-7.197411700355742237e-02,-1.244624194945742751e-01,-7.051263942166730025e-02,-2.872721242393142319e-02,-2.030901712371240009e-02,-2.019004323808653023e-01,-1.435916317235476011e-02,-1.435916317235476011e-02,-5.183686688943279358e-02,-3.801429606348527557e-02,-3.801429606348527557e-02,-1.558271304830920190e-01,-4.064318733121485144e-02,-8.148853797899899276e-02,-1.210011918676099085e-01,-5.569323991926412171e-02,-7.051263942166730025e-02,-4.979810447122927364e-02,-3.212131358814808435e-02,-2.030901712371240009e-02,-3.801429606348527557e-02,-6.749673070628271765e-02,-3.519076715388935045e-02,-1.435916317235476185e-02,2.837317947345407543e+00,-3.753330286669139260e-01,-2.907009498669055336e-01,-4.311306135592269523e-02,-3.519076715388935045e-02,-3.801429606348527557e-02,-1.435916317235476011e-02,-1.286658602907498339e-01,-4.767312946227962589e-02,5.913962991410492975e-01,-2.487592975524973576e-02,-4.967123990818995694e-01,-1.786283982422259831e-01,-4.979810447122926670e-02,5.840947806181536750e-01,-2.030901712371240009e-02,-4.892821642774447533e-01,-1.767766952966368654e-01
1.012649460685037361e+00,-5.537123258831522232e-01,-5.507016019503075954e-01,-2.878929612425566442e-01,-2.382204725871877871e-01,-2.955032786415830448e-01,-4.966680157416004104e-01,-4.963069089824175273e-01,-6.493539992246850634e-01,-6.302706439077716549e-01,-1.371898470645372514e+00,-7.990582254768477943e-01,8.264608165031950282e-01,5.375028098545124866e-01,-1.761860997889140579e-01,6.427588701975132102e-01,-8.087874538665257296e-01,-1.671783547593307107e-01,-6.592291466516897458e-01,7.486479493322998335e-01,-4.872757218968044035e-01,-5.647389056778006067e-01,7.978732133966870421e-01,9.403415293289575372e-01,-1.296317063333189523e+00,2.261248592970551696e-01,-6.959068119763496263e-01,-1.310046925403953073e-02,-7.293985755907462787e-01,8.800285873625066646e-01,-4.805784352658213909e-01,0.000000000000000000e+00,0.000000000000000000e+00,-2.392467030372219805e-01,-7.629130114959765674e-01,-4.719362008065465242e-01,1.595836429785125188e-01,2.692262099321972024e-01,4.344875262335887722e-01,2.106027892979484673e+00,-3.774647335768301359e-01,1.696017942249628430e+00,3.184740958544813871e-01,1.161234086461132353e+00,9.137094037957288473e-01,-4.602362970513234064e-01,-5.183686688943279358e-02,-5.183686688943279358e-02,1.418158377741196352e+00,-1.040941436780788015e-01,-2.030901712371240009e-02,-8.401389803667852485e-02,-3.271524934852403366e-01,-5.191945123345532709e-01,-7.103890521813077674e-01,-5.752567881263277033e-02,-3.801429606348526863e-02,-1.147078669352808861e-01,-1.711160802546210780e-01,-7.340709118518067011e-02,-7.197411700355742237e-02,-1.244624194945742751e-01,-7.051263942166730025e-02,-2.872721242393142319e-02,-2.030901712371240009e-02,-2.019004323808653023e-01,-1.435916317235476011e-02,-1.435916317235476011e-02,-5.183686688943279358e-02,-3.801429606348527557e-02,-3.801429606348527557e-02,-1.558271304830920190e-01,-4.064318733121485144e-02,-8.148853797899899276e-02,-1.210011918676099085e-01,-5.569323991926412171e-02,-7.051263942166730025e-02,-4.979810447122927364e-02,-3.212131358814808435e-02,-2.030901712371240009e-02,-3.801429606348527557e-02,-6.749673070628271765e-02,-3.519076715388935045e-02,-1.435916317235476185e-02,2.837317947345407543e+00,-3.753330286669139260e-01,-2.907009498669055336e-01,-4.311306135592269523e-02,-3.519076715388935045e-02,-3.801429606348527557e-02,-1.435916317235476011e-02,-1.286658602907498339e-01,-4.767312946227962589e-02,5.913962991410492975e-01,-2.487592975524973576e-02,-4.967123990818995694e-01,-1.786283982422259831e-01,-4.979810447122926670e-02,5.840947806181536750e-01,-2.030901712371240009e-02,-4.892821642774447533e-01,-1.767766952966368654e-01
-1.311874910211522638e-01,-7.448690342834912714e-02,4.511560658017802483e-01,7.082331122151057645e-01,1.376257579676710252e+00,1.103125005730539065e+00,-4.966680157416004104e-01,-4.963069089824175273e-01,1.100007117161253767e+00,1.151455984062275117e+00,2.926569371003057141e-01,-3.064091508042205425e-01,-3.240646374914379901e-01,-9.586296098671048815e-02,2.800805936106286476e-01,3.961123352473639447e-01,3.195422190618408820e-01,-3.072846949155379481e-01,5.843355286453862790e-02,-4.212210557746654538e-01,-7.697096432631360674e-01,-3.138334775838059199e-01,-1.494650146868760632e-01,3.058322664958623149e-01,-4.598295795089574756e-01,-1.106413368653558910e-01,6.470890552417668529e-01,-1.520590181272440944e-01,8.110728132130416990e-01,1.864467346107001947e-02,-7.622329347767978769e-01,0.000000000000000000e+00,0.000000000000000000e+00,-6.258508857266168457e-01,-7.629130114959765674e-01,-1.736090558870059808e-01,1.601843939722833454e+00,1.151729269311485337e+00,1.169513956014681527e-01,-1.349613319767399566e-02,-3.774647335768301359e-01,-4.668062001933125371e-01,7.326889464450275780e-01,-1.253374013974976713e-02,-3.669621702617922865e-01,-4.602362970513234064e-01,-5.183686688943279358e-02,-5.183686688943279358e-02,1.418158377741196352e+00,-1.040941436780788015e-01,-2.030901712371240009e-02,-8.401389803667852485e-02,-3.271524934852403366e-01,-5.191945123345532709e-01,-7.103890521813077674e-01,-5.752567881263277033e-02,-3.801429606348526863e-02,-1.147078669352808861e-01,-1.711160802546210780e-01,-7.340709118518067011e-02,-7.197411700355742237e-02,8.034553755751097981e+00,-7.051263942166730025e-02,-2.872721242393142319e-02,-2.030901712371240009e-02,-2.019004323808653023e-01,-1.435916317235476011e-02,-1.435916317235476011e-02,-5.183686688943279358e-02,-3.801429606348527557e-02,-3.801429606348527557e-02,-1.558271304830920190e-01,-4.064318733121485144e-02,-8.148853797899899276e-02,-1.210011918676099085e-01,-5.569323991926412171e-02,-7.051263942166730025e-02,-4.979810447122927364e-02,-3.212131358814808435e-02,-2.030901712371240009e-02,-3.801429606348527557e-02,-6.749673070628271765e-02,-3.519076715388935045e-02,-1.435916317235476185e-02,-3.524455202264515918e-01,-3.753330286669139260e-01,-2.907009498669055336e-01,-4.311306135592269523e-02,-3.519076715388935045e-02,-3.801429606348527557e-02,-1.435916317235476011e-02,-1.286658602907498339e-01,-4.767312946227962589e-02,5.913962991410492975e-01,-2.487592975524973576e-02,-4.967123990818995694e-01,-1.786283982422259831e-01,-4.979810447122926670e-02,5.840947806181536750e-01,-2.030901712371240009e-02,-4.892821642774447533e-01,-1.767766952966368654e-01
-9.711223258999172880e-02,-5.537123258831522232e-01,4.511560658017802483e-01,7.082331122151057645e-01,-2.740977626374966336e-01,1.707061494824576586e-01,-4.966680157416004104e-01,-4.963069089824175273e-01,-6.493539992246850634e-01,-6.302706439077716549e-01,8.414777418280475763e-01,1.862399238684066816e-01,-6.272436422602937212e-01,-1.034182621492226062e+00,-8.149594705482737789e-01,-9.718073465293448898e-02,-8.087874538665257296e-01,-7.377412798852590881e-02,-4.564114272231903913e-01,5.397427698489131176e-01,-6.362483984730694930e-02,4.388828066981781961e-01,-8.845994796797210791e-01,-4.853459501231821016e-01,6.554870655900186804e-01,5.774176121584963933e-02,-2.482415229036441240e-01,-3.373370832915168482e-01,-2.033839550235991278e-01,4.493366304117883403e-01,-5.809668599935657873e-02,0.000000000000000000e+00,0.000000000000000000e+00,1.473574796521728292e-01,4.160901802106137248e-01,4.230452339520751615e-01,-8.027961283397587744e-01,-1.436990908655767951e+00,-7.298116194175201521e-01,-1.191009481073873166e+00,-3.774647335768301359e-01,-4.668062001933125371e-01,-9.574075473606477593e-02,-9.515480014204554804e-01,-3.669621702617922865e-01,-4.602362970513234064e-01,-5.183686688943279358e-02,-5.183686688943279358e-02,-7.051398600435393460e-01,-1.040941436780788015e-01,-2.030901712371240009e-02,-8.401389803667852485e-02,-3.271524934852403366e-01,-5.191945123345532709e-01,1.407679351095596942e+00,-5.752567881263277033e-02,-3.801429606348526863e-02,-1.147078669352808861e-01,-1.711160802546210780e-01,-7.340709118518067011e-02,-7.197411700355742237e-02,-1.244624194945742751e-01,-7.051263942166730025e-02,-2.872721242393142319e-02,-2.030901712371240009e-02,-2.019004323808653023e-01,-1.435916317235476011e-02,-1.435916317235476011e-02,-5.183686688943279358e-02,-3.801429606348527557e-02,-3.801429606348527557e-02,-1.558271304830920190e-01,-4.064318733121485144e-02,-8.148853797899899276e-02,-1.210011918676099085e-01,-5.569323991926412171e-02,-7.051263942166730025e-02,-4.979810447122927364e-02,-3.212131358814808435e-02,-2.030901712371240009e-02,-3.801429606348527557e-02,-6.749673070628271765e-02,-3.519076715388935045e-02,-1.435916317235476185e-02,-3.524455202264515918e-01,-3.753330286669139260e-01,-2.907009498669055336e-01,-4.311306135592269523e-02,-3.519076715388935045e-02,-3.801429606348527557e-02,-1.435916317235476011e-02,-1.286658602907498339e-01,-4.767312946227962589e-02,5.913962991410492975e-01,-2.487592975524973576e-02,-4.967123990818995694e-01,-1.786283982422259831e-01,-4.979810447122926670e-02,-1.712050908829709783e+00,-2.030901712371240009e-02,2.043810449286999731e+00,-1.767766952966368654e-01
-3.346465583528389076e-01,-5.537123258831522232e-01,-4.977276807426366662e-02,7.082331122151057645e-01,1.268625709525783574e+00,1.533472170152730518e+00,-4.966680157416004104e-01,-4.963069089824175273e-01,-6.493539992246850634e-01,5.575471080722594897e-01,8.414777418280475763e-01,-1.045382762813161337e+00,7.642702514224040122e-01,-1.584176050204115782e-01,-1.544986179987542174e+00,4.783278468974136999e-01,-8.087874538665257296e-01,-1.801752323248414722e+00,-1.236479578871264806e+00,9.575531288156864385e-01,-4.872757218968044035e-01,4.388828066981781961e-01,-2.176733671088924849e-01,3.166159737045073919e-02,4.885689282282582209e-03,-2.644978782475312235e-02,-2.482415229036441240e-01,5.427337262387786909e-01,1.434775863314087241e+00,1.396858935703368720e+00,-5.809668599935657873e-02,0.000000000000000000e+00,0.000000000000000000e+00,1.473574796521728292e-01,-1.057663809422624057e+00,7.213723788716157603e-01,-3.104766806993914385e-01,-9.098940775806291237e-01,-9.415023731722672595e-01,-9.555068114986333683e-01,-3.774647335768301359e-01,-4.668062001933125371e-01,-1.131277881212430225e+00,-9.515480014204554804e-01,-3.669621702617922865e-01,3.938987894073740392e+00,-5.183686688943279358e-02,-5.183686688943279358e-02,-7.051398600435393460e-01,-1.040941436780788015e-01,-2.030901712371240009e-02,-8.401389803667852485e-02,3.056678521220304923e+00,-5.191945123345532709e-01,-7.103890521813077674e-01,-5.752567881263277033e-02,-3.801429606348526863e-02,-1.147078669352808861e-01,-1.711160802546210780e-01,-7.340709118518067011e-02,-7.197411700355742237e-02,-1.244624194945742751e-01,-7.051263942166730025e-02,-2.872721242393142319e-02,-2.030901712371240009e-02,-2.019004323808653023e-01,-1.435916317235476011e-02,-1.435916317235476011e-02,-5.183686688943279358e-02,-3.801429606348527557e-02,-3.801429606348527557e-02,-1.558271304830920190e-01,-4.064318733121485144e-02,-8.148853797899899276e-02,-1.210011918676099085e-01,-5.569323991926412171e-02,-7.051263942166730025e-02,-4.979810447122927364e-02,-3.212131358814808435e-02,-2.030901712371240009e-02,-3.801429606348527557e-02,-6.749673070628271765e-02,-3.519076715388935045e-02,-1.435916317235476185e-02,-3.524455202264515918e-01,-3.753330286669139260e-01,-2.907009498669055336e-01,-4.311306135592269523e-02,-3.519076715388935045e-02,-3.801429606348527557e-02,-1.435916317235476011e-02,-1.286658602907498339e-01,-4.767312946227962589e-02,-1.690913523558418063e+00,-2.487592975524973576e-02,2.013237442528823973e+00,-1.786283982422259831e-01,-4.979810447122926670e-02,-1.712050908829709783e+00,-2.030901712371240009e-02,2.043810449286999731e+00,-1.767766952966368654e-01
1.094363915369470863e+00,-7.448690342834912714e-02,-5.507016019503075954e-01,-2.878929612425566442e-01,-5.969933730902762248e-01,-8.692994978711715559e-01,5.905777172739697933e-01,-4.963069089824175273e-01,-6.493539992246850634e-01,-3.636176791775609651e-02,3.589979134959669915e-01,-3.064091508042205425e-01,-1.530405835192626407e-01,-4.086361811552155499e-01,-2.674394384688225657e-01,4.783278468974136999e-01,-3.574555846951790183e-01,3.932470058654981004e-01,3.548594504908069713e-01,1.208239344195750409e+00,-6.362483984730694930e-02,1.879773786041834815e-01,-5.738725408683124085e-01,-9.240190207238405673e-01,-5.527726332672054932e-01,7.312741535406717119e-01,-3.601578451718204787e-01,4.500946936566423418e-01,6.457539324633667643e-01,3.201290433265728819e-01,-5.809668599935657873e-02,0.000000000000000000e+00,0.000000000000000000e+00,1.473574796521728292e-01,-4.681622135693289666e-01,-1.736090558870059808e-01,3.061166001953331481e-02,1.820454146252187266e+00,1.387095918129950478e+00,1.870525223404244874e+00,-3.774647335768301359e-01,-4.668062001933125371e-01,1.113666705592083056e-01,6.917269558207794766e-01,-3.669621702617922865e-01,-4.602362970513234064e-01,-5.183686688943279358e-02,-5.183686688943279358e-02,-7.051398600435393460e-01,-1.040941436780788015e-01,-2.030901712371240009e-02,-8.401389803667852485e-02,-3.271524934852403366e-01,1.926060419058570616e+00,-7.103890521813077674e-01,-5.752567881263277033e-02,-3.801429606348526863e-02,-1.147078669352808861e-01,-1.711160802546210780e-01,-7.340709118518067011e-02,-7.197411700355742237e-02,-1.244624194945742751e-01,-7.051263942166730025e-02,-2.872721242393142319e-02,-2.030901712371240009e-02,-2.019004323808653023e-01,-1.435916317235476011e-02,-1.435916317235476011e-02,-5.183686688943279358e-02,-3.801429606348527557e-02,-3.801429606348527557e-02,-1.558271304830920190e-01,-4.064318733121485144e-02,-8.148853797899899276e-02,-1.210011918676099085e-01,-5.569323991926412171e-02,-7.051263942166730025e-02,-4.979810447122927364e-02,3.113197712963312824e+01,-2.030901712371240009e-02,-3.801429606348527557e-02,-6.749673070628271765e-02,-3.519076715388935045e-02,-1.435916317235476185e-02,-3.524455202264515918e-01,-3.753330286669139260e-01,-2.907009498669055336e-01,-4.311306135592269523e-02,-3.519076715388935045e-02,-3.801429606348527557e-02,-1.435916317235476011e-02,-1.286658602907498339e-01,-4.767312946227962589e-02,5.913962991410492975e-01,-2.487592975524973576e-02,-4.967123990818995694e-01,-1.786283982422259831e-01,-4.979810447122926670e-02,5.840947806181536750e-01,-2.030901712371240009e-02,-4.892821642774447533e-01,-1.767766952966368654e-01
7.342947344169033219e-02,4.047385190264539689e-01,-5.507016019503075954e-01,-2.878929612425566442e-01,5.510799085196067537e-01,-1.161919601323366108e-01,5.905777172739697933e-01,-4.963069089824175273e-01,5.168867450326074531e-01,-6.302706439077716549e-01,-6.240547367306475968e-01,-1.538031837485788644e+00,3.353111172311010885e-02,1.116133267166246723e+00,3.713339322905371831e-01,3.961123352473639447e-01,4.323751863546776431e-01,6.633221216768130091e-02,1.797985531039744789e+00,1.041115200609041169e+00,-4.872757218968044035e-01,-5.647389056778006067e-01,-4.829280709722902354e-01,-5.010128455017770488e-01,-9.245448483001975637e-01,8.996572516218772630e-01,-2.440887836729143182e-02,-5.941998554510771746e-02,1.374659906677842214e+00,5.354750218019320718e-01,-4.805784352658213909e-01,0.000000000000000000e+00,0.000000000000000000e+00,-6.258508857266168457e-01,-1.352414607349271769e+00,-1.068590490645627611e+00,-5.206289981097077524e-01,6.941103475288870062e-01,1.110601872409461635e-02,4.575092059528056976e-01,-3.774647335768301359e-01,-4.668062001933125371e-01,1.664672360273756535e+00,1.865494782421661668e+00,-3.669621702617922865e-01,-4.602362970513234064e-01,-5.183686688943279358e-02,-5.183686688943279358e-02,-7.051398600435393460e-01,-1.040941436780788015e-01,-2.030901712371240009e-02,-8.401389803667852485e-02,-3.271524934852403366e-01,1.926060419058570616e+00,-7.103890521813077674e-01,-5.752567881263277033e-02,-3.801429606348526863e-02,-1.147078669352808861e-01,-1.711160802546210780e-01,-7.340709118518067011e-02,-7.197411700355742237e-02,-1.244624194945742751e-01,-7.051263942166730025e-02,-2.872721242393142319e-02,-2.030901712371240009e-02,-2.019004323808653023e-01,-1.435916317235476011e-02,-1.435916317235476011e-02,-5.183686688943279358e-02,-3.801429606348527557e-02,-3.801429606348527557e-02,-1.558271304830920190e-01,-4.064318733121485144e-02,-8.148853797899899276e-02,-1.210011918676099085e-01,-5.569323991926412171e-02,-7.051263942166730025e-02,-4.979810447122927364e-02,-3.212131358814808435e-02,-2.030901712371240009e-02,-3.801429606348527557e-02,-6.749673070628271765e-02,-3.519076715388935045e-02,-1.435916317235476185e-02,-3.524455202264515918e-01,-3.753330286669139260e-01,3.439961240091715222e+00,-4.311306135592269523e-02,-3.519076715388935045e-02,-3.801429606348527557e-02,-1.435916317235476011e-02,-1.286658602907498339e-01,-4.767312946227962589e-02,5.913962991410492975e-01,-2.487592975524973576e-02,-4.967123990818995694e-01,-1.786283982422259831e-01,-4.979810447122926670e-02,5.840947806181536750e-01,-2.030901712371240009e-02,-4.892821642774447533e-01,-1.767766952966368654e-01
7.391670170098992187e+00,-5.537123258831522232e-01,-5.507016019503075954e-01,-1.284019034700219164e+00,-2.023431825368789405e-01,-5.465391245545280219e-01,5.905777172739697933e-01,-4.963069089824175273e-01,-6.493539992246850634e-01,-6.302706439077716549e-01,4.253388898916277694e-01,1.862399238684066816e-01,-2.541002517755479029e-01,2.951035642239209222e-01,1.888272549307201120e-01,-3.438272696030836850e-01,6.580411209403509432e-01,-6.341994886133547338e-01,-5.032155163220748406e-01,-1.758214204468339981e+00,-7.697096432631360674e-01,-1.066549761865789980e+00,-7.367795644019094203e-02,7.082883581693830144e-02,-8.805736447596543282e-02,6.470826045000689364e-01,-6.959068119763496263e-01,1.005928889149460659e+00,2.550002143277718125e-01,1.095374565837865966e+00,-1.043887434287774418e+00,0.000000000000000000e+00,0.000000000000000000e+00,-6.258508857266168457e-01,7.108409781372613256e-01,-1.068590490645627611e+00,-5.199743179931647363e-01,5.204155742975358212e-01,-5.181208656627730447e-01,-7.200041419233935702e-01,-3.774647335768301359e-01,-4.668062001933125371e-01,2.149203832068448394e-01,9.264805211409559149e-01,-3.669621702617922865e-01,-4.602362970513234064e-01,-5.183686688943279358e-02,-5.183686688943279358e-02,-7.051398600435393460e-01,-1.040941436780788015e-01,-2.030901712371240009e-02,-8.401389803667852485e-02,-3.271524934852403366e-01,1.926060419058570616e+00,-7.103890521813077674e-01,-5.752567881263277033e-02,-3.801429606348526863e-02,-1.147078669352808861e-01,-1.711160802546210780e-01,-7.340709118518067011e-02,-7.197411700355742237e-02,-1.244624194945742751e-01,-7.051263942166730025e-02,-2.872721242393142319e-02,-2.030901712371240009e-02,-2.019004323808653023e-01,-1.435916317235476011e-02,-1.435916317235476011e-02,-5.183686688943279358e-02,-3.801429606348527557e-02,-3.801429606348527557e-02,-1.558271304830920190e-01,-4.064318733121485144e-02,-8.148853797899899276e-02,-1.210011918676099085e-01,-5.569323991926412171e-02,-7.051263942166730025e-02,-4.979810447122927364e-02,-3.212131358814808435e-02,-2.030901712371240009e-02,-3.801429606348527557e-02,-6.749673070628271765e-02,-3.519076715388935045e-02,-1.435916317235476185e-02,-3.524455202264515918e-01,-3.753330286669139260e-01,-2.907009498669055336e-01,-4.311306135592269523e-02,-3.519076715388935045e-02,-3.801429606348527557e-02,-1.435916317235476011e-02,7.772069434271623223e+00,-4.767312946227962589e-02,5.913962991410492975e-01,-2.487592975524973576e-02,-4.967123990818995694e-01,-1.786283982422259831e-01,-4.979810447122926670e-02,5.840947806181536750e-01,-2.030901712371240009e-02,-4.892821642774447533e-01,-1.767766952966368654e-01
-1.500446728714061317e-01,-5.537123258831522232e-01,-5.507016019503075954e-01,-1.284019034700219164e+00,-7.763798233418204298e-01,-1.120335343784116588e+00,-4.966680157416004104e-01,-4.963069089824175273e-01,-6.493539992246850634e-01,-6.302706439077716549e-01,-2.065463223872738396e+00,-5.527336881405341407e-01,2.513379894319650365e+00,2.070091588680187389e+00,1.010107303049897043e+00,-1.496522300288474598e-02,-8.087874538665257296e-01,-8.677100555403667315e-01,-8.074420954648238169e-01,-2.958779480846334686e-01,-7.697096432631360674e-01,-6.292804948981121915e-02,3.139693313219254822e+00,1.520016658336970528e+00,-1.761032332124429667e+00,-2.790244349465614282e-01,-8.078231342445260088e-01,-1.773242088314630704e+00,-1.202811734101178587e+00,-2.436299481158024527e+00,-7.622329347767978769e-01,0.000000000000000000e+00,0.000000000000000000e+00,-6.258508857266168457e-01,-1.734114156426813935e-01,-4.719362008065465242e-01,-1.476461968262548607e+00,-1.025467907461489636e+00,-4.122754887853995465e-01,-9.555068114986333683e-01,-3.774647335768301359e-01,-4.668062001933125371e-01,-7.170630306218840344e-01,-7.167944361002790421e-01,-3.669621702617922865e-01,-4.602362970513234064e-01,-5.183686688943279358e-02,-5.183686688943279358e-02,1.418158377741196352e+00,-1.040941436780788015e-01,-2.030901712371240009e-02,-8.401389803667852485e-02,-3.271524934852403366e-01,-5.191945123345532709e-01,-7.103890521813077674e-01,-5.752567881263277033e-02,-3.801429606348526863e-02,-1.147078669352808861e-01,-1.711160802546210780e-01,-7.340709118518067011e-02,-7.197411700355742237e-02,-1.244624194945742751e-01,-7.051263942166730025e-02,-2.872721242393142319e-02,-2.030901712371240009e-02,-2.019004323808653023e-01,-1.435916317235476011e-02,-1.435916317235476011e-02,-5.183686688943279358e-02,-3.801429606348527557e-02,-3.801429606348527557e-02,-1.558271304830920190e-01,-4.064318733121485144e-02,-8.148853797899899276e-02,-1.210011918676099085e-01,-5.569323991926412171e-02,-7.051263942166730025e-02,-4.979810447122927364e-02,-3.212131358814808435e-02,-2.030901712371240009e-02,-3.801429606348527557e-02,-6.749673070628271765e-02,-3.519076715388935045e-02,-1.435916317235476185e-02,2.837317947345407543e+00,-3.753330286669139260e-01,-2.907009498669055336e-01,-4.311306135592269523e-02,-3.519076715388935045e-02,-3.801429606348527557e-02,-1.435916317235476011e-02,-1.286658602907498339e-01,-4.767312946227962589e-02,5.913962991410492975e-01,-2.487592975524973576e-02,-4.967123990818995694e-01,-1.786283982422259831e-01,-4.979810447122926670e-02,5.840947806181536750e-01,-2.030901712371240009e-02,-4.892821642774447533e-01,-1.767766952966368654e-01
5.198815244402450464e-01,-5.537123258831522232e-01,-5.507016019503075954e-01,-1.284019034700219164e+00,-1.135152723844908840e+00,-1.120335343784116588e+00,-4.966680157416004104e-01,6.573034482162921632e-01,-6.623362709603883292e-02,-6.302706439077716549e-01,-1.824223309706698215e+00,6.788889985410339056e-01,-1.093672880366226119e+00,4.488498808911660365e-02,1.888272549307201120e-01,6.427588701975132102e-01,4.323751863546776431e-01,1.093778706646534093e+00,2.913482987896490961e+00,-8.697276860124680820e-02,-4.872757218968044035e-01,9.406936628861676253e-01,8.547486587784763890e-02,9.168411862610649221e-01,-2.739434719924614403e-01,5.628910554594662718e-01,-2.440887836729143182e-02,-2.446980507093804713e-01,-9.999203804538504547e-01,-2.442452223400181505e-02,-4.805784352658213909e-01,0.000000000000000000e+00,0.000000000000000000e+00,-2.392467030372219805e-01,1.213393822839661657e-01,1.318026668710696736e+00,-1.056157333441915869e+00,-8.063452704619389344e-01,-8.356569962948936503e-01,-2.489988027729138353e-01,-3.774647335768301359e-01,-4.668062001933125371e-01,-5.099556053266109945e-01,-9.515480014204554804e-01,-3.669621702617922865e-01,-4.602362970513234064e-01,-5.183686688943279358e-02,-5.183686688943279358e-02,-7.051398600435393460e-01,-1.040941436780788015e-01,-2.030901712371240009e-02,-8.401389803667852485e-02,-3.271524934852403366e-01,1.926060419058570616e+00,-7.103890521813077674e-01,-5.752567881263277033e-02,-3.801429606348526863e-02,-1.147078669352808861e-01,-1.711160802546210780e-01,-7.340709118518067011e-02,-7.197411700355742237e-02,-1.244624194945742751e-01,-7.051263942166730025e-02,-2.872721242393142319e-02,-2.030901712371240009e-02,4.952936396459016066e+00,-1.435916317235476011e-02,-1.435916317235476011e-02,-5.183686688943279358e-02,-3.801429606348527557e-02,-3.801429606348527557e-02,-1.558271304830920190e-01,-4.064318733121485144e-02,-8.148853797899899276e-02,-1.210011918676099085e-01,-5.569323991926412171e-02,-7.051263942166730025e-02,-4.979810447122927364e-02,-3.212131358814808435e-02,-2.030901712371240009e-02,-3.801429606348527557e-02,-6.749673070628271765e-02,-3.519076715388935045e-02,-1.435916317235476185e-02,-3.524455202264515918e-01,-3.753330286669139260e-01,-2.907009498669055336e-01,-4.311306135592269523e-02,-3.519076715388935045e-02,-3.801429606348527557e-02,-1.435916317235476011e-02,-1.286658602907498339e-01,-4.767312946227962589e-02,5.913962991410492975e-01,-2.487592975524973576e-02,-4.967123990818995694e-01,-1.786283982422259831e-01,-4.979810447122926670e-02,5.840947806181536750e-01,-2.030901712371240009e-02,-4.892821642774447533e-01,-1.767766952966368654e-01
-1.056347298814748425e+00,-5.537123258831522232e-01,9.520848996778241702e-01,7.082331122151057645e-01,1.564297179662094972e-01,-5.106768608526787157e-01,3.852314916320680460e+00,-4.963069089824175273e-01,-6.493539992246850634e-01,1.745364860052290412e+00,8.414777418280475763e-01,-3.064091508042205425e-01,-3.240646374914379901e-01,-9.586296098671048815e-02,2.800805936106286476e-01,3.961123352473639447e-01,3.195422190618408820e-01,-3.072846949155379481e-01,5.843355286453862790e-02,-4.212210557746654538e-01,-7.697096432631360674e-01,-5.647389056778006067e-01,-6.875531282383399168e-01,-4.305118162980999252e-01,4.885689282282582209e-03,8.996572516218772630e-01,-1.363252006354677692e-01,8.206508239851878495e-01,7.133843836791426973e-01,-1.105629136241454841e-01,-7.622329347767978769e-01,0.000000000000000000e+00,0.000000000000000000e+00,-6.258508857266168457e-01,-7.629130114959765674e-01,1.247180890325345903e-01,7.054714712865886583e-02,-2.084344164540185562e-01,1.169513956014681527e-01,-1.349613319767399566e-02,-3.774647335768301359e-01,-4.668062001933125371e-01,9.397963717403006179e-01,4.569733905006030938e-01,2.194380977853250148e+00,-4.602362970513234064e-01,-5.183686688943279358e-02,-5.183686688943279358e-02,-7.051398600435393460e-01,-1.040941436780788015e-01,-2.030901712371240009e-02,-8.401389803667852485e-02,-3.271524934852403366e-01,-5.191945123345532709e-01,1.407679351095596942e+00,-5.752567881263277033e-02,-3.801429606348526863e-02,-1.147078669352808861e-01,-1.711160802546210780e-01,-7.340709118518067011e-02,-7.197411700355742237e-02,-1.244624194945742751e-01,-7.051263942166730025e-02,-2.872721242393142319e-02,-2.030901712371240009e-02,-2.019004323808653023e-01,-1.435916317235476011e-02,-1.435916317235476011e-02,-5.183686688943279358e-02,-3.801429606348527557e-02,-3.801429606348527557e-02,-1.558271304830920190e-01,-4.064318733121485144e-02,-8.148853797899899276e-02,-1.210011918676099085e-01,-5.569323991926412171e-02,-7.051263942166730025e-02,-4.979810447122927364e-02,-3.212131358814808435e-02,-2.030901712371240009e-02,-3.801429606348527557e-02,-6.749673070628271765e-02,-3.519076715388935045e-02,-1.435916317235476185e-02,-3.524455202264515918e-01,-3.753330286669139260e-01,-2.907009498669055336e-01,-4.311306135592269523e-02,-3.519076715388935045e-02,-3.801429606348527557e-02,-1.435916317235476011e-02,-1.286658602907498339e-01,-4.767312946227962589e-02,5.913962991410492975e-01,-2.487592975524973576e-02,-4.967123990818995694e-01,-1.786283982422259831e-01,-4.979810447122926670e-02,5.840947806181536750e-01,-2.030901712371240009e-02,-4.892821642774447533e-01,-1.767766952966368654e-01
-1.145174550161996985e+00,-7.448690342834912714e-02,-5.507016019503075954e-01,7.082331122151057645e-01,2.022048800582269212e+00,3.649345728561838254e+00,-4.966680157416004104e-01,-4.963069089824175273e-01,-6.623362709603883292e-02,5.575471080722594897e-01,5.459588469746480266e-01,-1.784356374822102298e+00,2.093593580024311063e+00,6.391541064092766122e-01,-9.062128092281823699e-01,3.961123352473639447e-01,-8.087874538665257296e-01,9.069702531049245176e-01,2.047607339567127926e+00,7.486479493322998335e-01,-1.334577485995799284e+00,-1.317455189959784834e+00,6.993500376759965720e-01,1.762853536705191848e+00,-1.810004182342134504e-01,1.419333102564523941e-01,-1.363252006354677692e-01,1.005928889149460659e+00,-8.120580159655836905e-01,5.354750218019320718e-01,-1.043887434287774418e+00,0.000000000000000000e+00,0.000000000000000000e+00,-1.399059251105406521e+00,-1.647165405275919259e+00,-2.261899070323790006e+00,-3.563042888574043388e-01,-1.388890817607085992e+00,-9.415023731722672595e-01,-7.200041419233935702e-01,-3.774647335768301359e-01,-4.668062001933125371e-01,1.354011222330846920e+00,2.222198251804266556e-01,-3.669621702617922865e-01,-4.602362970513234064e-01,-5.183686688943279358e-02,-5.183686688943279358e-02,1.418158377741196352e+00,-1.040941436780788015e-01,-2.030901712371240009e-02,-8.401389803667852485e-02,-3.271524934852403366e-01,-5.191945123345532709e-01,-7.103890521813077674e-01,-5.752567881263277033e-02,-3.801429606348526863e-02,-1.147078669352808861e-01,-1.711160802546210780e-01,-7.340709118518067011e-02,-7.197411700355742237e-02,-1.244624194945742751e-01,-7.051263942166730025e-02,-2.872721242393142319e-02,-2.030901712371240009e-02,-2.019004323808653023e-01,-1.435916317235476011e-02,-1.435916317235476011e-02,-5.183686688943279358e-02,-3.801429606348527557e-02,-3.801429606348527557e-02,-1.558271304830920190e-01,-4.064318733121485144e-02,-8.148853797899899276e-02,-1.210011918676099085e-01,-5.569323991926412171e-02,-7.051263942166730025e-02,-4.979810447122927364e-02,-3.212131358814808435e-02,-2.030901712371240009e-02,-3.801429606348527557e-02,-6.749673070628271765e-02,-3.519076715388935045e-02,-1.435916317235476185e-02,2.837317947345407543e+00,-3.753330286669139260e-01,-2.907009498669055336e-01,-4.311306135592269523e-02,-3.519076715388935045e-02,-3.801429606348527557e-02,-1.435916317235476011e-02,-1.286658602907498339e-01,-4.767312946227962589e-02,5.913962991410492975e-01,-2.487592975524973576e-02,-4.967123990818995694e-01,-1.786283982422259831e-01,-4.979810447122926670e-02,5.840947806181536750e-01,-2.030901712371240009e-02,-4.892821642774447533e-01,-1.767766952966368654e-01
7.261526276618818221e-01,-5.537123258831522232e-01,-5.507016019503075954e-01,7.082331122151057645e-01,1.591521319978563165e+00,2.424306768861562156e-01,-4.966680157416004104e-01,-4.963069089824175273e-01,-6.623362709603883292e-02,-6.302706439077716549e-01,8.414777418280475763e-01,1.664187147886288409e+00,3.755792196674604400e-01,7.955407164935289765e-01,-2.674394384688225657e-01,-2.616117579530339854e-01,-2.446226174023423960e-01,6.633221216768130091e-02,3.503150831509637547e-02,1.124677272402395900e+00,9.248938849348538049e-01,4.388828066981781961e-01,-3.616687777775943746e-01,7.445053370965207806e-01,7.484301193482666426e-01,1.068040349703082814e+00,-2.440887836729143182e-02,4.037751773655741672e-01,-4.288187924095193670e-01,5.785442174970039098e-01,9.276940622890612609e-01,0.000000000000000000e+00,0.000000000000000000e+00,9.205658450309623930e-01,1.889844169843851507e+00,1.019699523791156359e+00,-1.087581979035981972e+00,-8.885224565243447781e-02,1.110601872409461635e-02,-4.845014723481537167e-01,-3.774647335768301359e-01,-4.668062001933125371e-01,-1.992944673837013236e-01,-9.515480014204554804e-01,-3.669621702617922865e-01,3.938987894073740392e+00,-5.183686688943279358e-02,-5.183686688943279358e-02,-7.051398600435393460e-01,-1.040941436780788015e-01,-2.030901712371240009e-02,-8.401389803667852485e-02,-3.271524934852403366e-01,-5.191945123345532709e-01,1.407679351095596942e+00,-5.752567881263277033e-02,-3.801429606348526863e-02,-1.147078669352808861e-01,-1.711160802546210780e-01,-7.340709118518067011e-02,-7.197411700355742237e-02,-1.244624194945742751e-01,-7.051263942166730025e-02,-2.872721242393142319e-02,-2.030901712371240009e-02,-2.019004323808653023e-01,-1.435916317235476011e-02,-1.435916317235476011e-02,-5.183686688943279358e-02,-3.801429606348527557e-02,-3.801429606348527557e-02,-1.558271304830920190e-01,-4.064318733121485144e-02,-8.148853797899899276e-02,-1.210011918676099085e-01,-5.569323991926412171e-02,-7.051263942166730025e-02,-4.979810447122927364e-02,-3.212131358814808435e-02,-2.030901712371240009e-02,-3.801429606348527557e-02,-6.749673070628271765e-02,-3.519076715388935045e-02,-1.435916317235476185e-02,-3.524455202264515918e-01,-3.753330286669139260e-01,-2.907009498669055336e-01,-4.311306135592269523e-02,-3.519076715388935045e-02,-3.801429606348527557e-02,-1.435916317235476011e-02,-1.286658602907498339e-01,-4.767312946227962589e-02,5.913962991410492975e-01,-2.487592975524973576e-02,-4.967123990818995694e-01,-1.786283982422259831e-01,-4.979810447122926670e-02,5.840947806181536750e-01,-2.030901712371240009e-02,-4.892821642774447533e-01,-1.767766952966368654e-01
5.020168258452676335e-01,-5.537123258831522232e-01,-5.507016019503075954e-01,-2.878929612425566442e-01,-2.382204725871877871e-01,9.955382146249911468e-01,-4.966680157416004104e-01,-4.963069089824175273e-01,-6.493539992246850634e-01,-6.302706439077716549e-01,-1.432208449186882726e+00,1.862399238684066816e-01,3.726095913395074621e+00,2.531432088428732907e+00,2.800805936106286476e-01,-1.793962463029842302e-01,-8.087874538665257296e-01,2.998427790946933125e-01,-9.758007746507620095e-02,9.575531288156864385e-01,-6.362483984730694930e-02,6.897882347921728829e-01,5.174610978839523368e-01,2.381695904159692123e+00,2.837148505570266099e-01,1.068040349703082814e+00,-1.363252006354677692e-01,-1.773242088314630704e+00,-1.202811734101178587e+00,1.482997327093512396e+00,-5.809668599935657873e-02,0.000000000000000000e+00,0.000000000000000000e+00,1.473574796521728292e-01,-1.734114156426813935e-01,1.247180890325345903e-01,-1.160366860861080235e-01,-4.282251102736898685e-01,3.286421493562152185e-01,-1.349613319767399566e-02,-3.774647335768301359e-01,-4.668062001933125371e-01,-7.170630306218840344e-01,-1.186301566740631808e+00,-3.669621702617922865e-01,-4.602362970513234064e-01,-5.183686688943279358e-02,-5.183686688943279358e-02,1.418158377741196352e+00,-1.040941436780788015e-01,-2.030901712371240009e-02,-8.401389803667852485e-02,-3.271524934852403366e-01,-5.191945123345532709e-01,-7.103890521813077674e-01,-5.752567881263277033e-02,-3.801429606348526863e-02,-1.147078669352808861e-01,-1.711160802546210780e-01,-7.340709118518067011e-02,-7.197411700355742237e-02,-1.244624194945742751e-01,-7.051263942166730025e-02,-2.872721242393142319e-02,-2.030901712371240009e-02,-2.019004323808653023e-01,-1.435916317235476011e-02,-1.435916317235476011e-02,-5.183686688943279358e-02,-3.801429606348527557e-02,-3.801429606348527557e-02,6.417367738851512016e+00,-4.064318733121485144e-02,-8.148853797899899276e-02,-1.210011918676099085e-01,-5.569323991926412171e-02,-7.051263942166730025e-02,-4.979810447122927364e-02,-3.212131358814808435e-02,-2.030901712371240009e-02,-3.801429606348527557e-02,-6.749673070628271765e-02,-3.519076715388935045e-02,-1.435916317235476185e-02,-3.524455202264515918e-01,-3.753330286669139260e-01,-2.907009498669055336e-01,-4.311306135592269523e-02,-3.519076715388935045e-02,-3.801429606348527557e-02,-1.435916317235476011e-02,-1.286658602907498339e-01,-4.767312946227962589e-02,5.913962991410492975e-01,-2.487592975524973576e-02,-4.967123990818995694e-01,-1.786283982422259831e-01,-4.979810447122926670e-02,-1.712050908829709783e+00,-2.030901712371240009e-02,2.043810449286999731e+00,-1.767766952966368654e-01
-4.497746159649152475e-01,-5.537123258831522232e-01,9.520848996778241702e-01,7.082331122151057645e-01,1.268625709525783574e+00,4.217419953954026357e-01,-4.966680157416004104e-01,-4.963069089824175273e-01,-6.493539992246850634e-01,1.745364860052290412e+00,8.414777418280475763e-01,-7.990582254768477943e-01,-3.240646374914379901e-01,1.543556151480935112e-01,6.450939483302627897e-01,-3.438272696030836850e-01,-1.895668281666913063e-02,-7.276037153841595773e-01,-4.720127902561518929e-01,-1.340403845501566771e+00,-1.052143564629467676e+00,-1.066549761865789980e+00,1.839980415985381368e-01,3.136657141851599273e-01,-4.598295795089574756e-01,2.261248592970551696e-01,-6.959068119763496263e-01,8.669703402762560795e-01,-1.056955254897004731e-01,5.785442174970039098e-01,-1.043887434287774418e+00,0.000000000000000000e+00,0.000000000000000000e+00,-1.012455068416011628e+00,-1.057663809422624057e+00,-1.068590490645627611e+00,-5.081900758953900032e-01,-6.279740994897436979e-01,-1.047347750049640647e+00,-4.845014723481537167e-01,9.257960654133498002e-01,-4.668062001933125371e-01,3.184740958544813871e-01,9.264805211409559149e-01,2.194380977853250148e+00,-4.602362970513234064e-01,-5.183686688943279358e-02,-5.183686688943279358e-02,-7.051398600435393460e-01,-1.040941436780788015e-01,-2.030901712371240009e-02,-8.401389803667852485e-02,3.056678521220304923e+00,-5.191945123345532709e-01,-7.103890521813077674e-01,-5.752567881263277033e-02,-3.801429606348526863e-02,-1.147078669352808861e-01,-1.711160802546210780e-01,-7.340709118518067011e-02,-7.197411700355742237e-02,-1.244624194945742751e-01,-7.051263942166730025e-02,-2.872721242393142319e-02,-2.030901712371240009e-02,-2.019004323808653023e-01,-1.435916317235476011e-02,-1.435916317235476011e-02,-5.183686688943279358e-02,-3.801429606348527557e-02,-3.801429606348527557e-02,-1.558271304830920190e-01,-4.064318733121485144e-02,-8.148853797899899276e-02,-1.210011918676099085e-01,-5.569323991926412171e-02,-7.051263942166730025e-02,-4.979810447122927364e-02,-3.212131358814808435e-02,-2.030901712371240009e-02,-3.801429606348527557e-02,-6.749673070628271765e-02,-3.519076715388935045e-02,-1.435916317235476185e-02,-3.524455202264515918e-01,-3.753330286669139260e-01,-2.907009498669055336e-01,-4.311306135592269523e-02,-3.519076715388935045e-02,-3.801429606348527557e-02,-1.435916317235476011e-02,-1.286658602907498339e-01,-4.767312946227962589e-02,5.913962991410492975e-01,-2.487592975524973576e-02,-4.967123990818995694e-01,-1.786283982422259831e-01,-4.979810447122926670e-02,5.840947806181536750e-01,-2.030901712371240009e-02,-4.892821642774447533e-01,-1.767766952966368654e-01
-5.521658051342762663e-01,-5.537123258831522232e-01,-5.507016019503075954e-01,-1.284019034700219164e+00,-8.122571133921292486e-01,-1.048610816380417976e+00,-4.966680157416004104e-01,-4.963069089824175273e-01,-6.493539992246850634e-01,-6.302706439077716549e-01,-1.938812268935567129e+00,-6.008461346790693741e-02,1.370628260960116140e+00,-6.353967657773818001e-01,-5.411994545085482278e-01,-6.726893162032826501e-01,-6.959544865736890795e-01,-5.407952618425498903e-01,-3.472018859924600465e-01,3.308375903655265127e-01,2.563010628859577089e+00,2.947937087638125231e+00,6.538778027279855687e-01,3.166159737045073919e-02,2.837148505570266099e-01,-6.157906311089724749e-01,1.206670666582648543e+00,6.816922751119832702e-01,-7.444275647498076465e-01,-1.105629136241454841e-01,2.617621059354920288e+00,0.000000000000000000e+00,0.000000000000000000e+00,1.307170027720357286e+00,4.160901802106137248e-01,3.704643828067021083e+00,9.524012641121359923e-01,-1.871895898554266413e+00,5.403329031109622704e-01,1.635022553829005076e+00,-3.774647335768301359e-01,-4.668062001933125371e-01,1.561118647626119849e+00,9.264805211409559149e-01,-3.669621702617922865e-01,-4.602362970513234064e-01,-5.183686688943279358e-02,-5.183686688943279358e-02,1.418158377741196352e+00,-1.040941436780788015e-01,-2.030901712371240009e-02,-8.401389803667852485e-02,-3.271524934852403366e-01,-5.191945123345532709e-01,-7.103890521813077674e-01,-5.752567881263277033e-02,-3.801429606348526863e-02,-1.147078669352808861e-01,-1.711160802546210780e-01,-7.340709118518067011e-02,-7.197411700355742237e-02,-1.244624194945742751e-01,-7.051263942166730025e-02,-2.872721242393142319e-02,-2.030901712371240009e-02,-2.019004323808653023e-01,-1.435916317235476011e-02,-1.435916317235476011e-02,-5.183686688943279358e-02,-3.801429606348527557e-02,-3.801429606348527557e-02,-1.558271304830920190e-01,-4.064318733121485144e-02,-8.148853797899899276e-02,-1.210011918676099085e-01,-5.569323991926412171e-02,-7.051263942166730025e-02,-4.979810447122927364e-02,-3.212131358814808435e-02,-2.030901712371240009e-02,-3.801429606348527557e-02,-6.749673070628271765e-02,-3.519076715388935045e-02,-1.435916317235476185e-02,2.837317947345407543e+00,-3.753330286669139260e-01,-2.907009498669055336e-01,-4.311306135592269523e-02,-3.519076715388935045e-02,-3.801429606348527557e-02,-1.435916317235476011e-02,-1.286658602907498339e-01,-4.767312946227962589e-02,5.913962991410492975e-01,-2.487592975524973576e-02,-4.967123990818995694e-01,-1.786283982422259831e-01,-4.979810447122926670e-02,5.840947806181536750e-01,-2.030901712371240009e-02,-4.892821642774447533e-01,-1.767766952966368654e-01
-5.829327860478483725e-01,8.839639414812570095e-01,9.520848996778241702e-01,2.700485259130430471e+00,2.640615881171360368e-01,2.782929405880055218e-01,-4.966680157416004104e-01,6.573034482162921632e-01,2.266247861418546172e+00,1.745364860052290412e+00,-3.405978375855500673e-01,6.788889985410339056e-01,-1.163637266082116151e+00,-1.115016219951357607e-01,1.375120657769531185e+00,3.961123352473639447e-01,-2.446226174023423960e-01,3.465448924800957342e-01,9.321098827103817541e-01,3.837033908878519084e-02,9.248938849348538049e-01,-6.292804948981121915e-02,-1.422687593231185099e+00,-8.770183345880556702e-01,8.413731731065147157e-01,5.628910554594662718e-01,3.113400884372377608e-01,3.321904703702865946e-02,5.255220191908759331e-01,-7.135316533551511187e-01,2.617621059354920288e+00,0.000000000000000000e+00,0.000000000000000000e+00,1.307170027720357286e+00,7.108409781372613256e-01,1.616353813630237335e+00,2.265034897780934475e+00,-1.141709794162470981e+00,1.169513956014681527e-01,9.285145451032854602e-01,-3.774647335768301359e-01,-4.668062001933125371e-01,3.010870624693031683e+00,1.395987651781308791e+00,-3.669621702617922865e-01,1.739375798511208382e+00,-5.183686688943279358e-02,-5.183686688943279358e-02,1.418158377741196352e+00,-1.040941436780788015e-01,-2.030901712371240009e-02,-8.401389803667852485e-02,-3.271524934852403366e-01,-5.191945123345532709e-01,-7.103890521813077674e-01,-5.752567881263277033e-02,-3.801429606348526863e-02,-1.147078669352808861e-01,-1.711160802546210780e-01,-7.340709118518067011e-02,-7.197411700355742237e-02,8.034553755751097981e+00,-7.051263942166730025e-02,-2.872721242393142319e-02,-2.030901712371240009e-02,-2.019004323808653023e-01,-1.435916317235476011e-02,-1.435916317235476011e-02,-5.183686688943279358e-02,-3.801429606348527557e-02,-3.801429606348527557e-02,-1.558271304830920190e-01,-4.064318733121485144e-02,-8.148853797899899276e-02,-1.210011918676099085e-01,-5.569323991926412171e-02,-7.051263942166730025e-02,-4.979810447122927364e-02,-3.212131358814808435e-02,-2.030901712371240009e-02,-3.801429606348527557e-02,-6.749673070628271765e-02,-3.519076715388935045e-02,-1.435916317235476185e-02,-3.524455202264515918e-01,-3.753330286669139260e-01,-2.907009498669055336e-01,-4.311306135592269523e-02,-3.519076715388935045e-02,-3.801429606348527557e-02,-1.435916317235476011e-02,-1.286658602907498339e-01,-4.767312946227962589e-02,5.913962991410492975e-01,-2.487592975524973576e-02,-4.967123990818995694e-01,-1.786283982422259831e-01,-4.979810447122926670e-02,5.840947806181536750e-01,-2.030901712371240009e-02,-4.892821642774447533e-01,-1.767766952966368654e-01
-9.987832700087103666e-01,5.196992743574485374e+00,-4.977276807426366662e-02,1.704359185672768229e+00,9.457300990730040935e-01,-1.012748552678568670e+00,5.905777172739697933e-01,6.573034482162921632e-01,1.683127489289899970e+00,-6.302706439077716549e-01,-1.415749083985667345e-01,1.862399238684066816e-01,-1.295792216878796754e+00,-6.666740877942324284e-01,1.010107303049897043e+00,-9.718073465293448898e-02,5.452081536475141821e-01,5.333533460217053657e-01,1.064721468490554823e+00,-9.225934865347934499e-01,-6.362483984730694930e-02,-6.292804948981121915e-02,-1.119539360244444781e+00,-1.817032057303752390e+00,-8.805736447596543282e-02,-8.683652782307808016e-01,1.994237661690613783e-01,1.469124052060142516e+00,6.532684270428975593e-01,-5.843240662699356047e-01,-5.809668599935657873e-02,0.000000000000000000e+00,0.000000000000000000e+00,1.473574796521728292e-01,-4.681622135693289666e-01,-4.719362008065465242e-01,-2.502461099774315745e-01,-9.473052595073816473e-01,2.868931194413180119e+00,4.575092059528056976e-01,-3.774647335768301359e-01,-4.668062001933125371e-01,-1.992944673837013236e-01,1.630741217101485230e+00,-3.669621702617922865e-01,-4.602362970513234064e-01,-5.183686688943279358e-02,-5.183686688943279358e-02,1.418158377741196352e+00,-1.040941436780788015e-01,-2.030901712371240009e-02,-8.401389803667852485e-02,-3.271524934852403366e-01,-5.191945123345532709e-01,-7.103890521813077674e-01,-5.752567881263277033e-02,-3.801429606348526863e-02,-1.147078669352808861e-01,-1.711160802546210780e-01,-7.340709118518067011e-02,-7.197411700355742237e-02,-1.244624194945742751e-01,-7.051263942166730025e-02,-2.872721242393142319e-02,-2.030901712371240009e-02,-2.019004323808653023e-01,-1.435916317235476011e-02,-1.435916317235476011e-02,-5.183686688943279358e-02,-3.801429606348527557e-02,-3.801429606348527557e-02,-1.558271304830920190e-01,-4.064318733121485144e-02,-8.148853797899899276e-02,-1.210011918676099085e-01,-5.569323991926412171e-02,-7.051263942166730025e-02,-4.979810447122927364e-02,-3.212131358814808435e-02,-2.030901712371240009e-02,-3.801429606348527557e-02,-6.749673070628271765e-02,-3.519076715388935045e-02,-1.435916317235476185e-02,-3.524455202264515918e-01,2.664300564093018409e+00,-2.907009498669055336e-01,-4.311306135592269523e-02,-3.519076715388935045e-02,-3.801429606348527557e-02,-1.435916317235476011e-02,-1.286658602907498339e-01,-4.767312946227962589e-02,-1.690913523558418063e+00,-2.487592975524973576e-02,-4.967123990818995694e-01,5.598214000911362120e+00,-4.979810447122926670e-02,5.840947806181536750e-01,-2.030901712371240009e-02,-4.892821642774447533e-01,-1.767766952966368654e-01
-1.650973355764333572e-01,4.047385190264539689e-01,-5.507016019503075954e-01,7.082331122151057645e-01,2.883103761789681752e+00,1.856232543469374052e+00,-4.966680157416004104e-01,-4.963069089824175273e-01,5.168867450326074531e-01,-6.302706439077716549e-01,8.414777418280475763e-01,9.252135358773474483e-01,6.709844038012178213e-01,8.502760300230175483e-01,7.363472870101713808e-01,-1.793962463029842302e-01,-1.895668281666913063e-02,3.932470058654981004e-01,-4.297530684971095222e-02,1.637134467788171899e-01,-6.362483984730694930e-02,-5.647389056778006067e-01,2.522063940205545585e-01,5.800029356212739184e-01,-8.805736447596543282e-02,5.628910554594662718e-01,-4.720741674399969168e-01,1.237526470604801476e+00,-6.767971135340316025e-01,2.339906519364291781e-01,-5.809668599935657873e-02,0.000000000000000000e+00,0.000000000000000000e+00,1.473574796521728292e-01,1.213393822839661657e-01,-4.719362008065465242e-01,8.090263185892099251e-01,1.354150485808021553e+00,-3.064301119080259928e-01,-2.489988027729138353e-01,-3.774647335768301359e-01,-4.668062001933125371e-01,1.043350084387937082e+00,1.395987651781308791e+00,-3.669621702617922865e-01,-4.602362970513234064e-01,-5.183686688943279358e-02,-5.183686688943279358e-02,-7.051398600435393460e-01,-1.040941436780788015e-01,-2.030901712371240009e-02,-8.401389803667852485e-02,3.056678521220304923e+00,-5.191945123345532709e-01,-7.103890521813077674e-01,-5.752567881263277033e-02,-3.801429606348526863e-02,-1.147078669352808861e-01,-1.711160802546210780e-01,-7.340709118518067011e-02,-7.197411700355742237e-02,-1.244624194945742751e-01,-7.051263942166730025e-02,-2.872721242393142319e-02,-2.030901712371240009e-02,-2.019004323808653023e-01,-1.435916317235476011e-02,-1.435916317235476011e-02,-5.183686688943279358e-02,-3.801429606348527557e-02,-3.801429606348527557e-02,-1.558271304830920190e-01,-4.064318733121485144e-02,-8.148853797899899276e-02,-1.210011918676099085e-01,-5.569323991926412171e-02,-7.051263942166730025e-02,-4.979810447122927364e-02,-3.212131358814808435e-02,-2.030901712371240009e-02,-3.801429606348527557e-02,-6.749673070628271765e-02,-3.519076715388935045e-02,-1.435916317235476185e-02,-3.524455202264515918e-01,-3.753330286669139260e-01,-2.907009498669055336e-01,-4.311306135592269523e-02,-3.519076715388935045e-02,-3.801429606348527557e-02,-1.435916317235476011e-02,-1.286658602907498339e-01,-4.767312946227962589e-02,5.913962991410492975e-01,-2.487592975524973576e-02,-4.967123990818995694e-01,-1.786283982422259831e-01,-4.979810447122926670e-02,5.840947806181536750e-01,-2.030901712371240009e-02,-4.892821642774447533e-01,-1.767766952966368654e-01
9.880027931790037465e-01,-7.448690342834912714e-02,-5.507016019503075954e-01,7.082331122151057645e-01,-2.382204725871877871e-01,2.725709467506052044e-02,1.677823450289539942e+00,-4.963069089824175273e-01,-6.623362709603883292e-02,-6.302706439077716549e-01,8.414777418280475763e-01,-5.527336881405341407e-01,-4.484457676530196890e-01,1.108313936662034260e+00,-6.324527931884567078e-01,1.053836428447761930e+00,2.067092517690042597e-01,-1.054518509081976418e+00,-1.002459133376842448e+00,1.500706595472491856e+00,-7.697096432631360674e-01,-6.292804948981121915e-02,3.658869813905820667e-01,3.278066132611746832e-04,-8.805736447596543282e-02,7.312741535406717119e-01,-8.078231342445260088e-01,-1.773242088314630704e+00,-1.202811734101178587e+00,-1.536321093192173082e-01,-7.622329347767978769e-01,0.000000000000000000e+00,0.000000000000000000e+00,-6.258508857266168457e-01,-1.057663809422624057e+00,-7.702633457260871230e-01,-1.854327784396704593e-01,-4.202084284322428753e-01,-3.064301119080259928e-01,-9.555068114986333683e-01,-3.774647335768301359e-01,-4.668062001933125371e-01,-7.170630306218840344e-01,-9.515480014204554804e-01,-3.669621702617922865e-01,-4.602362970513234064e-01,-5.183686688943279358e-02,-5.183686688943279358e-02,-7.051398600435393460e-01,-1.040941436780788015e-01,-2.030901712371240009e-02,-8.401389803667852485e-02,3.056678521220304923e+00,-5.191945123345532709e-01,-7.103890521813077674e-01,-5.752567881263277033e-02,-3.801429606348526863e-02,-1.147078669352808861e-01,-1.711160802546210780e-01,-7.340709118518067011e-02,-7.197411700355742237e-02,-1.244624194945742751e-01,-7.051263942166730025e-02,-2.872721242393142319e-02,-2.030901712371240009e-02,-2.019004323808653023e-01,-1.435916317235476011e-02,-1.435916317235476011e-02,-5.183686688943279358e-02,-3.801429606348527557e-02,-3.801429606348527557e-02,-1.558271304830920190e-01,-4.064318733121485144e-02,-8.148853797899899276e-02,-1.210011918676099085e-01,-5.569323991926412171e-02,-7.051263942166730025e-02,-4.979810447122927364e-02,-3.212131358814808435e-02,-2.030901712371240009e-02,-3.801429606348527557e-02,-6.749673070628271765e-02,-3.519076715388935045e-02,-1.435916317235476185e-02,-3.524455202264515918e-01,-3.753330286669139260e-01,-2.907009498669055336e-01,-4.311306135592269523e-02,-3.519076715388935045e-02,-3.801429606348527557e-02,-1.435916317235476011e-02,-1.286658602907498339e-01,-4.767312946227962589e-02,-1.690913523558418063e+00,-2.487592975524973576e-02,2.013237442528823973e+00,-1.786283982422259831e-01,-4.979810447122926670e-02,5.840947806181536750e-01,-2.030901712371240009e-02,-4.892821642774447533e-01,-1.767766952966368654e-01
-5.693688482257359684e-01,-5.537123258831522232e-01,2.955800235181999636e+00,7.082331122151057645e-01,-3.458523427381143267e-01,6.010533139046491113e-01,-4.966680157416004104e-01,-4.963069089824175273e-01,-6.623362709603883292e-02,1.745364860052290412e+00,8.414777418280475763e-01,-6.008461346790693741e-02,2.745195514111751778e-01,-1.589355087291322688e+00,9.188539643699884518e-01,-1.494844432703780202e+00,-3.574555846951790183e-01,-6.341994886133547338e-01,2.768526353259994632e-01,-4.630020916713427637e-01,-6.362483984730694930e-02,4.388828066981781961e-01,-2.176733671088924849e-01,3.166159737045073919e-02,4.885689282282582209e-03,-2.644978782475312235e-02,-2.482415229036441240e-01,5.427337262387786909e-01,1.434775863314087241e+00,1.396858935703368720e+00,-5.809668599935657873e-02,0.000000000000000000e+00,0.000000000000000000e+00,1.473574796521728292e-01,-1.734114156426813935e-01,7.213723788716157603e-01,-6.050827331437601542e-01,-1.639412125152304167e+00,-4.122754887853995465e-01,-4.845014723481537167e-01,-3.774647335768301359e-01,-4.668062001933125371e-01,-1.131277881212430225e+00,-9.515480014204554804e-01,-3.669621702617922865e-01,3.938987894073740392e+00,-5.183686688943279358e-02,-5.183686688943279358e-02,-7.051398600435393460e-01,-1.040941436780788015e-01,-2.030901712371240009e-02,-8.401389803667852485e-02,-3.271524934852403366e-01,-5.191945123345532709e-01,1.407679351095596942e+00,-5.752567881263277033e-02,-3.801429606348526863e-02,-1.147078669352808861e-01,-1.711160802546210780e-01,-7.340709118518067011e-02,-7.197411700355742237e-02,-1.244624194945742751e-01,-7.051263942166730025e-02,-2.872721242393142319e-02,-2.030901712371240009e-02,-2.019004323808653023e-01,-1.435916317235476011e-02,-1.435916317235476011e-02,-5.183686688943279358e-02,-3.801429606348527557e-02,-3.801429606348527557e-02,-1.558271304830920190e-01,-4.064318733121485144e-02,-8.148853797899899276e-02,-1.210011918676099085e-01,-5.569323991926412171e-02,-7.051263942166730025e-02,-4.979810447122927364e-02,-3.212131358814808435e-02,-2.030901712371240009e-02,-3.801429606348527557e-02,-6.749673070628271765e-02,-3.519076715388935045e-02,-1.435916317235476185e-02,-3.524455202264515918e-01,-3.753330286669139260e-01,-2.907009498669055336e-01,-4.311306135592269523e-02,-3.519076715388935045e-02,-3.801429606348527557e-02,-1.435916317235476011e-02,-1.286658602907498339e-01,-4.767312946227962589e-02,5.913962991410492975e-01,-2.487592975524973576e-02,-4.967123990818995694e-01,-1.786283982422259831e-01,-4.979810447122926670e-02,-1.712050908829709783e+00,-2.030901712371240009e-02,2.043810449286999731e+00,-1.767766952966368654e-01
-5.948425851111666107e-01,-5.537123258831522232e-01,-5.507016019503075954e-01,7.082331122151057645e-01,6.587117786705333211e-01,1.569334433854579824e+00,-4.966680157416004104e-01,-4.963069089824175273e-01,-6.493539992246850634e-01,-3.636176791775609651e-02,3.891529027667219309e-01,6.788889985410339056e-01,7.720440720575026949e-01,9.753853180904197284e-01,-9.062128092281823699e-01,4.783278468974136999e-01,-8.087874538665257296e-01,-2.605825815301355264e-01,-1.127270037640534461e+00,4.561806980555584978e-01,-6.362483984730694930e-02,4.388828066981781961e-01,-1.418863088622077107e-01,-1.798414902405806592e-01,2.837148505570266099e-01,4.786995064188634408e-01,8.709216997781196179e-01,-1.520590181272440944e-01,1.497972902143424601e-01,5.785442174970039098e-01,-5.809668599935657873e-02,0.000000000000000000e+00,0.000000000000000000e+00,1.473574796521728292e-01,-1.734114156426813935e-01,4.230452339520751615e-01,-2.810160754549545503e-01,2.586715318930494334e+00,-6.239662425401465429e-01,-2.489988027729138353e-01,-3.774647335768301359e-01,-4.668062001933125371e-01,9.397963717403006179e-01,1.630741217101485230e+00,9.137094037957288473e-01,-4.602362970513234064e-01,-5.183686688943279358e-02,-5.183686688943279358e-02,1.418158377741196352e+00,-1.040941436780788015e-01,-2.030901712371240009e-02,-8.401389803667852485e-02,-3.271524934852403366e-01,-5.191945123345532709e-01,-7.103890521813077674e-01,-5.752567881263277033e-02,-3.801429606348526863e-02,-1.147078669352808861e-01,-1.711160802546210780e-01,-7.340709118518067011e-02,1.389388354636672673e+01,-1.244624194945742751e-01,-7.051263942166730025e-02,-2.872721242393142319e-02,-2.030901712371240009e-02,-2.019004323808653023e-01,-1.435916317235476011e-02,-1.435916317235476011e-02,-5.183686688943279358e-02,-3.801429606348527557e-02,-3.801429606348527557e-02,-1.558271304830920190e-01,-4.064318733121485144e-02,-8.148853797899899276e-02,-1.210011918676099085e-01,-5.569323991926412171e-02,-7.051263942166730025e-02,-4.979810447122927364e-02,-3.212131358814808435e-02,-2.030901712371240009e-02,-3.801429606348527557e-02,-6.749673070628271765e-02,-3.519076715388935045e-02,-1.435916317235476185e-02,-3.524455202264515918e-01,-3.753330286669139260e-01,-2.907009498669055336e-01,-4.311306135592269523e-02,-3.519076715388935045e-02,-3.801429606348527557e-02,-1.435916317235476011e-02,-1.286658602907498339e-01,-4.767312946227962589e-02,-1.690913523558418063e+00,-2.487592975524973576e-02,-4.967123990818995694e-01,-1.786283982422259831e-01,-4.979810447122926670e-02,5.840947806181536750e-01,-2.030901712371240009e-02,-4.892821642774447533e-01,-1.767766952966368654e-01
6.095358451668906330e-01,-7.448690342834912714e-02,-4.977276807426366662e-02,7.082331122151057645e-01,5.152026184692979349e-01,9.955382146249911468e-01,2.765069183305110201e+00,1.810913805415002020e+00,1.100007117161253767e+00,-6.302706439077716549e-01,8.414777418280475763e-01,-1.784356374822102298e+00,2.356504482356809593e-01,-4.868294861973419541e-01,-5.411994545085482278e-01,-9.718073465293448898e-02,8.837070555260241322e-01,-3.539868083009403144e-01,7.136908002489211755e-01,1.793173846749233080e+00,-1.052143564629467676e+00,-1.819266046147774096e+00,-1.039927797388649905e-01,6.191701740677610921e-01,-1.810004182342134504e-01,3.945079573782606652e-01,8.750744390088503744e-02,-5.226151484557896021e-01,2.775436980663638087e-01,-1.359569588781228688e+00,-1.043887434287774418e+00,0.000000000000000000e+00,0.000000000000000000e+00,-1.012455068416011628e+00,-1.647165405275919259e+00,-1.068590490645627611e+00,2.512388592945383747e-01,7.061353702910574404e-01,1.169513956014681527e-01,-9.555068114986333683e-01,-3.774647335768301359e-01,-4.668062001933125371e-01,-4.064018926789744190e-01,-4.820408707801026038e-01,-3.669621702617922865e-01,-4.602362970513234064e-01,-5.183686688943279358e-02,-5.183686688943279358e-02,-7.051398600435393460e-01,-1.040941436780788015e-01,-2.030901712371240009e-02,-8.401389803667852485e-02,-3.271524934852403366e-01,-5.191945123345532709e-01,1.407679351095596942e+00,-5.752567881263277033e-02,-3.801429606348526863e-02,-1.147078669352808861e-01,-1.711160802546210780e-01,-7.340709118518067011e-02,-7.197411700355742237e-02,-1.244624194945742751e-01,-7.051263942166730025e-02,-2.872721242393142319e-02,-2.030901712371240009e-02,-2.019004323808653023e-01,-1.435916317235476011e-02,-1.435916317235476011e-02,-5.183686688943279358e-02,-3.801429606348527557e-02,-3.801429606348527557e-02,-1.558271304830920190e-01,-4.064318733121485144e-02,-8.148853797899899276e-02,-1.210011918676099085e-01,-5.569323991926412171e-02,-7.051263942166730025e-02,-4.979810447122927364e-02,-3.212131358814808435e-02,-2.030901712371240009e-02,-3.801429606348527557e-02,-6.749673070628271765e-02,-3.519076715388935045e-02,-1.435916317235476185e-02,-3.524455202264515918e-01,-3.753330286669139260e-01,-2.907009498669055336e-01,-4.311306135592269523e-02,-3.519076715388935045e-02,-3.801429606348527557e-02,-1.435916317235476011e-02,-1.286658602907498339e-01,-4.767312946227962589e-02,-1.690913523558418063e+00,-2.487592975524973576e-02,-4.967123990818995694e-01,-1.786283982422259831e-01,-4.979810447122926670e-02,-1.712050908829709783e+00,-2.030901712371240009e-02,-4.892821642774447533e-01,-1.767766952966368654e-01
-6.482712670202193106e-01,1.363189363936059939e+00,-5.507016019503075954e-01,-1.284019034700219164e+00,-1.063398143744291202e+00,-1.084473080082267282e+00,5.905777172739697933e-01,6.573034482162921632e-01,-6.623362709603883292e-02,-6.302706439077716549e-01,-7.567366895219695966e-01,-6.008461346790693741e-02,3.600315783972630190e-01,-6.823127488026576870e-01,-1.761860997889140579e-01,-5.904738045532329505e-01,1.786370793868717222e+00,-2.138804681447331324e-01,1.910451386447113709e-01,-9.225934865347934499e-01,-7.697096432631360674e-01,-8.156443337717953490e-01,-5.435577175696383323e-01,-8.300176484522709952e-01,1.120202334381258824e+00,3.103164083376579452e-01,-2.482415229036441240e-01,3.574556610745059926e-01,1.028993156019431199e+00,-1.015016023220653985e+00,-7.622329347767978769e-01,0.000000000000000000e+00,0.000000000000000000e+00,-6.258508857266168457e-01,1.213393822839661657e-01,-4.719362008065465242e-01,-1.219288071349954039e-01,5.598309266846501764e-01,-9.473935815327891308e-02,-7.200041419233935702e-01,-3.774647335768301359e-01,-4.668062001933125371e-01,3.184740958544813871e-01,2.222198251804266556e-01,9.137094037957288473e-01,-4.602362970513234064e-01,-5.183686688943279358e-02,-5.183686688943279358e-02,-7.051398600435393460e-01,-1.040941436780788015e-01,-2.030901712371240009e-02,-8.401389803667852485e-02,-3.271524934852403366e-01,1.926060419058570616e+00,-7.103890521813077674e-01,-5.752567881263277033e-02,-3.801429606348526863e-02,-1.147078669352808861e-01,-1.711160802546210780e-01,-7.340709118518067011e-02,-7.197411700355742237e-02,-1.244624194945742751e-01,-7.051263942166730025e-02,-2.872721242393142319e-02,-2.030901712371240009e-02,-2.019004323808653023e-01,-1.435916317235476011e-02,-1.435916317235476011e-02,-5.183686688943279358e-02,-3.801429606348527557e-02,-3.801429606348527557e-02,-1.558271304830920190e-01,-4.064318733121485144e-02,-8.148853797899899276e-02,-1.210011918676099085e-01,-5.569323991926412171e-02,-7.051263942166730025e-02,-4.979810447122927364e-02,-3.212131358814808435e-02,-2.030901712371240009e-02,-3.801429606348527557e-02,-6.749673070628271765e-02,-3.519076715388935045e-02,-1.435916317235476185e-02,-3.524455202264515918e-01,-3.753330286669139260e-01,3.439961240091715222e+00,-4.311306135592269523e-02,-3.519076715388935045e-02,-3.801429606348527557e-02,-1.435916317235476011e-02,-1.286658602907498339e-01,-4.767312946227962589e-02,5.913962991410492975e-01,-2.487592975524973576e-02,-4.967123990818995694e-01,-1.786283982422259831e-01,-4.979810447122926670e-02,5.840947806181536750e-01,-2.030901712371240009e-02,-4.892821642774447533e-01,-1.767766952966368654e-01
-1.491716620129382109e+00,-5.537123258831522232e-01,9.520848996778241702e-01,7.082331122151057645e-01,8.467513786559180411e-02,-3.313655423434322955e-01,-4.966680157416004104e-01,-4.963069089824175273e-01,-6.623362709603883292e-02,4.121000364012353145e+00,8.414777418280475763e-01,4.325644612047202520e-01,-2.774217136808447282e-01,-2.548898644879694572e-02,9.757391625081156261e-02,-9.718073465293448898e-02,-8.087874538665257296e-01,1.130343255530836949e-01,1.988458201611921217e-01,2.472755185721718374e-01,3.600260422021904771e-01,-6.292804948981121915e-02,-4.374558360242791766e-01,3.136657141851599273e-01,1.584917603172498746e+00,-1.106413368653558910e-01,-8.078231342445260088e-01,-1.310046925403953073e-02,4.327856276433396765e+00,7.938901959723629886e-01,3.643850632671082335e-01,0.000000000000000000e+00,0.000000000000000000e+00,5.339616623415676111e-01,4.160901802106137248e-01,1.019699523791156359e+00,-4.486141852899732108e-01,-2.137114456142137353e+00,-9.415023731722672595e-01,-7.200041419233935702e-01,-3.774647335768301359e-01,1.696017942249628430e+00,-9.241704559171570743e-01,-1.655808697380984684e+00,-3.669621702617922865e-01,-4.602362970513234064e-01,-5.183686688943279358e-02,-5.183686688943279358e-02,-7.051398600435393460e-01,-1.040941436780788015e-01,-2.030901712371240009e-02,-8.401389803667852485e-02,3.056678521220304923e+00,-5.191945123345532709e-01,-7.103890521813077674e-01,-5.752567881263277033e-02,-3.801429606348526863e-02,-1.147078669352808861e-01,-1.711160802546210780e-01,-7.340709118518067011e-02,-7.197411700355742237e-02,-1.244624194945742751e-01,-7.051263942166730025e-02,-2.872721242393142319e-02,-2.030901712371240009e-02,-2.019004323808653023e-01,-1.435916317235476011e-02,-1.435916317235476011e-02,-5.183686688943279358e-02,-3.801429606348527557e-02,-3.801429606348527557e-02,-1.558271304830920190e-01,-4.064318733121485144e-02,-8.148853797899899276e-02,-1.210011918676099085e-01,-5.569323991926412171e-02,-7.051263942166730025e-02,-4.979810447122927364e-02,-3.212131358814808435e-02,-2.030901712371240009e-02,-3.801429606348527557e-02,-6.749673070628271765e-02,-3.519076715388935045e-02,-1.435916317235476185e-02,-3.524455202264515918e-01,-3.753330286669139260e-01,-2.907009498669055336e-01,-4.311306135592269523e-02,-3.519076715388935045e-02,-3.801429606348527557e-02,-1.435916317235476011e-02,-1.286658602907498339e-01,-4.767312946227962589e-02,5.913962991410492975e-01,-2.487592975524973576e-02,-4.967123990818995694e-01,-1.786283982422259831e-01,-4.979810447122926670e-02,5.840947806181536750e-01,-2.030901712371240009e-02,-4.892821642774447533e-01,-1.767766952966368654e-01
-5.693688482257359684e-01,1.363189363936059939e+00,-5.507016019503075954e-01,-2.878929612425566442e-01,-3.817296327884231455e-01,-1.048610816380417976e+00,1.677823450289539942e+00,-4.963069089824175273e-01,1.683127489289899970e+00,-3.636176791775609651e-02,-1.480456432020090807e+00,-6.008461346790693741e-02,-5.495054359093053398e-01,-6.901320793068704829e-01,1.888272549307201120e-01,7.249743818475629098e-01,-2.446226174023423960e-01,2.531406657092908907e-01,1.657573263743090886e+00,1.082896236505718424e+00,3.600260422021904771e-01,-6.292804948981121915e-02,2.522063940205545585e-01,-2.075535831050569158e+00,5.395582807260667302e+00,-3.562494847530069286e+00,-8.078231342445260088e-01,-1.032129827657539689e+00,6.006669649861826610e-01,-2.436299481158024527e+00,3.643850632671082335e-01,0.000000000000000000e+00,0.000000000000000000e+00,5.339616623415676111e-01,4.160901802106137248e-01,7.213723788716157603e-01,-5.638378858015485884e-01,-2.445094847405299698e-01,-8.356569962948936503e-01,-7.200041419233935702e-01,-3.774647335768301359e-01,-4.668062001933125371e-01,-7.170630306218840344e-01,-7.167944361002790421e-01,-3.669621702617922865e-01,-4.602362970513234064e-01,-5.183686688943279358e-02,-5.183686688943279358e-02,-7.051398600435393460e-01,-1.040941436780788015e-01,-2.030901712371240009e-02,-8.401389803667852485e-02,-3.271524934852403366e-01,1.926060419058570616e+00,-7.103890521813077674e-01,-5.752567881263277033e-02,-3.801429606348526863e-02,-1.147078669352808861e-01,-1.711160802546210780e-01,-7.340709118518067011e-02,-7.197411700355742237e-02,-1.244624194945742751e-01,-7.051263942166730025e-02,-2.872721242393142319e-02,-2.030901712371240009e-02,-2.019004323808653023e-01,-1.435916317235476011e-02,-1.435916317235476011e-02,-5.183686688943279358e-02,-3.801429606348527557e-02,2.630589287593180714e+01,-1.558271304830920190e-01,-4.064318733121485144e-02,-8.148853797899899276e-02,-1.210011918676099085e-01,-5.569323991926412171e-02,-7.051263942166730025e-02,-4.979810447122927364e-02,-3.212131358814808435e-02,-2.030901712371240009e-02,-3.801429606348527557e-02,-6.749673070628271765e-02,-3.519076715388935045e-02,-1.435916317235476185e-02,-3.524455202264515918e-01,-3.753330286669139260e-01,-2.907009498669055336e-01,-4.311306135592269523e-02,-3.519076715388935045e-02,-3.801429606348527557e-02,-1.435916317235476011e-02,-1.286658602907498339e-01,-4.767312946227962589e-02,-1.690913523558418063e+00,-2.487592975524973576e-02,2.013237442528823973e+00,-1.786283982422259831e-01,-4.979810447122926670e-02,5.840947806181536750e-01,-2.030901712371240009e-02,-4.892821642774447533e-01,-1.767766952966368654e-01
7.628745081071129919e-01,-5.537123258831522232e-01,-5.507016019503075954e-01,-2.878929612425566442e-01,-8.481344034424381784e-01,-4.030900697471309080e-01,-4.966680157416004104e-01,6.573034482162921632e-01,-6.493539992246850634e-01,-3.636176791775609651e-02,-1.474425434165939519e+00,1.171538073213661102e+00,-8.293629787728645786e-01,5.270431859332941338e-02,1.831387351169073696e+00,5.605433585474633995e-01,9.387628447616762351e-02,1.794310407427570198e+00,-8.230434584977852630e-01,4.979617339522358077e-01,3.600260422021904771e-01,1.442504519074156999e+00,1.536832182998640883e-01,1.413298650206154250e-01,4.885689282282582209e-03,-2.790244349465614282e-01,3.113400884372377608e-01,6.353727588209151511e-01,1.622638227802354116e+00,7.077518045822193127e-01,3.643850632671082335e-01,0.000000000000000000e+00,0.000000000000000000e+00,5.339616623415676111e-01,1.005591776063908815e+00,1.019699523791156359e+00,2.131480154006154315e+00,-6.212997284761122285e-02,1.704632048762071195e+00,4.575092059528056976e-01,-3.774647335768301359e-01,1.696017942249628430e+00,-4.064018926789744190e-01,-7.167944361002790421e-01,-3.669621702617922865e-01,-4.602362970513234064e-01,-5.183686688943279358e-02,-5.183686688943279358e-02,1.418158377741196352e+00,-1.040941436780788015e-01,-2.030901712371240009e-02,-8.401389803667852485e-02,-3.271524934852403366e-01,-5.191945123345532709e-01,-7.103890521813077674e-01,-5.752567881263277033e-02,-3.801429606348526863e-02,-1.147078669352808861e-01,-1.711160802546210780e-01,-7.340709118518067011e-02,-7.197411700355742237e-02,-1.244624194945742751e-01,-7.051263942166730025e-02,-2.872721242393142319e-02,-2.030901712371240009e-02,-2.019004323808653023e-01,-1.435916317235476011e-02,-1.435916317235476011e-02,-5.183686688943279358e-02,-3.801429606348527557e-02,-3.801429606348527557e-02,-1.558271304830920190e-01,-4.064318733121485144e-02,-8.148853797899899276e-02,-1.210011918676099085e-01,-5.569323991926412171e-02,-7.051263942166730025e-02,-4.979810447122927364e-02,-3.212131358814808435e-02,-2.030901712371240009e-02,-3.801429606348527557e-02,-6.749673070628271765e-02,-3.519076715388935045e-02,-1.435916317235476185e-02,-3.524455202264515918e-01,-3.753330286669139260e-01,-2.907009498669055336e-01,-4.311306135592269523e-02,-3.519076715388935045e-02,-3.801429606348527557e-02,-1.435916317235476011e-02,-1.286658602907498339e-01,-4.767312946227962589e-02,-1.690913523558418063e+00,-2.487592975524973576e-02,2.013237442528823973e+00,-1.786283982422259831e-01,-4.979810447122926670e-02,5.840947806181536750e-01,-2.030901712371240009e-02,-4.892821642774447533e-01,-1.767766952966368654e-01
7.445135678844974070e-01,-5.537123258831522232e-01,-5.507016019503075954e-01,7.082331122151057645e-01,-5.883402233564356820e-02,-1.161919601323366108e-01,1.677823450289539942e+00,6.573034482162921632e-01,-6.493539992246850634e-01,5.575471080722594897e-01,-2.698594916969761226e-02,-5.527336881405341407e-01,2.435829182714591319e-03,1.387169541396682249e-01,9.757391625081156261e-02,8.071898934976127205e-01,9.387628447616762351e-02,-4.006889216863427361e-01,-7.138339172670549182e-01,1.219324108821398522e-01,-4.872757218968044035e-01,-3.138334775838059199e-01,-8.694420680303841520e-01,-1.347025195945904086e+00,-2.739434719924614403e-01,3.103164083376579452e-01,2.997331822873470664e+00,-5.226151484557896021e-01,3.977756113388545289e-01,-2.828396964044327944e-01,-4.805784352658213909e-01,0.000000000000000000e+00,0.000000000000000000e+00,-2.392467030372219805e-01,-1.057663809422624057e+00,-1.736090558870059808e-01,6.381548081714760734e-01,-7.235062247669868940e-01,7.520236568657093779e-01,4.575092059528056976e-01,-3.774647335768301359e-01,-4.668062001933125371e-01,-4.064018926789744190e-01,-2.472873054599261933e-01,-3.669621702617922865e-01,-4.602362970513234064e-01,-5.183686688943279358e-02,-5.183686688943279358e-02,-7.051398600435393460e-01,-1.040941436780788015e-01,-2.030901712371240009e-02,-8.401389803667852485e-02,-3.271524934852403366e-01,1.926060419058570616e+00,-7.103890521813077674e-01,-5.752567881263277033e-02,-3.801429606348526863e-02,-1.147078669352808861e-01,-1.711160802546210780e-01,-7.340709118518067011e-02,-7.197411700355742237e-02,-1.244624194945742751e-01,-7.051263942166730025e-02,-2.872721242393142319e-02,-2.030901712371240009e-02,-2.019004323808653023e-01,-1.435916317235476011e-02,-1.435916317235476011e-02,-5.183686688943279358e-02,-3.801429606348527557e-02,-3.801429606348527557e-02,-1.558271304830920190e-01,-4.064318733121485144e-02,-8.148853797899899276e-02,-1.210011918676099085e-01,-5.569323991926412171e-02,-7.051263942166730025e-02,-4.979810447122927364e-02,-3.212131358814808435e-02,-2.030901712371240009e-02,-3.801429606348527557e-02,-6.749673070628271765e-02,-3.519076715388935045e-02,-1.435916317235476185e-02,-3.524455202264515918e-01,-3.753330286669139260e-01,-2.907009498669055336e-01,-4.311306135592269523e-02,-3.519076715388935045e-02,-3.801429606348527557e-02,-1.435916317235476011e-02,7.772069434271623223e+00,-4.767312946227962589e-02,-1.690913523558418063e+00,-2.487592975524973576e-02,2.013237442528823973e+00,-1.786283982422259831e-01,-4.979810447122926670e-02,5.840947806181536750e-01,-2.030901712371240009e-02,-4.892821642774447533e-01,-1.767766952966368654e-01
-1.548288165680143713e+00,-7.448690342834912714e-02,-4.977276807426366662e-02,-2.878929612425566442e-01,5.869571985699155725e-01,-5.824013882563773281e-01,-4.966680157416004104e-01,-4.963069089824175273e-01,-6.493539992246850634e-01,5.575471080722594897e-01,2.625019478295507747e-01,-5.527336881405341407e-01,2.589719101409774238e-01,5.609608013671502080e-01,-8.493276110900550846e-02,5.605433585474633995e-01,-4.702885519880157239e-01,1.233885046802741359e+00,-6.904318727176127490e-01,2.054944826754944998e-01,-6.362483984730694930e-02,-5.647389056778006067e-01,-1.304830984284317992e-02,-7.751835146271885968e-01,-1.810004182342134504e-01,-2.644978782475312235e-02,-1.363252006354677692e-01,-3.836565995825850228e-01,2.324567305891797608e-01,-1.359569588781228688e+00,-1.144275859015518870e-01,0.000000000000000000e+00,0.000000000000000000e+00,1.473574796521728292e-01,-4.681622135693289666e-01,-1.736090558870059808e-01,-1.394626953694668492e+00,3.587458238283551260e-01,1.069559787497829983e+00,1.399519884253765056e+00,-3.774647335768301359e-01,-4.668062001933125371e-01,1.113666705592083056e-01,2.222198251804266556e-01,-3.669621702617922865e-01,-4.602362970513234064e-01,-5.183686688943279358e-02,-5.183686688943279358e-02,1.418158377741196352e+00,-1.040941436780788015e-01,-2.030901712371240009e-02,-8.401389803667852485e-02,-3.271524934852403366e-01,-5.191945123345532709e-01,-7.103890521813077674e-01,-5.752567881263277033e-02,-3.801429606348526863e-02,-1.147078669352808861e-01,-1.711160802546210780e-01,-7.340709118518067011e-02,-7.197411700355742237e-02,-1.244624194945742751e-01,-7.051263942166730025e-02,-2.872721242393142319e-02,-2.030901712371240009e-02,-2.019004323808653023e-01,-1.435916317235476011e-02,-1.435916317235476011e-02,-5.183686688943279358e-02,-3.801429606348527557e-02,-3.801429606348527557e-02,-1.558271304830920190e-01,-4.064318733121485144e-02,-8.148853797899899276e-02,8.264381404557756383e+00,-5.569323991926412171e-02,-7.051263942166730025e-02,-4.979810447122927364e-02,-3.212131358814808435e-02,-2.030901712371240009e-02,-3.801429606348527557e-02,-6.749673070628271765e-02,-3.519076715388935045e-02,-1.435916317235476185e-02,-3.524455202264515918e-01,-3.753330286669139260e-01,-2.907009498669055336e-01,-4.311306135592269523e-02,-3.519076715388935045e-02,-3.801429606348527557e-02,-1.435916317235476011e-02,-1.286658602907498339e-01,-4.767312946227962589e-02,5.913962991410492975e-01,-2.487592975524973576e-02,-4.967123990818995694e-01,-1.786283982422259831e-01,-4.979810447122926670e-02,5.840947806181536750e-01,-2.030901712371240009e-02,-4.892821642774447533e-01,-1.767766952966368654e-01
-3.557827076284747481e-02,-5.537123258831522232e-01,3.456729069058043891e+00,7.082331122151057645e-01,-9.471131238595241475e-02,7.445023687120462252e-01,1.677823450289539942e+00,6.573034482162921632e-01,1.683127489289899970e+00,5.575471080722594897e-01,8.414777418280475763e-01,-1.538031837485788644e+00,-7.438509517867770704e-01,3.732968692660473264e-01,4.625872709704457186e-01,1.300482963397911140e+00,3.195422190618408820e-01,-2.605825815301355264e-01,-6.046243760363244624e-01,6.233048416422678484e-01,-1.334577485995799284e+00,-2.321076902335763581e+00,-6.041873641669863737e-01,2.979988188065649801e-01,9.782874304053058856e-02,5.628910554594662718e-01,8.750744390088503744e-02,3.321904703702865946e-02,-3.687028357732738959e-01,1.864467346107001947e-02,-1.325541933798751071e+00,0.000000000000000000e+00,0.000000000000000000e+00,-1.012455068416011628e+00,-1.352414607349271769e+00,-2.261899070323790006e+00,-1.762672568080678737e-01,1.603329482525424066e-01,-4.122754887853995465e-01,9.285145451032854602e-01,9.257960654133498002e-01,-4.668062001933125371e-01,-9.574075473606477593e-02,2.222198251804266556e-01,-3.669621702617922865e-01,-4.602362970513234064e-01,-5.183686688943279358e-02,-5.183686688943279358e-02,-7.051398600435393460e-01,-1.040941436780788015e-01,-2.030901712371240009e-02,-8.401389803667852485e-02,3.056678521220304923e+00,-5.191945123345532709e-01,-7.103890521813077674e-01,-5.752567881263277033e-02,-3.801429606348526863e-02,-1.147078669352808861e-01,-1.711160802546210780e-01,-7.340709118518067011e-02,-7.197411700355742237e-02,-1.244624194945742751e-01,-7.051263942166730025e-02,-2.872721242393142319e-02,-2.030901712371240009e-02,-2.019004323808653023e-01,-1.435916317235476011e-02,-1.435916317235476011e-02,-5.183686688943279358e-02,-3.801429606348527557e-02,-3.801429606348527557e-02,-1.558271304830920190e-01,-4.064318733121485144e-02,-8.148853797899899276e-02,-1.210011918676099085e-01,-5.569323991926412171e-02,-7.051263942166730025e-02,-4.979810447122927364e-02,-3.212131358814808435e-02,-2.030901712371240009e-02,-3.801429606348527557e-02,-6.749673070628271765e-02,-3.519076715388935045e-02,-1.435916317235476185e-02,-3.524455202264515918e-01,-3.753330286669139260e-01,-2.907009498669055336e-01,-4.311306135592269523e-02,-3.519076715388935045e-02,-3.801429606348527557e-02,-1.435916317235476011e-02,-1.286658602907498339e-01,-4.767312946227962589e-02,5.913962991410492975e-01,-2.487592975524973576e-02,-4.967123990818995694e-01,-1.786283982422259831e-01,-4.979810447122926670e-02,-1.712050908829709783e+00,-2.030901712371240009e-02,2.043810449286999731e+00,-1.767766952966368654e-01
-1.717138906116101593e-01,-5.537123258831522232e-01,1.953942567429912014e+00,-2.878929612425566442e-01,-1.027520853693982383e+00,-8.605169026788763234e-03,-4.966680157416004104e-01,1.810913805415002020e+00,-6.493539992246850634e-01,-6.302706439077716549e-01,-1.359836474937070383e+00,-5.527336881405341407e-01,1.735997830809762998e+00,-1.722283705862937220e+00,7.363472870101713808e-01,-2.563646084154426852e+00,-8.087874538665257296e-01,-1.801752323248414722e+00,-1.236479578871264806e+00,-2.384929742918500128e+00,-4.872757218968044035e-01,-5.647389056778006067e-01,-3.616687777775943746e-01,4.233339818353242801e-01,2.837148505570266099e-01,5.774176121584963933e-02,-2.440887836729143182e-02,7.743313076941197304e-01,-6.542536297954395508e-01,-6.749371792907364609e-02,-4.805784352658213909e-01,0.000000000000000000e+00,0.000000000000000000e+00,-2.392467030372219805e-01,-1.734114156426813935e-01,-1.736090558870059808e-01,-1.026696728197479036e+00,-1.156407044205123746e+00,-5.181208656627730447e-01,-7.200041419233935702e-01,-3.774647335768301359e-01,-4.668062001933125371e-01,4.220278085021179071e-01,2.222198251804266556e-01,-3.669621702617922865e-01,-4.602362970513234064e-01,-5.183686688943279358e-02,-5.183686688943279358e-02,1.418158377741196352e+00,-1.040941436780788015e-01,-2.030901712371240009e-02,-8.401389803667852485e-02,-3.271524934852403366e-01,-5.191945123345532709e-01,-7.103890521813077674e-01,-5.752567881263277033e-02,-3.801429606348526863e-02,-1.147078669352808861e-01,-1.711160802546210780e-01,-7.340709118518067011e-02,-7.197411700355742237e-02,-1.244624194945742751e-01,-7.051263942166730025e-02,-2.872721242393142319e-02,-2.030901712371240009e-02,-2.019004323808653023e-01,-1.435916317235476011e-02,-1.435916317235476011e-02,-5.183686688943279358e-02,-3.801429606348527557e-02,-3.801429606348527557e-02,-1.558271304830920190e-01,-4.064318733121485144e-02,-8.148853797899899276e-02,-1.210011918676099085e-01,-5.569323991926412171e-02,-7.051263942166730025e-02,-4.979810447122927364e-02,-3.212131358814808435e-02,-2.030901712371240009e-02,-3.801429606348527557e-02,-6.749673070628271765e-02,-3.519076715388935045e-02,-1.435916317235476185e-02,-3.524455202264515918e-01,2.664300564093018409e+00,-2.907009498669055336e-01,-4.311306135592269523e-02,-3.519076715388935045e-02,-3.801429606348527557e-02,-1.435916317235476011e-02,-1.286658602907498339e-01,-4.767312946227962589e-02,5.913962991410492975e-01,-2.487592975524973576e-02,-4.967123990818995694e-01,-1.786283982422259831e-01,-4.979810447122926670e-02,-1.712050908829709783e+00,-2.030901712371240009e-02,2.043810449286999731e+00,-1.767766952966368654e-01
1.056980379420721761e+00,-5.537123258831522232e-01,-5.507016019503075954e-01,-1.284019034700219164e+00,-8.122571133921292486e-01,-1.084473080082267282e+00,-4.966680157416004104e-01,-4.963069089824175273e-01,-6.493539992246850634e-01,-6.302706439077716549e-01,-1.420146453478580595e+00,1.862399238684066816e-01,-5.883745390847995305e-01,-9.403506554416743990e-01,-5.411994545085482278e-01,7.249743818475629098e-01,-3.574555846951790183e-01,4.399491192509005222e-01,6.824880741829981723e-01,2.890565544688492028e-01,-6.362483984730694930e-02,-3.138334775838059199e-01,-8.542846563810471139e-01,-1.406742517940934301e-01,3.766579043152746276e-01,1.419333102564523941e-01,8.750744390088503744e-02,4.037751773655741672e-01,5.630944920885294636e-01,7.938901959723629886e-01,-5.809668599935657873e-02,0.000000000000000000e+00,0.000000000000000000e+00,1.473574796521728292e-01,-1.734114156426813935e-01,-4.719362008065465242e-01,4.803769000846029869e-01,1.850516703157613518e+00,1.169513956014681527e-01,6.930118755280455511e-01,-3.774647335768301359e-01,-4.668062001933125371e-01,3.184740958544813871e-01,4.569733905006030938e-01,-3.669621702617922865e-01,-4.602362970513234064e-01,-5.183686688943279358e-02,-5.183686688943279358e-02,1.418158377741196352e+00,-1.040941436780788015e-01,-2.030901712371240009e-02,-8.401389803667852485e-02,-3.271524934852403366e-01,-5.191945123345532709e-01,-7.103890521813077674e-01,-5.752567881263277033e-02,-3.801429606348526863e-02,-1.147078669352808861e-01,-1.711160802546210780e-01,-7.340709118518067011e-02,-7.197411700355742237e-02,-1.244624194945742751e-01,-7.051263942166730025e-02,-2.872721242393142319e-02,-2.030901712371240009e-02,-2.019004323808653023e-01,-1.435916317235476011e-02,-1.435916317235476011e-02,-5.183686688943279358e-02,-3.801429606348527557e-02,-3.801429606348527557e-02,-1.558271304830920190e-01,-4.064318733121485144e-02,-8.148853797899899276e-02,-1.210011918676099085e-01,-5.569323991926412171e-02,-7.051263942166730025e-02,-4.979810447122927364e-02,-3.212131358814808435e-02,-2.030901712371240009e-02,-3.801429606348527557e-02,-6.749673070628271765e-02,-3.519076715388935045e-02,-1.435916317235476185e-02,2.837317947345407543e+00,-3.753330286669139260e-01,-2.907009498669055336e-01,-4.311306135592269523e-02,-3.519076715388935045e-02,-3.801429606348527557e-02,-1.435916317235476011e-02,-1.286658602907498339e-01,-4.767312946227962589e-02,5.913962991410492975e-01,-2.487592975524973576e-02,-4.967123990818995694e-01,-1.786283982422259831e-01,-4.979810447122926670e-02,-1.712050908829709783e+00,-2.030901712371240009e-02,2.043810449286999731e+00,-1.767766952966368654e-01
2.815201292980007430e-01,1.842414786390863091e+00,-5.507016019503075954e-01,-2.878929612425566442e-01,-4.534842128890408386e-01,-4.446743272863804691e-02,1.677823450289539942e+00,1.810913805415002020e+00,-6.623362709603883292e-02,-6.302706439077716549e-01,-3.345668397313991682e-01,9.252135358773474483e-01,1.355080619689918109e+00,-6.432160962815945959e-01,1.192613980409714003e+00,-6.726893162032826501e-01,2.914700466797083944e+00,-1.334731189394390727e+00,3.503150831509637547e-02,1.793173846749233080e+00,9.248938849348538049e-01,9.406936628861676253e-01,-7.178679515370138819e-01,-6.263480085305367373e-01,-8.805736447596543282e-02,5.774176121584963933e-02,1.766252277923530567e+00,5.427337262387786909e-01,-8.571449834427676828e-01,-4.120472834896483083e-01,9.276940622890612609e-01,0.000000000000000000e+00,0.000000000000000000e+00,9.205658450309623930e-01,4.160901802106137248e-01,4.230452339520751615e-01,5.792335976826022970e-01,1.944038460786920719e-01,-7.298116194175201521e-01,-9.555068114986333683e-01,-3.774647335768301359e-01,-4.668062001933125371e-01,-4.064018926789744190e-01,-2.472873054599261933e-01,-3.669621702617922865e-01,-4.602362970513234064e-01,-5.183686688943279358e-02,-5.183686688943279358e-02,-7.051398600435393460e-01,-1.040941436780788015e-01,-2.030901712371240009e-02,-8.401389803667852485e-02,-3.271524934852403366e-01,1.926060419058570616e+00,-7.103890521813077674e-01,-5.752567881263277033e-02,-3.801429606348526863e-02,-1.147078669352808861e-01,5.843986132174123327e+00,-7.340709118518067011e-02,-7.197411700355742237e-02,-1.244624194945742751e-01,-7.051263942166730025e-02,-2.872721242393142319e-02,-2.030901712371240009e-02,-2.019004323808653023e-01,-1.435916317235476011e-02,-1.435916317235476011e-02,-5.183686688943279358e-02,-3.801429606348527557e-02,-3.801429606348527557e-02,-1.558271304830920190e-01,-4.064318733121485144e-02,-8.148853797899899276e-02,-1.210011918676099085e-01,-5.569323991926412171e-02,-7.051263942166730025e-02,-4.979810447122927364e-02,-3.212131358814808435e-02,-2.030901712371240009e-02,-3.801429606348527557e-02,-6.749673070628271765e-02,-3.519076715388935045e-02,-1.435916317235476185e-02,-3.524455202264515918e-01,-3.753330286669139260e-01,-2.907009498669055336e-01,-4.311306135592269523e-02,-3.519076715388935045e-02,-3.801429606348527557e-02,-1.435916317235476011e-02,-1.286658602907498339e-01,-4.767312946227962589e-02,5.913962991410492975e-01,-2.487592975524973576e-02,-4.967123990818995694e-01,-1.786283982422259831e-01,-4.979810447122926670e-02,5.840947806181536750e-01,-2.030901712371240009e-02,-4.892821642774447533e-01,-1.767766952966368654e-01
-1.571574695342211891e-01,-5.537123258831522232e-01,-5.507016019503075954e-01,-1.284019034700219164e+00,-7.763798233418204298e-01,-6.899881793619251358e-01,-4.966680157416004104e-01,-4.963069089824175273e-01,-6.493539992246850634e-01,-6.302706439077716549e-01,-8.532326551883858690e-01,-6.008461346790693741e-02,-4.328981263828219350e-01,3.420195472491967537e-01,-7.237061318683652988e-01,4.783278468974136999e-01,-6.959544865736890795e-01,8.602681397195220958e-01,-4.174080196407866095e-01,8.015137498546251460e-02,-1.052143564629467676e+00,-3.138334775838059199e-01,6.462990969033168831e-01,1.543517001404863143e+00,-1.810004182342134504e-01,7.312741535406717119e-01,1.994237661690613783e-01,-2.446980507093804713e-01,-2.334419333417218634e-01,-1.144223610305869387e+00,-1.043887434287774418e+00,0.000000000000000000e+00,0.000000000000000000e+00,-1.012455068416011628e+00,7.108409781372613256e-01,-7.702633457260871230e-01,6.826730560964028305e-01,-6.727339064378227151e-01,-3.064301119080259928e-01,1.399519884253765056e+00,9.257960654133498002e-01,-4.668062001933125371e-01,-1.992944673837013236e-01,-7.167944361002790421e-01,-3.669621702617922865e-01,-4.602362970513234064e-01,-5.183686688943279358e-02,-5.183686688943279358e-02,1.418158377741196352e+00,-1.040941436780788015e-01,-2.030901712371240009e-02,-8.401389803667852485e-02,-3.271524934852403366e-01,-5.191945123345532709e-01,-7.103890521813077674e-01,-5.752567881263277033e-02,-3.801429606348526863e-02,-1.147078669352808861e-01,-1.711160802546210780e-01,-7.340709118518067011e-02,-7.197411700355742237e-02,-1.244624194945742751e-01,-7.051263942166730025e-02,-2.872721242393142319e-02,-2.030901712371240009e-02,-2.019004323808653023e-01,-1.435916317235476011e-02,-1.435916317235476011e-02,-5.183686688943279358e-02,-3.801429606348527557e-02,-3.801429606348527557e-02,-1.558271304830920190e-01,-4.064318733121485144e-02,-8.148853797899899276e-02,-1.210011918676099085e-01,-5.569323991926412171e-02,-7.051263942166730025e-02,-4.979810447122927364e-02,-3.212131358814808435e-02,-2.030901712371240009e-02,-3.801429606348527557e-02,-6.749673070628271765e-02,-3.519076715388935045e-02,-1.435916317235476185e-02,2.837317947345407543e+00,-3.753330286669139260e-01,-2.907009498669055336e-01,-4.311306135592269523e-02,-3.519076715388935045e-02,-3.801429606348527557e-02,-1.435916317235476011e-02,-1.286658602907498339e-01,-4.767312946227962589e-02,5.913962991410492975e-01,-2.487592975524973576e-02,-4.967123990818995694e-01,-1.786283982422259831e-01,-4.979810447122926670e-02,5.840947806181536750e-01,-2.030901712371240009e-02,-4.892821642774447533e-01,-1.767766952966368654e-01
-3.354736277322359905e-01,-5.537123258831522232e-01,1.453013733553867981e+00,7.082331122151057645e-01,3.358161682177537299e-01,1.963819334574921971e+00,-4.966680157416004104e-01,-4.963069089824175273e-01,-6.623362709603883292e-02,5.575471080722594897e-01,-1.824223309706698215e+00,1.910511685222601841e+00,2.598891921305737984e+00,8.502760300230175483e-01,2.800805936106286476e-01,-9.193358511534318600e-01,3.195422190618408820e-01,-4.006889216863427361e-01,3.392580874578454697e-01,-1.006155558328148070e+00,2.195846531083346154e+00,2.195220803356141115e+00,4.000263092983657315e-02,5.021567775452941085e+00,2.142575925721986962e+00,-6.157906311089724749e-01,-8.078231342445260088e-01,2.858709540792188086e+00,2.775436980663638087e-01,1.009236174447722290e+00,2.617621059354920288e+00,0.000000000000000000e+00,0.000000000000000000e+00,1.307170027720357286e+00,1.300342573990556527e+00,1.914680958549777934e+00,2.341632471416470462e+00,-7.007922928828871356e-01,-1.364883880681761363e+00,-9.555068114986333683e-01,-3.774647335768301359e-01,-4.668062001933125371e-01,-1.338385306507703376e+00,-1.655808697380984684e+00,-3.669621702617922865e-01,-4.602362970513234064e-01,-5.183686688943279358e-02,-5.183686688943279358e-02,1.418158377741196352e+00,-1.040941436780788015e-01,-2.030901712371240009e-02,-8.401389803667852485e-02,-3.271524934852403366e-01,-5.191945123345532709e-01,-7.103890521813077674e-01,-5.752567881263277033e-02,-3.801429606348526863e-02,-1.147078669352808861e-01,-1.711160802546210780e-01,-7.340709118518067011e-02,-7.197411700355742237e-02,-1.244624194945742751e-01,-7.051263942166730025e-02,-2.872721242393142319e-02,-2.030901712371240009e-02,-2.019004323808653023e-01,-1.435916317235476011e-02,-1.435916317235476011e-02,-5.183686688943279358e-02,-3.801429606348527557e-02,-3.801429606348527557e-02,-1.558271304830920190e-01,-4.064318733121485144e-02,-8.148853797899899276e-02,8.264381404557756383e+00,-5.569323991926412171e-02,-7.051263942166730025e-02,-4.979810447122927364e-02,-3.212131358814808435e-02,-2.030901712371240009e-02,-3.801429606348527557e-02,-6.749673070628271765e-02,-3.519076715388935045e-02,-1.435916317235476185e-02,-3.524455202264515918e-01,-3.753330286669139260e-01,-2.907009498669055336e-01,-4.311306135592269523e-02,-3.519076715388935045e-02,-3.801429606348527557e-02,-1.435916317235476011e-02,-1.286658602907498339e-01,-4.767312946227962589e-02,5.913962991410492975e-01,-2.487592975524973576e-02,-4.967123990818995694e-01,-1.786283982422259831e-01,-4.979810447122926670e-02,5.840947806181536750e-01,-2.030901712371240009e-02,-4.892821642774447533e-01,-1.767766952966368654e-01
-7.600910471147072078e-01,-5.537123258831522232e-01,-5.507016019503075954e-01,7.082331122151057645e-01,-1.305886024362612474e-01,-4.389523334489801587e-01,-4.966680157416004104e-01,-4.963069089824175273e-01,5.168867450326074531e-01,-6.302706439077716549e-01,8.414777418280475763e-01,4.325644612047202520e-01,-1.093672880366226119e+00,-8.543380198953356430e-01,1.888272549307201120e-01,3.961123352473639447e-01,-6.959544865736890795e-01,3.465448924800957342e-01,1.298741913984976959e+00,5.397427698489131176e-01,9.248938849348538049e-01,1.191599090980162368e+00,-4.829280709722902354e-01,-8.143507530736759925e-01,-1.389260117091437596e+00,1.068040349703082814e+00,1.994237661690613783e-01,-2.446980507093804713e-01,-8.496304888632369989e-01,9.661669787526503406e-01,9.276940622890612609e-01,0.000000000000000000e+00,0.000000000000000000e+00,9.205658450309623930e-01,4.160901802106137248e-01,1.019699523791156359e+00,2.251286615333530694e+00,-2.004239318001458867e-02,8.578690337430828761e-01,-1.349613319767399566e-02,-3.774647335768301359e-01,-4.668062001933125371e-01,-8.206167432695206099e-01,-7.167944361002790421e-01,-3.669621702617922865e-01,-4.602362970513234064e-01,-5.183686688943279358e-02,-5.183686688943279358e-02,-7.051398600435393460e-01,-1.040941436780788015e-01,-2.030901712371240009e-02,-8.401389803667852485e-02,3.056678521220304923e+00,-5.191945123345532709e-01,-7.103890521813077674e-01,-5.752567881263277033e-02,-3.801429606348526863e-02,-1.147078669352808861e-01,-1.711160802546210780e-01,-7.340709118518067011e-02,-7.197411700355742237e-02,-1.244624194945742751e-01,-7.051263942166730025e-02,-2.872721242393142319e-02,-2.030901712371240009e-02,-2.019004323808653023e-01,-1.435916317235476011e-02,-1.435916317235476011e-02,-5.183686688943279358e-02,-3.801429606348527557e-02,-3.801429606348527557e-02,-1.558271304830920190e-01,-4.064318733121485144e-02,-8.148853797899899276e-02,-1.210011918676099085e-01,-5.569323991926412171e-02,-7.051263942166730025e-02,-4.979810447122927364e-02,-3.212131358814808435e-02,-2.030901712371240009e-02,-3.801429606348527557e-02,-6.749673070628271765e-02,-3.519076715388935045e-02,-1.435916317235476185e-02,-3.524455202264515918e-01,-3.753330286669139260e-01,-2.907009498669055336e-01,-4.311306135592269523e-02,-3.519076715388935045e-02,-3.801429606348527557e-02,-1.435916317235476011e-02,-1.286658602907498339e-01,-4.767312946227962589e-02,5.913962991410492975e-01,-2.487592975524973576e-02,-4.967123990818995694e-01,-1.786283982422259831e-01,-4.979810447122926670e-02,5.840947806181536750e-01,-2.030901712371240009e-02,-4.892821642774447533e-01,-1.767766952966368654e-01
-6.588577550765021273e-01,-5.537123258831522232e-01,-4.977276807426366662e-02,-2.878929612425566442e-01,-7.763798233418204298e-01,-8.692994978711715559e-01,-4.966680157416004104e-01,1.810913805415002020e+00,5.168867450326074531e-01,-6.302706439077716549e-01,-1.355439105444158632e-01,-2.030680912158415730e+00,1.034954974390001892e-01,-5.102874777099800641e-01,-1.453732841307633583e+00,1.136051940097811741e+00,-8.087874538665257296e-01,-8.210079421549643097e-01,1.364403680293461429e-01,1.219324108821398522e-01,-1.334577485995799284e+00,-2.070171474241768728e+00,-6.193447758163234118e-01,-1.276524166742226685e+00,-2.739434719924614403e-01,9.838488006624800386e-01,-2.440887836729143182e-02,-2.446980507093804713e-01,-1.357535038078231948e-01,-9.288776318305103086e-01,-1.325541933798751071e+00,0.000000000000000000e+00,0.000000000000000000e+00,-1.399059251105406521e+00,-1.941916203202566749e+00,-1.366917635565168210e+00,-1.690657755260943917e-01,7.782855068640802676e-01,4.344875262335887722e-01,1.164017214678525258e+00,-3.774647335768301359e-01,3.858842084692569063e+00,-1.027724168564793761e+00,-4.820408707801026038e-01,-3.669621702617922865e-01,-4.602362970513234064e-01,-5.183686688943279358e-02,-5.183686688943279358e-02,-7.051398600435393460e-01,-1.040941436780788015e-01,-2.030901712371240009e-02,-8.401389803667852485e-02,-3.271524934852403366e-01,1.926060419058570616e+00,-7.103890521813077674e-01,-5.752567881263277033e-02,-3.801429606348526863e-02,-1.147078669352808861e-01,-1.711160802546210780e-01,-7.340709118518067011e-02,-7.197411700355742237e-02,-1.244624194945742751e-01,-7.051263942166730025e-02,-2.872721242393142319e-02,-2.030901712371240009e-02,-2.019004323808653023e-01,-1.435916317235476011e-02,-1.435916317235476011e-02,-5.183686688943279358e-02,-3.801429606348527557e-02,-3.801429606348527557e-02,-1.558271304830920190e-01,-4.064318733121485144e-02,-8.148853797899899276e-02,-1.210011918676099085e-01,-5.569323991926412171e-02,-7.051263942166730025e-02,-4.979810447122927364e-02,-3.212131358814808435e-02,-2.030901712371240009e-02,-3.801429606348527557e-02,-6.749673070628271765e-02,-3.519076715388935045e-02,-1.435916317235476185e-02,-3.524455202264515918e-01,-3.753330286669139260e-01,3.439961240091715222e+00,-4.311306135592269523e-02,-3.519076715388935045e-02,-3.801429606348527557e-02,-1.435916317235476011e-02,-1.286658602907498339e-01,-4.767312946227962589e-02,5.913962991410492975e-01,-2.487592975524973576e-02,-4.967123990818995694e-01,-1.786283982422259831e-01,-4.979810447122926670e-02,5.840947806181536750e-01,-2.030901712371240009e-02,-4.892821642774447533e-01,-1.767766952966368654e-01
5.192566957736572536e-02,-5.537123258831522232e-01,-5.507016019503075954e-01,-1.284019034700219164e+00,-2.023431825368789405e-01,-8.605169026788763234e-03,-4.966680157416004104e-01,-4.963069089824175273e-01,-6.493539992246850634e-01,-6.302706439077716549e-01,3.469359177876646938e-01,4.325644612047202520e-01,3.337404881640130938e+00,9.050113435525062311e-01,9.757391625081156261e-02,-1.165982386103581181e+00,-8.087874538665257296e-01,2.868459015291825676e+00,1.860390983171590795e+00,-1.716433168571662726e+00,2.054629570400180238e+00,1.191599090980162368e+00,-2.555668962322352189e-01,-1.720080425512833522e-01,-5.527726332672054932e-01,5.628910554594662718e-01,-5.839904897081731328e-01,-2.446980507093804713e-01,-9.322899292380745218e-01,8.369593916674348266e-01,2.195139310088455531e+00,0.000000000000000000e+00,0.000000000000000000e+00,1.307170027720357286e+00,1.300342573990556527e+00,1.914680958549777934e+00,-4.728373496020657485e-01,7.528993476994981782e-01,-6.239662425401465429e-01,-9.555068114986333683e-01,-3.774647335768301359e-01,-4.668062001933125371e-01,-7.170630306218840344e-01,-1.253374013974976713e-02,-3.669621702617922865e-01,1.739375798511208382e+00,-5.183686688943279358e-02,-5.183686688943279358e-02,1.418158377741196352e+00,-1.040941436780788015e-01,-2.030901712371240009e-02,-8.401389803667852485e-02,-3.271524934852403366e-01,-5.191945123345532709e-01,-7.103890521813077674e-01,-5.752567881263277033e-02,-3.801429606348526863e-02,-1.147078669352808861e-01,-1.711160802546210780e-01,-7.340709118518067011e-02,-7.197411700355742237e-02,-1.244624194945742751e-01,-7.051263942166730025e-02,-2.872721242393142319e-02,-2.030901712371240009e-02,-2.019004323808653023e-01,-1.435916317235476011e-02,-1.435916317235476011e-02,-5.183686688943279358e-02,-3.801429606348527557e-02,-3.801429606348527557e-02,-1.558271304830920190e-01,-4.064318733121485144e-02,-8.148853797899899276e-02,-1.210011918676099085e-01,-5.569323991926412171e-02,-7.051263942166730025e-02,-4.979810447122927364e-02,-3.212131358814808435e-02,-2.030901712371240009e-02,-3.801429606348527557e-02,-6.749673070628271765e-02,-3.519076715388935045e-02,-1.435916317235476185e-02,-3.524455202264515918e-01,2.664300564093018409e+00,-2.907009498669055336e-01,-4.311306135592269523e-02,-3.519076715388935045e-02,-3.801429606348527557e-02,-1.435916317235476011e-02,-1.286658602907498339e-01,-4.767312946227962589e-02,5.913962991410492975e-01,-2.487592975524973576e-02,-4.967123990818995694e-01,-1.786283982422259831e-01,-4.979810447122926670e-02,-1.712050908829709783e+00,-2.030901712371240009e-02,2.043810449286999731e+00,-1.767766952966368654e-01
-4.136775641862717318e-02,-7.448690342834912714e-02,4.511560658017802483e-01,7.082331122151057645e-01,-9.471131238595241475e-02,7.445023687120462252e-01,-4.966680157416004104e-01,-4.963069089824175273e-01,-6.623362709603883292e-02,-3.636176791775609651e-02,8.414777418280475763e-01,-6.008461346790693741e-02,-5.728268978146017210e-01,-2.678882320793884997e-01,6.450939483302627897e-01,1.547129498348060350e+00,-3.574555846951790183e-01,-3.539868083009403144e-01,1.832444571282306200e-01,8.739910570223318187e-01,-4.872757218968044035e-01,-3.138334775838059199e-01,-8.088124214330361106e-01,-3.130101009586379601e-01,4.885689282282582209e-03,6.470826045000689364e-01,-5.839904897081731328e-01,-1.310046925403953073e-02,1.013964166860369831e+00,2.770598476315010439e-01,-4.805784352658213909e-01,0.000000000000000000e+00,0.000000000000000000e+00,-2.392467030372219805e-01,1.213393822839661657e-01,-4.719362008065465242e-01,-3.373185654776561515e-01,7.101437112117809924e-01,-1.047347750049640647e+00,-9.555068114986333683e-01,-3.774647335768301359e-01,-4.668062001933125371e-01,-9.574075473606477593e-02,6.917269558207794766e-01,-3.669621702617922865e-01,-4.602362970513234064e-01,-5.183686688943279358e-02,-5.183686688943279358e-02,-7.051398600435393460e-01,-1.040941436780788015e-01,-2.030901712371240009e-02,-8.401389803667852485e-02,-3.271524934852403366e-01,-5.191945123345532709e-01,1.407679351095596942e+00,-5.752567881263277033e-02,-3.801429606348526863e-02,-1.147078669352808861e-01,-1.711160802546210780e-01,-7.340709118518067011e-02,-7.197411700355742237e-02,-1.244624194945742751e-01,-7.051263942166730025e-02,-2.872721242393142319e-02,-2.030901712371240009e-02,-2.019004323808653023e-01,-1.435916317235476011e-02,-1.435916317235476011e-02,-5.183686688943279358e-02,-3.801429606348527557e-02,-3.801429606348527557e-02,-1.558271304830920190e-01,-4.064318733121485144e-02,-8.148853797899899276e-02,-1.210011918676099085e-01,-5.569323991926412171e-02,-7.051263942166730025e-02,-4.979810447122927364e-02,-3.212131358814808435e-02,-2.030901712371240009e-02,-3.801429606348527557e-02,-6.749673070628271765e-02,-3.519076715388935045e-02,-1.435916317235476185e-02,-3.524455202264515918e-01,-3.753330286669139260e-01,-2.907009498669055336e-01,-4.311306135592269523e-02,-3.519076715388935045e-02,-3.801429606348527557e-02,-1.435916317235476011e-02,-1.286658602907498339e-01,-4.767312946227962589e-02,5.913962991410492975e-01,-2.487592975524973576e-02,-4.967123990818995694e-01,-1.786283982422259831e-01,-4.979810447122926670e-02,5.840947806181536750e-01,-2.030901712371240009e-02,-4.892821642774447533e-01,-1.767766952966368654e-01
1.756552487351719094e-01,-5.537123258831522232e-01,9.520848996778241702e-01,-2.878929612425566442e-01,-9.198889835430558160e-01,-8.032969643048733233e-02,-4.966680157416004104e-01,-4.963069089824175273e-01,5.168867450326074531e-01,5.575471080722594897e-01,-1.295129126902647143e-01,6.788889985410339056e-01,-1.841358660596581487e-01,-1.221846553593329165e+00,6.320577570903027943e-03,-3.438272696030836850e-01,1.786370793868717222e+00,-2.605825815301355264e-01,3.392580874578454697e-01,-1.006155558328148070e+00,3.600260422021904771e-01,-5.647389056778006067e-01,-1.013437478699085625e+00,-4.383452639873972601e-01,8.413731731065147157e-01,2.261248592970551696e-01,-1.363252006354677692e-01,7.743313076941197304e-01,6.382394378838363025e-01,2.339906519364291781e-01,3.643850632671082335e-01,0.000000000000000000e+00,0.000000000000000000e+00,5.339616623415676111e-01,4.160901802106137248e-01,4.230452339520751615e-01,-7.000113500425012569e-01,-1.921332103243189371e+00,3.080621948167927115e+00,2.106027892979484673e+00,-3.774647335768301359e-01,-4.668062001933125371e-01,2.389548348807212452e+00,2.335001913062014545e+00,-3.669621702617922865e-01,1.739375798511208382e+00,-5.183686688943279358e-02,-5.183686688943279358e-02,1.418158377741196352e+00,-1.040941436780788015e-01,-2.030901712371240009e-02,-8.401389803667852485e-02,-3.271524934852403366e-01,-5.191945123345532709e-01,-7.103890521813077674e-01,-5.752567881263277033e-02,-3.801429606348526863e-02,-1.147078669352808861e-01,-1.711160802546210780e-01,-7.340709118518067011e-02,-7.197411700355742237e-02,8.034553755751097981e+00,-7.051263942166730025e-02,-2.872721242393142319e-02,-2.030901712371240009e-02,-2.019004323808653023e-01,-1.435916317235476011e-02,-1.435916317235476011e-02,-5.183686688943279358e-02,-3.801429606348527557e-02,-3.801429606348527557e-02,-1.558271304830920190e-01,-4.064318733121485144e-02,-8.148853797899899276e-02,-1.210011918676099085e-01,-5.569323991926412171e-02,-7.051263942166730025e-02,-4.979810447122927364e-02,-3.212131358814808435e-02,-2.030901712371240009e-02,-3.801429606348527557e-02,-6.749673070628271765e-02,-3.519076715388935045e-02,-1.435916317235476185e-02,-3.524455202264515918e-01,-3.753330286669139260e-01,-2.907009498669055336e-01,-4.311306135592269523e-02,-3.519076715388935045e-02,-3.801429606348527557e-02,-1.435916317235476011e-02,-1.286658602907498339e-01,-4.767312946227962589e-02,5.913962991410492975e-01,-2.487592975524973576e-02,-4.967123990818995694e-01,-1.786283982422259831e-01,-4.979810447122926670e-02,-1.712050908829709783e+00,-2.030901712371240009e-02,2.043810449286999731e+00,-1.767766952966368654e-01
-7.643918078875721056e-01,4.047385190264539689e-01,-5.507016019503075954e-01,7.082331122151057645e-01,2.640615881171360368e-01,2.065684131843069371e-01,5.905777172739697933e-01,-4.963069089824175273e-01,5.168867450326074531e-01,2.339273736042306151e+00,8.414777418280475763e-01,-1.045382762813161337e+00,1.890075244250876974e-01,2.951035642239209222e-01,-4.499461158286396367e-01,2.316813119472644900e-01,-6.959544865736890795e-01,8.602681397195220958e-01,-9.758007746507620095e-02,5.397427698489131176e-01,-1.052143564629467676e+00,-1.066549761865789980e+00,-7.102892457123456404e-01,1.491633127099130929e-01,-1.810004182342134504e-01,9.838488006624800386e-01,-5.839904897081731328e-01,7.743313076941197304e-01,1.171768553030513971e+00,5.354750218019320718e-01,-1.043887434287774418e+00,0.000000000000000000e+00,0.000000000000000000e+00,-1.012455068416011628e+00,-1.057663809422624057e+00,-7.702633457260871230e-01,-2.241742942045306386e-02,-1.467053465561193981e+00,3.286421493562152185e-01,9.285145451032854602e-01,2.229056864403530014e+00,-4.668062001933125371e-01,-9.574075473606477593e-02,-2.472873054599261933e-01,-3.669621702617922865e-01,-4.602362970513234064e-01,-5.183686688943279358e-02,-5.183686688943279358e-02,-7.051398600435393460e-01,-1.040941436780788015e-01,-2.030901712371240009e-02,-8.401389803667852485e-02,3.056678521220304923e+00,-5.191945123345532709e-01,-7.103890521813077674e-01,-5.752567881263277033e-02,-3.801429606348526863e-02,-1.147078669352808861e-01,-1.711160802546210780e-01,-7.340709118518067011e-02,-7.197411700355742237e-02,-1.244624194945742751e-01,-7.051263942166730025e-02,-2.872721242393142319e-02,-2.030901712371240009e-02,-2.019004323808653023e-01,-1.435916317235476011e-02,-1.435916317235476011e-02,-5.183686688943279358e-02,-3.801429606348527557e-02,-3.801429606348527557e-02,-1.558271304830920190e-01,-4.064318733121485144e-02,-8.148853797899899276e-02,-1.210011918676099085e-01,-5.569323991926412171e-02,-7.051263942166730025e-02,-4.979810447122927364e-02,-3.212131358814808435e-02,-2.030901712371240009e-02,-3.801429606348527557e-02,-6.749673070628271765e-02,-3.519076715388935045e-02,-1.435916317235476185e-02,-3.524455202264515918e-01,-3.753330286669139260e-01,-2.907009498669055336e-01,-4.311306135592269523e-02,-3.519076715388935045e-02,-3.801429606348527557e-02,-1.435916317235476011e-02,-1.286658602907498339e-01,-4.767312946227962589e-02,5.913962991410492975e-01,-2.487592975524973576e-02,-4.967123990818995694e-01,-1.786283982422259831e-01,-4.979810447122926670e-02,5.840947806181536750e-01,-2.030901712371240009e-02,-4.892821642774447533e-01,-1.767766952966368654e-01
1.008183286036292925e+00,-5.537123258831522232e-01,-5.507016019503075954e-01,-1.284019034700219164e+00,-2.023431825368789405e-01,-7.975749704674730545e-01,-4.966680157416004104e-01,-4.963069089824175273e-01,-6.493539992246850634e-01,-6.302706439077716549e-01,4.012148984750236735e-01,6.788889985410339056e-01,-5.339577946391075303e-01,4.436708438039608238e-01,-2.674394384688225657e-01,2.316813119472644900e-01,5.452081536475141821e-01,7.668639129487173633e-01,-7.840400509153816477e-01,-8.808124506381160845e-01,-6.362483984730694930e-02,4.388828066981781961e-01,3.128360406179026554e-01,-3.991780255409100309e-01,-6.457156870254534553e-01,-2.790244349465614282e-01,-3.601578451718204787e-01,-1.520590181272440944e-01,-6.542536297954395508e-01,-9.288776318305103086e-01,-5.809668599935657873e-02,0.000000000000000000e+00,0.000000000000000000e+00,1.473574796521728292e-01,1.005591776063908815e+00,4.230452339520751615e-01,-7.942852868246992326e-01,-3.340290986366878934e-01,1.281250541252576980e+00,1.399519884253765056e+00,-3.774647335768301359e-01,-4.668062001933125371e-01,7.326889464450275780e-01,6.917269558207794766e-01,-3.669621702617922865e-01,1.739375798511208382e+00,-5.183686688943279358e-02,-5.183686688943279358e-02,1.418158377741196352e+00,-1.040941436780788015e-01,-2.030901712371240009e-02,-8.401389803667852485e-02,-3.271524934852403366e-01,-5.191945123345532709e-01,-7.103890521813077674e-01,-5.752567881263277033e-02,-3.801429606348526863e-02,-1.147078669352808861e-01,-1.711160802546210780e-01,-7.340709118518067011e-02,-7.197411700355742237e-02,-1.244624194945742751e-01,-7.051263942166730025e-02,-2.872721242393142319e-02,-2.030901712371240009e-02,-2.019004323808653023e-01,-1.435916317235476011e-02,-1.435916317235476011e-02,-5.183686688943279358e-02,-3.801429606348527557e-02,-3.801429606348527557e-02,-1.558271304830920190e-01,-4.064318733121485144e-02,-8.148853797899899276e-02,-1.210011918676099085e-01,-5.569323991926412171e-02,-7.051263942166730025e-02,-4.979810447122927364e-02,-3.212131358814808435e-02,-2.030901712371240009e-02,-3.801429606348527557e-02,-6.749673070628271765e-02,-3.519076715388935045e-02,-1.435916317235476185e-02,2.837317947345407543e+00,-3.753330286669139260e-01,-2.907009498669055336e-01,-4.311306135592269523e-02,-3.519076715388935045e-02,-3.801429606348527557e-02,-1.435916317235476011e-02,-1.286658602907498339e-01,-4.767312946227962589e-02,5.913962991410492975e-01,-2.487592975524973576e-02,-4.967123990818995694e-01,-1.786283982422259831e-01,-4.979810447122926670e-02,5.840947806181536750e-01,-2.030901712371240009e-02,-4.892821642774447533e-01,-1.767766952966368654e-01
3.425578494975067279e-01,-5.537123258831522232e-01,-5.507016019503075954e-01,7.082331122151057645e-01,-5.969933730902762248e-01,3.039687245630400270e+00,-4.966680157416004104e-01,-4.963069089824175273e-01,-6.493539992246850634e-01,5.575471080722594897e-01,8.414777418280475763e-01,1.862399238684066816e-01,1.199604206987941346e+00,-3.695395286341525698e-01,-8.149594705482737789e-01,-2.616117579530339854e-01,-8.087874538665257296e-01,-1.801752323248414722e+00,-1.236479578871264806e+00,7.068669134356224681e-01,-4.872757218968044035e-01,6.897882347921728829e-01,-4.677706593229531973e-01,7.601722324751156723e-01,3.766579043152746276e-01,8.996572516218772630e-01,-5.839904897081731328e-01,3.111361447834378180e-01,-8.270870051246449473e-01,-1.536321093192173082e-01,-4.805784352658213909e-01,0.000000000000000000e+00,0.000000000000000000e+00,-2.392467030372219805e-01,1.213393822839661657e-01,7.213723788716157603e-01,-3.616571186785693531e-02,3.781194716118519983e-01,-5.181208656627730447e-01,-2.489988027729138353e-01,9.257960654133498002e-01,-4.668062001933125371e-01,-1.992944673837013236e-01,4.569733905006030938e-01,-3.669621702617922865e-01,1.739375798511208382e+00,-5.183686688943279358e-02,-5.183686688943279358e-02,-7.051398600435393460e-01,-1.040941436780788015e-01,-2.030901712371240009e-02,-8.401389803667852485e-02,-3.271524934852403366e-01,-5.191945123345532709e-01,1.407679351095596942e+00,-5.752567881263277033e-02,-3.801429606348526863e-02,-1.147078669352808861e-01,-1.711160802546210780e-01,-7.340709118518067011e-02,-7.197411700355742237e-02,-1.244624194945742751e-01,-7.051263942166730025e-02,-2.872721242393142319e-02,-2.030901712371240009e-02,-2.019004323808653023e-01,-1.435916317235476011e-02,-1.435916317235476011e-02,-5.183686688943279358e-02,-3.801429606348527557e-02,-3.801429606348527557e-02,-1.558271304830920190e-01,-4.064318733121485144e-02,-8.148853797899899276e-02,-1.210011918676099085e-01,-5.569323991926412171e-02,-7.051263942166730025e-02,-4.979810447122927364e-02,-3.212131358814808435e-02,-2.030901712371240009e-02,-3.801429606348527557e-02,-6.749673070628271765e-02,-3.519076715388935045e-02,-1.435916317235476185e-02,-3.524455202264515918e-01,-3.753330286669139260e-01,-2.907009498669055336e-01,-4.311306135592269523e-02,-3.519076715388935045e-02,-3.801429606348527557e-02,-1.435916317235476011e-02,-1.286658602907498339e-01,-4.767312946227962589e-02,5.913962991410492975e-01,-2.487592975524973576e-02,-4.967123990818995694e-01,-1.786283982422259831e-01,-4.979810447122926670e-02,5.840947806181536750e-01,-2.030901712371240009e-02,-4.892821642774447533e-01,-1.767766952966368654e-01
1.323462133462467438e+00,-5.537123258831522232e-01,-5.507016019503075954e-01,-1.284019034700219164e+00,-2.295673228533472165e-02,-4.389523334489801587e-01,-4.966680157416004104e-01,-4.963069089824175273e-01,-6.493539992246850634e-01,-6.302706439077716549e-01,2.685329456837016737e-01,1.417862610549974756e+00,-1.101446701001324913e+00,1.812053682041170566e+00,1.010107303049897043e+00,-3.438272696030836850e-01,-8.087874538665257296e-01,1.000374479875729250e+00,-2.067896186958065319e-01,1.291801415989105140e+00,9.248938849348538049e-01,6.897882347921728829e-01,7.789616005317896719e-02,3.606664003209448244e-01,1.491974549414250673e+00,-1.205131474393191793e+00,-5.839904897081731328e-01,2.648166284923695879e-01,1.156739563871452603e+00,1.138443761532937692e+00,9.276940622890612609e-01,0.000000000000000000e+00,0.000000000000000000e+00,9.205658450309623930e-01,1.595093371917204017e+00,4.230452339520751615e-01,-7.072128313244746556e-01,-2.752400984660767214e-01,-7.298116194175201521e-01,-1.426512150649113186e+00,-3.774647335768301359e-01,-4.668062001933125371e-01,-9.241704559171570743e-01,-9.515480014204554804e-01,-3.669621702617922865e-01,-4.602362970513234064e-01,-5.183686688943279358e-02,-5.183686688943279358e-02,1.418158377741196352e+00,-1.040941436780788015e-01,-2.030901712371240009e-02,-8.401389803667852485e-02,-3.271524934852403366e-01,-5.191945123345532709e-01,-7.103890521813077674e-01,-5.752567881263277033e-02,-3.801429606348526863e-02,-1.147078669352808861e-01,-1.711160802546210780e-01,-7.340709118518067011e-02,-7.197411700355742237e-02,-1.244624194945742751e-01,-7.051263942166730025e-02,-2.872721242393142319e-02,-2.030901712371240009e-02,-2.019004323808653023e-01,-1.435916317235476011e-02,-1.435916317235476011e-02,-5.183686688943279358e-02,-3.801429606348527557e-02,-3.801429606348527557e-02,-1.558271304830920190e-01,-4.064318733121485144e-02,-8.148853797899899276e-02,-1.210011918676099085e-01,-5.569323991926412171e-02,-7.051263942166730025e-02,-4.979810447122927364e-02,-3.212131358814808435e-02,-2.030901712371240009e-02,-3.801429606348527557e-02,-6.749673070628271765e-02,-3.519076715388935045e-02,-1.435916317235476185e-02,-3.524455202264515918e-01,-3.753330286669139260e-01,-2.907009498669055336e-01,-4.311306135592269523e-02,2.841654447676564743e+01,-3.801429606348527557e-02,-1.435916317235476011e-02,-1.286658602907498339e-01,-4.767312946227962589e-02,5.913962991410492975e-01,-2.487592975524973576e-02,-4.967123990818995694e-01,-1.786283982422259831e-01,-4.979810447122926670e-02,5.840947806181536750e-01,-2.030901712371240009e-02,-4.892821642774447533e-01,-1.767766952966368654e-01
5.870763848842194821e-02,-5.537123258831522232e-01,-5.507016019503075954e-01,7.082331122151057645e-01,1.196871129425165936e+00,8.162268961157447267e-01,-4.966680157416004104e-01,-4.963069089824175273e-01,-6.623362709603883292e-02,-6.302706439077716549e-01,8.414777418280475763e-01,-2.030680912158415730e+00,6.554367625310201229e-01,1.053578623132545689e+00,2.800805936106286476e-01,3.961123352473639447e-01,-8.087874538665257296e-01,-6.341994886133547338e-01,-8.620468660801889893e-01,1.166458308299073154e+00,-1.052143564629467676e+00,-2.070171474241768728e+00,1.157896891765216874e-01,-5.450632721182134544e-02,-5.527726332672054932e-01,-6.999821801495752505e-01,-8.078231342445260088e-01,-7.078932136200624115e-01,-3.461593520346820663e-01,9.230977830575785026e-01,-1.043887434287774418e+00,0.000000000000000000e+00,0.000000000000000000e+00,-2.172267616484195862e+00,-1.647165405275919259e+00,-1.665244780484708809e+00,1.589289628619695027e-01,7.161562225928661540e-01,-8.356569962948936503e-01,-9.555068114986333683e-01,9.257960654133498002e-01,-4.668062001933125371e-01,-1.992944673837013236e-01,1.395987651781308791e+00,-3.669621702617922865e-01,-4.602362970513234064e-01,-5.183686688943279358e-02,-5.183686688943279358e-02,-7.051398600435393460e-01,-1.040941436780788015e-01,-2.030901712371240009e-02,-8.401389803667852485e-02,3.056678521220304923e+00,-5.191945123345532709e-01,-7.103890521813077674e-01,-5.752567881263277033e-02,-3.801429606348526863e-02,-1.147078669352808861e-01,-1.711160802546210780e-01,-7.340709118518067011e-02,-7.197411700355742237e-02,-1.244624194945742751e-01,-7.051263942166730025e-02,-2.872721242393142319e-02,-2.030901712371240009e-02,-2.019004323808653023e-01,-1.435916317235476011e-02,-1.435916317235476011e-02,-5.183686688943279358e-02,-3.801429606348527557e-02,-3.801429606348527557e-02,-1.558271304830920190e-01,-4.064318733121485144e-02,-8.148853797899899276e-02,-1.210011918676099085e-01,-5.569323991926412171e-02,-7.051263942166730025e-02,-4.979810447122927364e-02,-3.212131358814808435e-02,-2.030901712371240009e-02,-3.801429606348527557e-02,-6.749673070628271765e-02,-3.519076715388935045e-02,-1.435916317235476185e-02,-3.524455202264515918e-01,-3.753330286669139260e-01,-2.907009498669055336e-01,-4.311306135592269523e-02,-3.519076715388935045e-02,-3.801429606348527557e-02,-1.435916317235476011e-02,-1.286658602907498339e-01,-4.767312946227962589e-02,5.913962991410492975e-01,-2.487592975524973576e-02,-4.967123990818995694e-01,-1.786283982422259831e-01,-4.979810447122926670e-02,5.840947806181536750e-01,-2.030901712371240009e-02,-4.892821642774447533e-01,-1.767766952966368654e-01
-9.767832245167474836e-01,-7.448690342834912714e-02,-4.977276807426366662e-02,-1.284019034700219164e+00,-8.840116934927469972e-01,-4.389523334489801587e-01,-4.966680157416004104e-01,-4.963069089824175273e-01,-6.493539992246850634e-01,-3.636176791775609651e-02,4.494628813082318097e-01,1.171538073213661102e+00,1.222925668893237283e+00,-1.362594502669156382e+00,-1.088719486587999441e+00,-1.330413409403680580e+00,-8.087874538665257296e-01,-1.801752323248414722e+00,-1.236479578871264806e+00,-7.136883070514067340e-01,9.248938849348538049e-01,4.388828066981781961e-01,1.828577205551604079e+00,2.068357996587793846e+00,1.584917603172498746e+00,-7.841737291901780260e-01,1.094754344314472272e+00,-4.762956321647214275e-01,5.210886068044361802e-02,-2.436299481158024527e+00,9.276940622890612609e-01,0.000000000000000000e+00,0.000000000000000000e+00,9.205658450309623930e-01,1.595093371917204017e+00,1.318026668710696736e+00,6.996947391265219141e-01,4.950294151329537318e-01,-6.239662425401465429e-01,-9.555068114986333683e-01,-3.774647335768301359e-01,-4.668062001933125371e-01,-1.027724168564793761e+00,-4.820408707801026038e-01,-3.669621702617922865e-01,-4.602362970513234064e-01,-5.183686688943279358e-02,-5.183686688943279358e-02,1.418158377741196352e+00,-1.040941436780788015e-01,-2.030901712371240009e-02,-8.401389803667852485e-02,-3.271524934852403366e-01,-5.191945123345532709e-01,-7.103890521813077674e-01,-5.752567881263277033e-02,-3.801429606348526863e-02,-1.147078669352808861e-01,-1.711160802546210780e-01,-7.340709118518067011e-02,-7.197411700355742237e-02,-1.244624194945742751e-01,-7.051263942166730025e-02,-2.872721242393142319e-02,-2.030901712371240009e-02,-2.019004323808653023e-01,-1.435916317235476011e-02,-1.435916317235476011e-02,-5.183686688943279358e-02,-3.801429606348527557e-02,-3.801429606348527557e-02,-1.558271304830920190e-01,-4.064318733121485144e-02,-8.148853797899899276e-02,-1.210011918676099085e-01,-5.569323991926412171e-02,-7.051263942166730025e-02,-4.979810447122927364e-02,-3.212131358814808435e-02,-2.030901712371240009e-02,-3.801429606348527557e-02,-6.749673070628271765e-02,-3.519076715388935045e-02,-1.435916317235476185e-02,2.837317947345407543e+00,-3.753330286669139260e-01,-2.907009498669055336e-01,-4.311306135592269523e-02,-3.519076715388935045e-02,-3.801429606348527557e-02,-1.435916317235476011e-02,-1.286658602907498339e-01,-4.767312946227962589e-02,-1.690913523558418063e+00,-2.487592975524973576e-02,2.013237442528823973e+00,-1.786283982422259831e-01,-4.979810447122926670e-02,5.840947806181536750e-01,-2.030901712371240009e-02,-4.892821642774447533e-01,-1.767766952966368654e-01
1.488048939962490547e+00,-5.537123258831522232e-01,4.511560658017802483e-01,7.082331122151057645e-01,6.945890687208421399e-01,1.605196697556429131e+00,-4.966680157416004104e-01,-4.963069089824175273e-01,-6.623362709603883292e-02,-6.302706439077716549e-01,8.414777418280475763e-01,-1.784356374822102298e+00,1.448366467311104744e+00,5.453221403587249494e-01,-5.411994545085482278e-01,-3.438272696030836850e-01,2.067092517690042597e-01,-4.006889216863427361e-01,-3.003977968935755416e-01,7.904289852289771989e-01,-1.617011407362130893e+00,-2.571982330429758434e+00,3.242392510516789450e-02,5.016684587282991270e-01,1.491974549414250673e+00,-2.790244349465614282e-01,6.470890552417668529e-01,1.237526470604801476e+00,4.428625788160385768e-01,2.339906519364291781e-01,-1.607196433309727501e+00,0.000000000000000000e+00,0.000000000000000000e+00,-2.945475981862985648e+00,-1.941916203202566749e+00,-2.261899070323790006e+00,1.017214595649897246e+00,7.228367907940720372e-01,-4.122754887853995465e-01,2.220065363775658440e-01,-3.774647335768301359e-01,-4.668062001933125371e-01,-9.574075473606477593e-02,-2.472873054599261933e-01,-3.669621702617922865e-01,-4.602362970513234064e-01,-5.183686688943279358e-02,-5.183686688943279358e-02,-7.051398600435393460e-01,-1.040941436780788015e-01,-2.030901712371240009e-02,-8.401389803667852485e-02,-3.271524934852403366e-01,-5.191945123345532709e-01,1.407679351095596942e+00,-5.752567881263277033e-02,-3.801429606348526863e-02,-1.147078669352808861e-01,-1.711160802546210780e-01,-7.340709118518067011e-02,-7.197411700355742237e-02,-1.244624194945742751e-01,-7.051263942166730025e-02,-2.872721242393142319e-02,-2.030901712371240009e-02,-2.019004323808653023e-01,-1.435916317235476011e-02,-1.435916317235476011e-02,-5.183686688943279358e-02,-3.801429606348527557e-02,-3.801429606348527557e-02,-1.558271304830920190e-01,-4.064318733121485144e-02,-8.148853797899899276e-02,-1.210011918676099085e-01,-5.569323991926412171e-02,-7.051263942166730025e-02,-4.979810447122927364e-02,-3.212131358814808435e-02,-2.030901712371240009e-02,-3.801429606348527557e-02,-6.749673070628271765e-02,-3.519076715388935045e-02,-1.435916317235476185e-02,-3.524455202264515918e-01,-3.753330286669139260e-01,-2.907009498669055336e-01,-4.311306135592269523e-02,-3.519076715388935045e-02,-3.801429606348527557e-02,-1.435916317235476011e-02,-1.286658602907498339e-01,-4.767312946227962589e-02,5.913962991410492975e-01,-2.487592975524973576e-02,-4.967123990818995694e-01,-1.786283982422259831e-01,-4.979810447122926670e-02,5.840947806181536750e-01,-2.030901712371240009e-02,-4.892821642774447533e-01,-1.767766952966368654e-01
1.056980379420721761e+00,-5.537123258831522232e-01,-5.507016019503075954e-01,7.082331122151057645e-01,1.376257579676710252e+00,-3.313655423434322955e-01,-4.966680157416004104e-01,-4.963069089824175273e-01,-6.493539992246850634e-01,-6.302706439077716549e-01,-9.678216144172550051e-01,1.171538073213661102e+00,3.353111172311010885e-02,1.381990504309476009e+00,5.538406096503543097e-01,3.138968235973142451e-01,-6.959544865736890795e-01,7.668639129487173633e-01,-9.712564073109193341e-01,9.575531288156864385e-01,1.856925825443748179e+00,1.879773786041834815e-01,-8.618633622057156884e-01,-6.733486946663216344e-01,7.484301193482666426e-01,7.312741535406717119e-01,-4.720741674399969168e-01,7.953856332809684793e-02,-1.060036337090095815e+00,9.230977830575785026e-01,1.631830311066502670e+00,0.000000000000000000e+00,0.000000000000000000e+00,1.307170027720357286e+00,1.595093371917204017e+00,1.019699523791156359e+00,-9.939627223703269010e-01,1.278660065134395785e+00,3.286421493562152185e-01,-4.845014723481537167e-01,-3.774647335768301359e-01,-4.668062001933125371e-01,1.354011222330846920e+00,9.264805211409559149e-01,2.194380977853250148e+00,1.739375798511208382e+00,-5.183686688943279358e-02,-5.183686688943279358e-02,1.418158377741196352e+00,-1.040941436780788015e-01,-2.030901712371240009e-02,-8.401389803667852485e-02,-3.271524934852403366e-01,-5.191945123345532709e-01,-7.103890521813077674e-01,-5.752567881263277033e-02,-3.801429606348526863e-02,-1.147078669352808861e-01,-1.711160802546210780e-01,-7.340709118518067011e-02,-7.197411700355742237e-02,-1.244624194945742751e-01,-7.051263942166730025e-02,-2.872721242393142319e-02,-2.030901712371240009e-02,-2.019004323808653023e-01,-1.435916317235476011e-02,-1.435916317235476011e-02,-5.183686688943279358e-02,-3.801429606348527557e-02,-3.801429606348527557e-02,-1.558271304830920190e-01,-4.064318733121485144e-02,-8.148853797899899276e-02,-1.210011918676099085e-01,-5.569323991926412171e-02,-7.051263942166730025e-02,-4.979810447122927364e-02,-3.212131358814808435e-02,-2.030901712371240009e-02,-3.801429606348527557e-02,-6.749673070628271765e-02,-3.519076715388935045e-02,-1.435916317235476185e-02,-3.524455202264515918e-01,2.664300564093018409e+00,-2.907009498669055336e-01,-4.311306135592269523e-02,-3.519076715388935045e-02,-3.801429606348527557e-02,-1.435916317235476011e-02,-1.286658602907498339e-01,-4.767312946227962589e-02,5.913962991410492975e-01,-2.487592975524973576e-02,-4.967123990818995694e-01,-1.786283982422259831e-01,-4.979810447122926670e-02,-1.712050908829709783e+00,-2.030901712371240009e-02,2.043810449286999731e+00,-1.767766952966368654e-01
2.645193269193503796e-02,-5.537123258831522232e-01,-5.507016019503075954e-01,7.082331122151057645e-01,6.945890687208421399e-01,2.537615553804510427e+00,-4.966680157416004104e-01,-4.963069089824175273e-01,-6.493539992246850634e-01,-3.636176791775609651e-02,8.414777418280475763e-01,1.862399238684066816e-01,1.579122418846921616e-01,-5.259261387184053227e-01,-3.586927771487311012e-01,-5.904738045532329505e-01,8.837070555260241322e-01,-1.474837529550597992e+00,-9.478543627614772760e-01,-9.225934865347934499e-01,-7.697096432631360674e-01,6.897882347921728829e-01,1.851313323025609137e+00,2.796868631692458251e+00,3.766579043152746276e-01,9.838488006624800386e-01,-4.720741674399969168e-01,2.858709540792188086e+00,-7.895145322269916388e-01,1.612204914178727799e+00,-7.622329347767978769e-01,0.000000000000000000e+00,0.000000000000000000e+00,-6.258508857266168457e-01,-1.057663809422624057e+00,1.247180890325345903e-01,6.269098573014235398e-02,-8.397481114679680170e-01,-4.122754887853995465e-01,-2.489988027729138353e-01,-3.774647335768301359e-01,-4.668062001933125371e-01,-7.170630306218840344e-01,-1.421055132060808246e+00,-3.669621702617922865e-01,-4.602362970513234064e-01,-5.183686688943279358e-02,-5.183686688943279358e-02,-7.051398600435393460e-01,-1.040941436780788015e-01,-2.030901712371240009e-02,-8.401389803667852485e-02,-3.271524934852403366e-01,-5.191945123345532709e-01,1.407679351095596942e+00,-5.752567881263277033e-02,-3.801429606348526863e-02,-1.147078669352808861e-01,-1.711160802546210780e-01,-7.340709118518067011e-02,-7.197411700355742237e-02,-1.244624194945742751e-01,-7.051263942166730025e-02,-2.872721242393142319e-02,-2.030901712371240009e-02,-2.019004323808653023e-01,-1.435916317235476011e-02,-1.435916317235476011e-02,-5.183686688943279358e-02,-3.801429606348527557e-02,-3.801429606348527557e-02,-1.558271304830920190e-01,-4.064318733121485144e-02,-8.148853797899899276e-02,-1.210011918676099085e-01,-5.569323991926412171e-02,-7.051263942166730025e-02,-4.979810447122927364e-02,-3.212131358814808435e-02,-2.030901712371240009e-02,-3.801429606348527557e-02,-6.749673070628271765e-02,-3.519076715388935045e-02,-1.435916317235476185e-02,-3.524455202264515918e-01,-3.753330286669139260e-01,-2.907009498669055336e-01,-4.311306135592269523e-02,-3.519076715388935045e-02,-3.801429606348527557e-02,-1.435916317235476011e-02,-1.286658602907498339e-01,-4.767312946227962589e-02,5.913962991410492975e-01,-2.487592975524973576e-02,-4.967123990818995694e-01,-1.786283982422259831e-01,-4.979810447122926670e-02,5.840947806181536750e-01,-2.030901712371240009e-02,-4.892821642774447533e-01,-1.767766952966368654e-01
-1.031866045184594238e+00,-7.448690342834912714e-02,-5.507016019503075954e-01,-1.284019034700219164e+00,-1.027520853693982383e+00,-1.084473080082267282e+00,-4.966680157416004104e-01,-4.963069089824175273e-01,-6.623362709603883292e-02,-6.302706439077716549e-01,-1.408084457770278464e+00,-6.008461346790693741e-02,-2.353031823252243360e+00,-2.340010815695734880e+00,-3.826319646985255396e+00,-4.454602852105570499e+00,-8.087874538665257296e-01,-1.801752323248414722e+00,-1.236479578871264806e+00,-2.384929742918500128e+00,7.554335321150548177e-01,-6.292804948981121915e-02,-2.294238763068062958e+00,-2.326206157108087869e+00,-3.898722568564133795e+00,-4.572793436017302149e+00,-8.078231342445260088e-01,-1.773242088314630704e+00,-1.202811734101178587e+00,-2.436299481158024527e+00,7.868668125335730457e-01,0.000000000000000000e+00,0.000000000000000000e+00,-2.392467030372219805e-01,-1.734114156426813935e-01,7.213723788716157603e-01,-2.862535163872988453e-01,-5.578281333770827022e-01,-1.470729257559134862e+00,-1.191009481073873166e+00,-3.774647335768301359e-01,-4.668062001933125371e-01,-1.752600157098249456e+00,-7.167944361002790421e-01,-3.669621702617922865e-01,-4.602362970513234064e-01,-5.183686688943279358e-02,-5.183686688943279358e-02,1.418158377741196352e+00,-1.040941436780788015e-01,-2.030901712371240009e-02,-8.401389803667852485e-02,-3.271524934852403366e-01,-5.191945123345532709e-01,-7.103890521813077674e-01,-5.752567881263277033e-02,-3.801429606348526863e-02,-1.147078669352808861e-01,-1.711160802546210780e-01,-7.340709118518067011e-02,-7.197411700355742237e-02,-1.244624194945742751e-01,-7.051263942166730025e-02,-2.872721242393142319e-02,-2.030901712371240009e-02,-2.019004323808653023e-01,-1.435916317235476011e-02,-1.435916317235476011e-02,-5.183686688943279358e-02,-3.801429606348527557e-02,-3.801429606348527557e-02,-1.558271304830920190e-01,-4.064318733121485144e-02,-8.148853797899899276e-02,-1.210011918676099085e-01,-5.569323991926412171e-02,-7.051263942166730025e-02,-4.979810447122927364e-02,-3.212131358814808435e-02,-2.030901712371240009e-02,-3.801429606348527557e-02,-6.749673070628271765e-02,-3.519076715388935045e-02,-1.435916317235476185e-02,-3.524455202264515918e-01,2.664300564093018409e+00,-2.907009498669055336e-01,-4.311306135592269523e-02,-3.519076715388935045e-02,-3.801429606348527557e-02,-1.435916317235476011e-02,-1.286658602907498339e-01,-4.767312946227962589e-02,-1.690913523558418063e+00,-2.487592975524973576e-02,-4.967123990818995694e-01,5.598214000911362120e+00,-4.979810447122926670e-02,-1.712050908829709783e+00,-2.030901712371240009e-02,2.043810449286999731e+00,-1.767766952966368654e-01
-5.051882643845209131e-01,-5.537123258831522232e-01,-5.507016019503075954e-01,-1.284019034700219164e+00,-1.027520853693982383e+00,-4.030900697471309080e-01,-4.966680157416004104e-01,-4.963069089824175273e-01,-6.493539992246850634e-01,-6.302706439077716549e-01,-1.836285305415000124e+00,6.788889985410339056e-01,5.776985561800312974e-01,-5.650227912394683027e-01,9.757391625081156261e-02,-9.718073465293448898e-02,4.323751863546776431e-01,-7.743058287695619990e-01,3.470587689743260262e-01,-1.006155558328148070e+00,9.248938849348538049e-01,4.388828066981781961e-01,2.836545080232514504e+00,1.950856281248331214e+00,5.625440118317706073e-01,-7.841737291901780260e-01,-2.482415229036441240e-01,-1.773242088314630704e+00,-1.202811734101178587e+00,-1.144223610305869387e+00,9.276940622890612609e-01,0.000000000000000000e+00,0.000000000000000000e+00,9.205658450309623930e-01,1.300342573990556527e+00,7.213723788716157603e-01,3.059816559264187497e+00,4.629626877671658147e-01,-3.064301119080259928e-01,6.930118755280455511e-01,-3.774647335768301359e-01,-4.668062001933125371e-01,-9.574075473606477593e-02,4.569733905006030938e-01,-3.669621702617922865e-01,-4.602362970513234064e-01,-5.183686688943279358e-02,-5.183686688943279358e-02,1.418158377741196352e+00,-1.040941436780788015e-01,-2.030901712371240009e-02,-8.401389803667852485e-02,-3.271524934852403366e-01,-5.191945123345532709e-01,-7.103890521813077674e-01,-5.752567881263277033e-02,-3.801429606348526863e-02,-1.147078669352808861e-01,-1.711160802546210780e-01,-7.340709118518067011e-02,-7.197411700355742237e-02,-1.244624194945742751e-01,-7.051263942166730025e-02,-2.872721242393142319e-02,-2.030901712371240009e-02,-2.019004323808653023e-01,-1.435916317235476011e-02,-1.435916317235476011e-02,-5.183686688943279358e-02,-3.801429606348527557e-02,-3.801429606348527557e-02,-1.558271304830920190e-01,-4.064318733121485144e-02,-8.148853797899899276e-02,-1.210011918676099085e-01,-5.569323991926412171e-02,-7.051263942166730025e-02,-4.979810447122927364e-02,-3.212131358814808435e-02,-2.030901712371240009e-02,-3.801429606348527557e-02,-6.749673070628271765e-02,-3.519076715388935045e-02,-1.435916317235476185e-02,-3.524455202264515918e-01,2.664300564093018409e+00,-2.907009498669055336e-01,-4.311306135592269523e-02,-3.519076715388935045e-02,-3.801429606348527557e-02,-1.435916317235476011e-02,-1.286658602907498339e-01,-4.767312946227962589e-02,5.913962991410492975e-01,-2.487592975524973576e-02,-4.967123990818995694e-01,-1.786283982422259831e-01,-4.979810447122926670e-02,5.840947806181536750e-01,-2.030901712371240009e-02,-4.892821642774447533e-01,-1.767766952966368654e-01
-1.020746488663743234e-01,-5.537123258831522232e-01,-5.507016019503075954e-01,-2.878929612425566442e-01,4.075707483183714230e-01,-2.596410149397337386e-01,5.905777172739697933e-01,-4.963069089824175273e-01,-6.493539992246850634e-01,5.575471080722594897e-01,-3.044118504606439513e-01,1.862399238684066816e-01,-5.198091526297738546e-02,2.638262422070704050e-01,2.800805936106286476e-01,-3.438272696030836850e-01,-3.574555846951790183e-01,1.047076593261131672e+00,-3.971899267307199902e-03,4.561806980555584978e-01,-6.362483984730694930e-02,1.944315375262146484e+00,1.995308733694310943e+00,-1.798414902405806592e-01,7.484301193482666426e-01,-1.289323023433794457e+00,-8.078231342445260088e-01,-6.152541810379259513e-01,2.156167342949031784e+00,-2.436299481158024527e+00,3.643850632671082335e-01,0.000000000000000000e+00,0.000000000000000000e+00,5.339616623415676111e-01,1.213393822839661657e-01,1.318026668710696736e+00,8.568179670968519845e-01,-1.038829043863901402e+00,6.461782799883358797e-01,-1.349613319767399566e-02,9.257960654133498002e-01,-4.668062001933125371e-01,-7.170630306218840344e-01,-1.186301566740631808e+00,-3.669621702617922865e-01,-4.602362970513234064e-01,-5.183686688943279358e-02,-5.183686688943279358e-02,1.418158377741196352e+00,-1.040941436780788015e-01,-2.030901712371240009e-02,-8.401389803667852485e-02,-3.271524934852403366e-01,-5.191945123345532709e-01,-7.103890521813077674e-01,-5.752567881263277033e-02,-3.801429606348526863e-02,-1.147078669352808861e-01,-1.711160802546210780e-01,-7.340709118518067011e-02,-7.197411700355742237e-02,-1.244624194945742751e-01,-7.051263942166730025e-02,-2.872721242393142319e-02,-2.030901712371240009e-02,-2.019004323808653023e-01,-1.435916317235476011e-02,-1.435916317235476011e-02,-5.183686688943279358e-02,-3.801429606348527557e-02,-3.801429606348527557e-02,-1.558271304830920190e-01,-4.064318733121485144e-02,-8.148853797899899276e-02,-1.210011918676099085e-01,-5.569323991926412171e-02,-7.051263942166730025e-02,-4.979810447122927364e-02,-3.212131358814808435e-02,-2.030901712371240009e-02,-3.801429606348527557e-02,-6.749673070628271765e-02,-3.519076715388935045e-02,-1.435916317235476185e-02,2.837317947345407543e+00,-3.753330286669139260e-01,-2.907009498669055336e-01,-4.311306135592269523e-02,-3.519076715388935045e-02,-3.801429606348527557e-02,-1.435916317235476011e-02,-1.286658602907498339e-01,-4.767312946227962589e-02,5.913962991410492975e-01,-2.487592975524973576e-02,-4.967123990818995694e-01,-1.786283982422259831e-01,-4.979810447122926670e-02,5.840947806181536750e-01,-2.030901712371240009e-02,-4.892821642774447533e-01,-1.767766952966368654e-01
-8.867612492014130543e-02,4.047385190264539689e-01,-5.507016019503075954e-01,-1.284019034700219164e+00,-1.063398143744291202e+00,-1.084473080082267282e+00,5.905777172739697933e-01,-4.963069089824175273e-01,1.100007117161253767e+00,-6.302706439077716549e-01,-1.269371507124805287e+00,-1.538031837485788644e+00,-9.692917502046441980e-01,-1.589355087291322688e+00,-1.761860997889140579e-01,-6.726893162032826501e-01,-1.895668281666913063e-02,1.093778706646534093e+00,1.579566448578283655e+00,-2.958779480846334686e-01,-1.334577485995799284e+00,-1.066549761865789980e+00,-1.570437205115447210e-01,1.961639988456979622e-01,-5.527726332672054932e-01,7.312741535406717119e-01,-3.601578451718204787e-01,1.515443568351210635e+00,-4.889347490457647827e-01,-2.397705007093609841e-01,-1.043887434287774418e+00,0.000000000000000000e+00,0.000000000000000000e+00,-1.399059251105406521e+00,-1.352414607349271769e+00,-1.366917635565168210e+00,5.176936667275563453e-01,-7.635896339742217487e-01,-1.047347750049640647e+00,-1.191009481073873166e+00,-3.774647335768301359e-01,-4.668062001933125371e-01,-7.170630306218840344e-01,-7.167944361002790421e-01,-3.669621702617922865e-01,-4.602362970513234064e-01,-5.183686688943279358e-02,-5.183686688943279358e-02,-7.051398600435393460e-01,-1.040941436780788015e-01,-2.030901712371240009e-02,-8.401389803667852485e-02,-3.271524934852403366e-01,1.926060419058570616e+00,-7.103890521813077674e-01,-5.752567881263277033e-02,-3.801429606348526863e-02,-1.147078669352808861e-01,-1.711160802546210780e-01,-7.340709118518067011e-02,-7.197411700355742237e-02,-1.244624194945742751e-01,-7.051263942166730025e-02,-2.872721242393142319e-02,-2.030901712371240009e-02,-2.019004323808653023e-01,-1.435916317235476011e-02,-1.435916317235476011e-02,-5.183686688943279358e-02,-3.801429606348527557e-02,-3.801429606348527557e-02,-1.558271304830920190e-01,-4.064318733121485144e-02,-8.148853797899899276e-02,-1.210011918676099085e-01,-5.569323991926412171e-02,-7.051263942166730025e-02,-4.979810447122927364e-02,-3.212131358814808435e-02,-2.030901712371240009e-02,-3.801429606348527557e-02,-6.749673070628271765e-02,-3.519076715388935045e-02,-1.435916317235476185e-02,-3.524455202264515918e-01,-3.753330286669139260e-01,3.439961240091715222e+00,-4.311306135592269523e-02,-3.519076715388935045e-02,-3.801429606348527557e-02,-1.435916317235476011e-02,-1.286658602907498339e-01,-4.767312946227962589e-02,5.913962991410492975e-01,-2.487592975524973576e-02,-4.967123990818995694e-01,-1.786283982422259831e-01,-4.979810447122926670e-02,5.840947806181536750e-01,-2.030901712371240009e-02,-4.892821642774447533e-01,-1.767766952966368654e-01
-7.867226811312938439e-01,-5.537123258831522232e-01,-5.507016019503075954e-01,7.082331122151057645e-01,1.770907770230107481e+00,1.892094807171223358e+00,-4.966680157416004104e-01,-4.963069089824175273e-01,-6.493539992246850634e-01,-6.302706439077716549e-01,8.414777418280475763e-01,9.252135358773474483e-01,1.798188395890554014e+00,9.910239790988446540e-01,6.320577570903027943e-03,6.725028864716499355e-02,-8.087874538665257296e-01,-7.276037153841595773e-01,-8.230434584977852630e-01,1.082896236505718424e+00,9.248938849348538049e-01,1.191599090980162368e+00,1.726651345583086680e-02,1.648302080885080401e-01,6.554870655900186804e-01,-8.683652782307808016e-01,6.470890552417668529e-01,5.890532425298469210e-01,6.081814595657135669e-01,1.478522605462855299e-01,9.276940622890612609e-01,0.000000000000000000e+00,0.000000000000000000e+00,9.205658450309623930e-01,1.300342573990556527e+00,7.213723788716157603e-01,8.122997191719251164e-01,2.020871192288361762e+00,-9.473935815327891308e-02,9.285145451032854602e-01,-3.774647335768301359e-01,-4.668062001933125371e-01,6.291352337973910025e-01,1.630741217101485230e+00,-3.669621702617922865e-01,1.739375798511208382e+00,-5.183686688943279358e-02,-5.183686688943279358e-02,-7.051398600435393460e-01,-1.040941436780788015e-01,-2.030901712371240009e-02,-8.401389803667852485e-02,3.056678521220304923e+00,-5.191945123345532709e-01,-7.103890521813077674e-01,-5.752567881263277033e-02,-3.801429606348526863e-02,-1.147078669352808861e-01,-1.711160802546210780e-01,-7.340709118518067011e-02,-7.197411700355742237e-02,-1.244624194945742751e-01,-7.051263942166730025e-02,-2.872721242393142319e-02,-2.030901712371240009e-02,-2.019004323808653023e-01,-1.435916317235476011e-02,-1.435916317235476011e-02,-5.183686688943279358e-02,-3.801429606348527557e-02,-3.801429606348527557e-02,-1.558271304830920190e-01,-4.064318733121485144e-02,-8.148853797899899276e-02,-1.210011918676099085e-01,-5.569323991926412171e-02,-7.051263942166730025e-02,-4.979810447122927364e-02,-3.212131358814808435e-02,-2.030901712371240009e-02,-3.801429606348527557e-02,-6.749673070628271765e-02,-3.519076715388935045e-02,-1.435916317235476185e-02,-3.524455202264515918e-01,-3.753330286669139260e-01,-2.907009498669055336e-01,-4.311306135592269523e-02,-3.519076715388935045e-02,-3.801429606348527557e-02,-1.435916317235476011e-02,-1.286658602907498339e-01,-4.767312946227962589e-02,5.913962991410492975e-01,-2.487592975524973576e-02,-4.967123990818995694e-01,-1.786283982422259831e-01,-4.979810447122926670e-02,5.840947806181536750e-01,-2.030901712371240009e-02,-4.892821642774447533e-01,-1.767766952966368654e-01
9.603786759071405443e-01,1.842414786390863091e+00,-5.507016019503075954e-01,-2.878929612425566442e-01,1.914416930431342756e+00,-7.617127067656237482e-01,5.905777172739697933e-01,-4.963069089824175273e-01,1.100007117161253767e+00,-6.302706439077716549e-01,8.414777418280475763e-01,9.252135358773474483e-01,4.844127085588447179e-01,3.654775387618344751e-01,9.757391625081156261e-02,6.725028864716499355e-02,2.067092517690042597e-01,3.465448924800957342e-01,4.874710362709795408e-01,1.219324108821398522e-01,9.248938849348538049e-01,6.897882347921728829e-01,9.721834473640623697e-01,1.817687670530274469e+00,1.491974549414250673e+00,-1.106413368653558910e-01,-1.363252006354677692e-01,8.669703402762560795e-01,-8.721739726018290506e-01,1.909214562413573679e-01,9.276940622890612609e-01,0.000000000000000000e+00,0.000000000000000000e+00,9.205658450309623930e-01,1.005591776063908815e+00,7.213723788716157603e-01,7.573065893823096584e-01,6.807492111264753509e-01,1.069559787497829983e+00,-1.349613319767399566e-02,-3.774647335768301359e-01,-4.668062001933125371e-01,4.220278085021179071e-01,4.569733905006030938e-01,-3.669621702617922865e-01,-4.602362970513234064e-01,-5.183686688943279358e-02,-5.183686688943279358e-02,1.418158377741196352e+00,-1.040941436780788015e-01,-2.030901712371240009e-02,-8.401389803667852485e-02,-3.271524934852403366e-01,-5.191945123345532709e-01,-7.103890521813077674e-01,-5.752567881263277033e-02,-3.801429606348526863e-02,-1.147078669352808861e-01,-1.711160802546210780e-01,-7.340709118518067011e-02,-7.197411700355742237e-02,-1.244624194945742751e-01,-7.051263942166730025e-02,-2.872721242393142319e-02,-2.030901712371240009e-02,-2.019004323808653023e-01,-1.435916317235476011e-02,-1.435916317235476011e-02,-5.183686688943279358e-02,-3.801429606348527557e-02,-3.801429606348527557e-02,-1.558271304830920190e-01,-4.064318733121485144e-02,-8.148853797899899276e-02,-1.210011918676099085e-01,-5.569323991926412171e-02,-7.051263942166730025e-02,-4.979810447122927364e-02,-3.212131358814808435e-02,-2.030901712371240009e-02,-3.801429606348527557e-02,-6.749673070628271765e-02,-3.519076715388935045e-02,-1.435916317235476185e-02,-3.524455202264515918e-01,-3.753330286669139260e-01,-2.907009498669055336e-01,-4.311306135592269523e-02,-3.519076715388935045e-02,-3.801429606348527557e-02,-1.435916317235476011e-02,-1.286658602907498339e-01,-4.767312946227962589e-02,5.913962991410492975e-01,-2.487592975524973576e-02,-4.967123990818995694e-01,-1.786283982422259831e-01,-4.979810447122926670e-02,5.840947806181536750e-01,-2.030901712371240009e-02,-4.892821642774447533e-01,-1.767766952966368654e-01
1.056980379420721761e+00,-5.537123258831522232e-01,-5.507016019503075954e-01,-2.878929612425566442e-01,1.268625709525783574e+00,-7.258504430637744420e-01,-4.966680157416004104e-01,-4.963069089824175273e-01,-6.493539992246850634e-01,-6.302706439077716549e-01,-2.079158847942280119e-01,-1.045382762813161337e+00,-5.650530771795030383e-01,5.609608013671502080e-01,-8.493276110900550846e-02,8.894054051476624201e-01,2.067092517690042597e-01,3.465448924800957342e-01,2.222478647106343741e-01,8.015137498546251460e-02,-7.697096432631360674e-01,-3.138334775838059199e-01,-1.343076030375390251e-01,-9.318524684131380686e-01,-2.739434719924614403e-01,5.774176121584963933e-02,1.878168600191707061e+00,-1.057395018361759059e-01,-5.309406343298572056e-02,-8.427392404403666326e-01,-4.805784352658213909e-01,0.000000000000000000e+00,0.000000000000000000e+00,-2.392467030372219805e-01,-1.352414607349271769e+00,-1.366917635565168210e+00,-1.046991811810313422e+00,1.288680917436204609e+00,-3.064301119080259928e-01,-2.489988027729138353e-01,-3.774647335768301359e-01,-4.668062001933125371e-01,4.220278085021179071e-01,1.161234086461132353e+00,-3.669621702617922865e-01,1.739375798511208382e+00,-5.183686688943279358e-02,-5.183686688943279358e-02,1.418158377741196352e+00,-1.040941436780788015e-01,-2.030901712371240009e-02,-8.401389803667852485e-02,-3.271524934852403366e-01,-5.191945123345532709e-01,-7.103890521813077674e-01,-5.752567881263277033e-02,-3.801429606348526863e-02,-1.147078669352808861e-01,-1.711160802546210780e-01,-7.340709118518067011e-02,-7.197411700355742237e-02,-1.244624194945742751e-01,-7.051263942166730025e-02,-2.872721242393142319e-02,-2.030901712371240009e-02,-2.019004323808653023e-01,-1.435916317235476011e-02,-1.435916317235476011e-02,-5.183686688943279358e-02,-3.801429606348527557e-02,-3.801429606348527557e-02,-1.558271304830920190e-01,-4.064318733121485144e-02,-8.148853797899899276e-02,-1.210011918676099085e-01,-5.569323991926412171e-02,-7.051263942166730025e-02,-4.979810447122927364e-02,-3.212131358814808435e-02,-2.030901712371240009e-02,-3.801429606348527557e-02,-6.749673070628271765e-02,-3.519076715388935045e-02,-1.435916317235476185e-02,2.837317947345407543e+00,-3.753330286669139260e-01,-2.907009498669055336e-01,-4.311306135592269523e-02,-3.519076715388935045e-02,-3.801429606348527557e-02,-1.435916317235476011e-02,-1.286658602907498339e-01,-4.767312946227962589e-02,5.913962991410492975e-01,-2.487592975524973576e-02,-4.967123990818995694e-01,-1.786283982422259831e-01,-4.979810447122926670e-02,5.840947806181536750e-01,-2.030901712371240009e-02,-4.892821642774447533e-01,-1.767766952966368654e-01
6.416629639244281202e-02,-5.537123258831522232e-01,-5.507016019503075954e-01,2.700485259130430471e+00,3.385385822494005659e+00,3.147274036735948410e+00,-4.966680157416004104e-01,-4.963069089824175273e-01,-6.493539992246850634e-01,-6.302706439077716549e-01,5.942068298078561073e-01,-6.008461346790693741e-02,6.087938387204268054e-01,8.815533520398680656e-01,-2.674394384688225657e-01,4.783278468974136999e-01,-1.895668281666913063e-02,1.130343255530836949e-01,-6.046243760363244624e-01,7.486479493322998335e-01,-7.697096432631360674e-01,-3.138334775838059199e-01,6.273874840384194296e-02,8.541736047466850223e-01,9.782874304053058856e-02,3.103164083376579452e-01,3.113400884372377608e-01,-2.446980507093804713e-01,-4.363332869890499954e-01,4.924058261068601783e-01,-7.622329347767978769e-01,0.000000000000000000e+00,0.000000000000000000e+00,-6.258508857266168457e-01,-1.057663809422624057e+00,1.247180890325345903e-01,4.443694936747356605e-01,-9.005412820989410205e-01,-4.122754887853995465e-01,-4.845014723481537167e-01,-3.774647335768301359e-01,-4.668062001933125371e-01,-6.135093179742474589e-01,-1.186301566740631808e+00,-3.669621702617922865e-01,-4.602362970513234064e-01,-5.183686688943279358e-02,-5.183686688943279358e-02,1.418158377741196352e+00,-1.040941436780788015e-01,-2.030901712371240009e-02,-8.401389803667852485e-02,-3.271524934852403366e-01,-5.191945123345532709e-01,-7.103890521813077674e-01,-5.752567881263277033e-02,-3.801429606348526863e-02,-1.147078669352808861e-01,-1.711160802546210780e-01,-7.340709118518067011e-02,1.389388354636672673e+01,-1.244624194945742751e-01,-7.051263942166730025e-02,-2.872721242393142319e-02,-2.030901712371240009e-02,-2.019004323808653023e-01,-1.435916317235476011e-02,-1.435916317235476011e-02,-5.183686688943279358e-02,-3.801429606348527557e-02,-3.801429606348527557e-02,-1.558271304830920190e-01,-4.064318733121485144e-02,-8.148853797899899276e-02,-1.210011918676099085e-01,-5.569323991926412171e-02,-7.051263942166730025e-02,-4.979810447122927364e-02,-3.212131358814808435e-02,-2.030901712371240009e-02,-3.801429606348527557e-02,-6.749673070628271765e-02,-3.519076715388935045e-02,-1.435916317235476185e-02,-3.524455202264515918e-01,-3.753330286669139260e-01,-2.907009498669055336e-01,-4.311306135592269523e-02,-3.519076715388935045e-02,-3.801429606348527557e-02,-1.435916317235476011e-02,-1.286658602907498339e-01,-4.767312946227962589e-02,5.913962991410492975e-01,-2.487592975524973576e-02,-4.967123990818995694e-01,-1.786283982422259831e-01,-4.979810447122926670e-02,-1.712050908829709783e+00,-2.030901712371240009e-02,-4.892821642774447533e-01,-1.767766952966368654e-01
-9.939862676082071857e-01,-5.537123258831522232e-01,-5.507016019503075954e-01,-1.284019034700219164e+00,-4.176069228387320198e-01,-5.824013882563773281e-01,-4.966680157416004104e-01,-4.963069089824175273e-01,-6.623362709603883292e-02,-6.302706439077716549e-01,4.012148984750236735e-01,1.862399238684066816e-01,-1.996835073298559027e-01,9.962030161860523092e-02,2.196400705888708060e+00,-6.726893162032826501e-01,-8.087874538665257296e-01,-4.940931484571475241e-01,-8.854489106296312695e-01,1.250020380092427885e+00,9.248938849348538049e-01,4.388828066981781961e-01,2.836545080232514504e+00,1.950856281248331214e+00,5.625440118317706073e-01,-7.841737291901780260e-01,-2.482415229036441240e-01,-1.773242088314630704e+00,-1.202811734101178587e+00,-1.144223610305869387e+00,9.276940622890612609e-01,0.000000000000000000e+00,0.000000000000000000e+00,9.205658450309623930e-01,7.108409781372613256e-01,7.213723788716157603e-01,6.191690847917278306e-01,2.037566415603802028e-01,1.169513956014681527e-01,-4.845014723481537167e-01,-3.774647335768301359e-01,-4.668062001933125371e-01,-9.574075473606477593e-02,4.569733905006030938e-01,-3.669621702617922865e-01,-4.602362970513234064e-01,-5.183686688943279358e-02,-5.183686688943279358e-02,1.418158377741196352e+00,-1.040941436780788015e-01,-2.030901712371240009e-02,-8.401389803667852485e-02,-3.271524934852403366e-01,-5.191945123345532709e-01,-7.103890521813077674e-01,-5.752567881263277033e-02,-3.801429606348526863e-02,-1.147078669352808861e-01,-1.711160802546210780e-01,-7.340709118518067011e-02,-7.197411700355742237e-02,-1.244624194945742751e-01,-7.051263942166730025e-02,-2.872721242393142319e-02,-2.030901712371240009e-02,-2.019004323808653023e-01,-1.435916317235476011e-02,-1.435916317235476011e-02,-5.183686688943279358e-02,-3.801429606348527557e-02,-3.801429606348527557e-02,-1.558271304830920190e-01,-4.064318733121485144e-02,-8.148853797899899276e-02,-1.210011918676099085e-01,-5.569323991926412171e-02,-7.051263942166730025e-02,-4.979810447122927364e-02,-3.212131358814808435e-02,-2.030901712371240009e-02,-3.801429606348527557e-02,-6.749673070628271765e-02,-3.519076715388935045e-02,-1.435916317235476185e-02,2.837317947345407543e+00,-3.753330286669139260e-01,-2.907009498669055336e-01,-4.311306135592269523e-02,-3.519076715388935045e-02,-3.801429606348527557e-02,-1.435916317235476011e-02,-1.286658602907498339e-01,-4.767312946227962589e-02,5.913962991410492975e-01,-2.487592975524973576e-02,-4.967123990818995694e-01,-1.786283982422259831e-01,-4.979810447122926670e-02,5.840947806181536750e-01,-2.030901712371240009e-02,-4.892821642774447533e-01,-1.767766952966368654e-01
-6.679555182498702059e-01,-5.537123258831522232e-01,-5.507016019503075954e-01,-1.284019034700219164e+00,-1.027520853693982383e+00,-1.120335343784116588e+00,-4.966680157416004104e-01,-4.963069089824175273e-01,-6.493539992246850634e-01,-6.302706439077716549e-01,-2.125773202414248608e+00,6.788889985410339056e-01,6.476629418959209961e-01,-7.526867233405715174e-01,5.538406096503543097e-01,-1.577059944353829790e+00,-2.446226174023423960e-01,-1.801752323248414722e+00,-1.236479578871264806e+00,-8.808124506381160845e-01,9.248938849348538049e-01,-6.292804948981121915e-02,1.309471008258587255e-01,7.082883581693830144e-02,1.120202334381258824e+00,-1.948328859059586526e-01,-8.078231342445260088e-01,8.669703402762560795e-01,-3.085868791370286468e-01,-1.015016023220653985e+00,9.276940622890612609e-01,0.000000000000000000e+00,0.000000000000000000e+00,9.205658450309623930e-01,1.005591776063908815e+00,4.230452339520751615e-01,-5.711547559723427481e-02,1.523836918118649297e+00,-3.064301119080259928e-01,4.575092059528056976e-01,-3.774647335768301359e-01,3.858842084692569063e+00,-5.099556053266109945e-01,2.222198251804266556e-01,9.137094037957288473e-01,3.938987894073740392e+00,-5.183686688943279358e-02,-5.183686688943279358e-02,1.418158377741196352e+00,-1.040941436780788015e-01,-2.030901712371240009e-02,-8.401389803667852485e-02,-3.271524934852403366e-01,-5.191945123345532709e-01,-7.103890521813077674e-01,-5.752567881263277033e-02,-3.801429606348526863e-02,-1.147078669352808861e-01,-1.711160802546210780e-01,-7.340709118518067011e-02,-7.197411700355742237e-02,-1.244624194945742751e-01,-7.051263942166730025e-02,-2.872721242393142319e-02,-2.030901712371240009e-02,-2.019004323808653023e-01,-1.435916317235476011e-02,-1.435916317235476011e-02,-5.183686688943279358e-02,-3.801429606348527557e-02,-3.801429606348527557e-02,-1.558271304830920190e-01,-4.064318733121485144e-02,-8.148853797899899276e-02,-1.210011918676099085e-01,-5.569323991926412171e-02,-7.051263942166730025e-02,-4.979810447122927364e-02,-3.212131358814808435e-02,-2.030901712371240009e-02,-3.801429606348527557e-02,-6.749673070628271765e-02,-3.519076715388935045e-02,-1.435916317235476185e-02,-3.524455202264515918e-01,2.664300564093018409e+00,-2.907009498669055336e-01,-4.311306135592269523e-02,-3.519076715388935045e-02,-3.801429606348527557e-02,-1.435916317235476011e-02,-1.286658602907498339e-01,-4.767312946227962589e-02,5.913962991410492975e-01,-2.487592975524973576e-02,-4.967123990818995694e-01,-1.786283982422259831e-01,-4.979810447122926670e-02,5.840947806181536750e-01,-2.030901712371240009e-02,-4.892821642774447533e-01,-1.767766952966368654e-01
2.615050503165908813e-01,-5.537123258831522232e-01,-5.507016019503075954e-01,7.082331122151057645e-01,-7.405025332915116110e-01,6.369155776064983066e-01,-4.966680157416004104e-01,-4.963069089824175273e-01,-6.623362709603883292e-02,5.575471080722594897e-01,8.414777418280475763e-01,-7.990582254768477943e-01,2.978410133164720031e-01,1.699942761565187699e-01,-1.271226163947816401e+00,1.300482963397911140e+00,-6.959544865736890795e-01,-2.605825815301355264e-01,-1.010259814893323060e+00,1.166458308299073154e+00,-1.052143564629467676e+00,-1.317455189959784834e+00,-3.919836010762684508e-01,-2.425090717549604757e-01,-8.805736447596543282e-02,8.996572516218772630e-01,1.994237661690613783e-01,-3.373370832915168482e-01,-8.007095955801646694e-03,1.478522605462855299e-01,-1.043887434287774418e+00,0.000000000000000000e+00,0.000000000000000000e+00,-1.012455068416011628e+00,-1.057663809422624057e+00,-1.366917635565168210e+00,-7.334000359861964080e-01,5.030460969744007249e-01,5.403329031109622704e-01,1.399519884253765056e+00,9.257960654133498002e-01,-4.668062001933125371e-01,1.664672360273756535e+00,6.917269558207794766e-01,-3.669621702617922865e-01,-4.602362970513234064e-01,-5.183686688943279358e-02,-5.183686688943279358e-02,-7.051398600435393460e-01,-1.040941436780788015e-01,-2.030901712371240009e-02,-8.401389803667852485e-02,-3.271524934852403366e-01,-5.191945123345532709e-01,1.407679351095596942e+00,-5.752567881263277033e-02,-3.801429606348526863e-02,-1.147078669352808861e-01,-1.711160802546210780e-01,-7.340709118518067011e-02,-7.197411700355742237e-02,-1.244624194945742751e-01,-7.051263942166730025e-02,-2.872721242393142319e-02,-2.030901712371240009e-02,-2.019004323808653023e-01,-1.435916317235476011e-02,-1.435916317235476011e-02,-5.183686688943279358e-02,-3.801429606348527557e-02,-3.801429606348527557e-02,-1.558271304830920190e-01,-4.064318733121485144e-02,-8.148853797899899276e-02,-1.210011918676099085e-01,-5.569323991926412171e-02,-7.051263942166730025e-02,-4.979810447122927364e-02,-3.212131358814808435e-02,-2.030901712371240009e-02,-3.801429606348527557e-02,-6.749673070628271765e-02,-3.519076715388935045e-02,-1.435916317235476185e-02,-3.524455202264515918e-01,-3.753330286669139260e-01,-2.907009498669055336e-01,-4.311306135592269523e-02,-3.519076715388935045e-02,-3.801429606348527557e-02,-1.435916317235476011e-02,-1.286658602907498339e-01,-4.767312946227962589e-02,5.913962991410492975e-01,-2.487592975524973576e-02,-4.967123990818995694e-01,-1.786283982422259831e-01,-4.979810447122926670e-02,5.840947806181536750e-01,-2.030901712371240009e-02,-4.892821642774447533e-01,-1.767766952966368654e-01
6.315358906588535159e-01,-7.448690342834912714e-02,4.458586736810131512e+00,7.082331122151057645e-01,1.205524279159006507e-01,-2.237787512378844601e-01,2.765069183305110201e+00,-4.963069089824175273e-01,-6.493539992246850634e-01,1.745364860052290412e+00,8.414777418280475763e-01,-6.008461346790693741e-02,1.967813450601863801e-01,1.778136066607315935e-01,6.320577570903027943e-03,6.427588701975132102e-01,1.447871891990207383e+00,1.130343255530836949e-01,2.144471831941536233e-01,8.739910570223318187e-01,-6.362483984730694930e-02,-6.292804948981121915e-02,-9.300717146277320824e-01,-4.070114732302073657e-01,-5.527726332672054932e-01,1.419333102564523941e-01,5.351727329735904704e-01,-4.299761158736532529e-01,9.237902319060017353e-01,-9.288776318305103086e-01,-5.809668599935657873e-02,0.000000000000000000e+00,0.000000000000000000e+00,1.473574796521728292e-01,4.160901802106137248e-01,4.230452339520751615e-01,-3.052392397670470880e-01,4.883488469317479042e-01,2.227967724788416926e-01,-1.349613319767399566e-02,-3.774647335768301359e-01,-4.668062001933125371e-01,1.146903797035573769e+00,-1.253374013974976713e-02,9.137094037957288473e-01,1.739375798511208382e+00,-5.183686688943279358e-02,-5.183686688943279358e-02,-7.051398600435393460e-01,-1.040941436780788015e-01,-2.030901712371240009e-02,-8.401389803667852485e-02,3.056678521220304923e+00,-5.191945123345532709e-01,-7.103890521813077674e-01,-5.752567881263277033e-02,-3.801429606348526863e-02,-1.147078669352808861e-01,-1.711160802546210780e-01,-7.340709118518067011e-02,-7.197411700355742237e-02,-1.244624194945742751e-01,-7.051263942166730025e-02,-2.872721242393142319e-02,-2.030901712371240009e-02,-2.019004323808653023e-01,-1.435916317235476011e-02,-1.435916317235476011e-02,-5.183686688943279358e-02,-3.801429606348527557e-02,-3.801429606348527557e-02,-1.558271304830920190e-01,-4.064318733121485144e-02,-8.148853797899899276e-02,-1.210011918676099085e-01,-5.569323991926412171e-02,-7.051263942166730025e-02,-4.979810447122927364e-02,-3.212131358814808435e-02,-2.030901712371240009e-02,-3.801429606348527557e-02,-6.749673070628271765e-02,-3.519076715388935045e-02,-1.435916317235476185e-02,-3.524455202264515918e-01,-3.753330286669139260e-01,-2.907009498669055336e-01,-4.311306135592269523e-02,-3.519076715388935045e-02,-3.801429606348527557e-02,-1.435916317235476011e-02,-1.286658602907498339e-01,-4.767312946227962589e-02,5.913962991410492975e-01,-2.487592975524973576e-02,-4.967123990818995694e-01,-1.786283982422259831e-01,-4.979810447122926670e-02,5.840947806181536750e-01,-2.030901712371240009e-02,-4.892821642774447533e-01,-1.767766952966368654e-01
-4.878198074171818388e-01,-5.537123258831522232e-01,4.511560658017802483e-01,-1.284019034700219164e+00,-9.198889835430558160e-01,-5.106768608526787157e-01,-4.966680157416004104e-01,6.573034482162921632e-01,-6.493539992246850634e-01,5.575471080722594897e-01,4.434318834540809107e-01,6.788889985410339056e-01,-2.865945335768058100e-02,8.189987080061670310e-01,8.276006256900798608e-01,6.427588701975132102e-01,-5.831215192808524295e-01,-7.377412798852590881e-02,9.087078381609396960e-01,3.837033908878519084e-02,3.600260422021904771e-01,4.388828066981781961e-01,-5.359790117449699798e-01,-2.033418333084732466e-01,6.554870655900186804e-01,5.774176121584963933e-02,8.750744390088503744e-02,5.890532425298469210e-01,2.023987522710571918e-01,5.785442174970039098e-01,3.643850632671082335e-01,0.000000000000000000e+00,0.000000000000000000e+00,5.339616623415676111e-01,1.005591776063908815e+00,4.230452339520751615e-01,7.055868601754092806e-01,1.318743474341630639e+00,1.110601872409461635e-02,4.575092059528056976e-01,-3.774647335768301359e-01,-4.668062001933125371e-01,2.078887210864302393e+00,2.804509043702367421e+00,2.194380977853250148e+00,-4.602362970513234064e-01,-5.183686688943279358e-02,-5.183686688943279358e-02,-7.051398600435393460e-01,-1.040941436780788015e-01,-2.030901712371240009e-02,-8.401389803667852485e-02,-3.271524934852403366e-01,1.926060419058570616e+00,-7.103890521813077674e-01,-5.752567881263277033e-02,-3.801429606348526863e-02,-1.147078669352808861e-01,5.843986132174123327e+00,-7.340709118518067011e-02,-7.197411700355742237e-02,-1.244624194945742751e-01,-7.051263942166730025e-02,-2.872721242393142319e-02,-2.030901712371240009e-02,-2.019004323808653023e-01,-1.435916317235476011e-02,-1.435916317235476011e-02,-5.183686688943279358e-02,-3.801429606348527557e-02,-3.801429606348527557e-02,-1.558271304830920190e-01,-4.064318733121485144e-02,-8.148853797899899276e-02,-1.210011918676099085e-01,-5.569323991926412171e-02,-7.051263942166730025e-02,-4.979810447122927364e-02,-3.212131358814808435e-02,-2.030901712371240009e-02,-3.801429606348527557e-02,-6.749673070628271765e-02,-3.519076715388935045e-02,-1.435916317235476185e-02,-3.524455202264515918e-01,-3.753330286669139260e-01,-2.907009498669055336e-01,-4.311306135592269523e-02,-3.519076715388935045e-02,-3.801429606348527557e-02,-1.435916317235476011e-02,-1.286658602907498339e-01,-4.767312946227962589e-02,5.913962991410492975e-01,-2.487592975524973576e-02,-4.967123990818995694e-01,-1.786283982422259831e-01,-4.979810447122926670e-02,5.840947806181536750e-01,-2.030901712371240009e-02,-4.892821642774447533e-01,-1.767766952966368654e-01
2.219711339814095241e-01,-5.537123258831522232e-01,-5.507016019503075954e-01,-1.284019034700219164e+00,-4.893615029393497129e-01,-1.084473080082267282e+00,-4.966680157416004104e-01,-4.963069089824175273e-01,-6.493539992246850634e-01,-6.302706439077716549e-01,-1.444270444895184635e+00,1.171538073213661102e+00,-5.417316152742062130e-01,2.640902715487709607e+00,1.375120657769531185e+00,2.316813119472644900e-01,-3.574555846951790183e-01,2.998427790946933125e-01,2.765270039083356224e+00,1.166458308299073154e+00,1.913412609717014545e+00,1.944315375262146484e+00,4.758133675450491873e-02,-6.233977490111865249e-02,2.837148505570266099e-01,-3.632159839871641482e-01,8.750744390088503744e-02,-4.299761158736532529e-01,-5.866231785796635068e-01,4.062674347167165023e-01,2.589455609403823022e+00,0.000000000000000000e+00,0.000000000000000000e+00,1.307170027720357286e+00,7.108409781372613256e-01,1.616353813630237335e+00,2.466560984787370681e-01,9.539844505557931731e-01,-4.122754887853995465e-01,-9.555068114986333683e-01,-3.774647335768301359e-01,-4.668062001933125371e-01,1.113666705592083056e-01,6.917269558207794766e-01,9.137094037957288473e-01,1.739375798511208382e+00,-5.183686688943279358e-02,-5.183686688943279358e-02,1.418158377741196352e+00,-1.040941436780788015e-01,-2.030901712371240009e-02,-8.401389803667852485e-02,-3.271524934852403366e-01,-5.191945123345532709e-01,-7.103890521813077674e-01,-5.752567881263277033e-02,-3.801429606348526863e-02,-1.147078669352808861e-01,-1.711160802546210780e-01,-7.340709118518067011e-02,-7.197411700355742237e-02,-1.244624194945742751e-01,-7.051263942166730025e-02,-2.872721242393142319e-02,-2.030901712371240009e-02,-2.019004323808653023e-01,-1.435916317235476011e-02,-1.435916317235476011e-02,-5.183686688943279358e-02,-3.801429606348527557e-02,-3.801429606348527557e-02,-1.558271304830920190e-01,-4.064318733121485144e-02,-8.148853797899899276e-02,-1.210011918676099085e-01,-5.569323991926412171e-02,-7.051263942166730025e-02,-4.979810447122927364e-02,-3.212131358814808435e-02,-2.030901712371240009e-02,-3.801429606348527557e-02,-6.749673070628271765e-02,-3.519076715388935045e-02,-1.435916317235476185e-02,2.837317947345407543e+00,-3.753330286669139260e-01,-2.907009498669055336e-01,-4.311306135592269523e-02,-3.519076715388935045e-02,-3.801429606348527557e-02,-1.435916317235476011e-02,-1.286658602907498339e-01,-4.767312946227962589e-02,5.913962991410492975e-01,-2.487592975524973576e-02,-4.967123990818995694e-01,-1.786283982422259831e-01,-4.979810447122926670e-02,5.840947806181536750e-01,-2.030901712371240009e-02,-4.892821642774447533e-01,-1.767766952966368654e-01
-9.066109143069434051e-02,1.842414786390863091e+00,-4.977276807426366662e-02,7.082331122151057645e-01,4.434480383686802418e-01,-8.032969643048733233e-02,5.905777172739697933e-01,-4.963069089824175273e-01,1.100007117161253767e+00,-6.302706439077716549e-01,-7.989536745010268337e-01,-5.527336881405341407e-01,-5.975473589807609592e-02,-3.148042151046642756e-01,8.276006256900798608e-01,6.725028864716499355e-02,-1.317896501095057737e-01,-1.671783547593307107e-01,8.150996599631706863e-01,3.308375903655265127e-01,-4.872757218968044035e-01,-6.292804948981121915e-02,1.980151322044973572e+00,5.565025925533816364e-01,-7.386587407837015284e-01,-3.632159839871641482e-01,-4.720741674399969168e-01,1.932319214970824373e+00,-2.785289008189059112e-01,1.138443761532937692e+00,-4.805784352658213909e-01,0.000000000000000000e+00,0.000000000000000000e+00,-2.392467030372219805e-01,-4.681622135693289666e-01,-1.736090558870059808e-01,-5.926438109294424050e-01,-1.169106320974988983e-01,-6.239662425401465429e-01,-7.200041419233935702e-01,-3.774647335768301359e-01,-4.668062001933125371e-01,-6.135093179742474589e-01,-4.820408707801026038e-01,-3.669621702617922865e-01,-4.602362970513234064e-01,-5.183686688943279358e-02,-5.183686688943279358e-02,-7.051398600435393460e-01,-1.040941436780788015e-01,-2.030901712371240009e-02,-8.401389803667852485e-02,-3.271524934852403366e-01,1.926060419058570616e+00,-7.103890521813077674e-01,-5.752567881263277033e-02,-3.801429606348526863e-02,-1.147078669352808861e-01,-1.711160802546210780e-01,-7.340709118518067011e-02,-7.197411700355742237e-02,-1.244624194945742751e-01,-7.051263942166730025e-02,-2.872721242393142319e-02,-2.030901712371240009e-02,-2.019004323808653023e-01,-1.435916317235476011e-02,-1.435916317235476011e-02,-5.183686688943279358e-02,-3.801429606348527557e-02,-3.801429606348527557e-02,-1.558271304830920190e-01,-4.064318733121485144e-02,-8.148853797899899276e-02,-1.210011918676099085e-01,-5.569323991926412171e-02,-7.051263942166730025e-02,-4.979810447122927364e-02,-3.212131358814808435e-02,-2.030901712371240009e-02,-3.801429606348527557e-02,-6.749673070628271765e-02,-3.519076715388935045e-02,-1.435916317235476185e-02,-3.524455202264515918e-01,-3.753330286669139260e-01,3.439961240091715222e+00,-4.311306135592269523e-02,-3.519076715388935045e-02,-3.801429606348527557e-02,-1.435916317235476011e-02,-1.286658602907498339e-01,-4.767312946227962589e-02,-1.690913523558418063e+00,-2.487592975524973576e-02,2.013237442528823973e+00,-1.786283982422259831e-01,-4.979810447122926670e-02,5.840947806181536750e-01,-2.030901712371240009e-02,-4.892821642774447533e-01,-1.767766952966368654e-01
4.689340506693836508e-01,-5.537123258831522232e-01,9.520848996778241702e-01,-1.284019034700219164e+00,-8.840116934927469972e-01,-6.541259156600758295e-01,-4.966680157416004104e-01,6.573034482162921632e-01,-6.493539992246850634e-01,-3.636176791775609651e-02,-2.863188568981910875e-01,1.910511685222601841e+00,-6.272436422602937212e-01,6.782507589303395923e-01,3.713339322905371831e-01,1.494658002972147348e-01,-4.702885519880157239e-01,3.465448924800957342e-01,8.072989784466901853e-01,1.219324108821398522e-01,-6.362483984730694930e-02,-6.292804948981121915e-02,1.839980415985381368e-01,-3.835111301623150837e-01,9.782874304053058856e-02,7.312741535406717119e-01,-2.482415229036441240e-01,7.953856332809684793e-02,-2.033839550235991278e-01,7.938901959723629886e-01,-5.809668599935657873e-02,0.000000000000000000e+00,0.000000000000000000e+00,1.473574796521728292e-01,1.300342573990556527e+00,4.230452339520751615e-01,-9.068902668701024350e-01,3.039651645784674505e-01,3.286421493562152185e-01,2.220065363775658440e-01,-3.774647335768301359e-01,-4.668062001933125371e-01,-4.064018926789744190e-01,-4.820408707801026038e-01,9.137094037957288473e-01,-4.602362970513234064e-01,-5.183686688943279358e-02,-5.183686688943279358e-02,-7.051398600435393460e-01,-1.040941436780788015e-01,-2.030901712371240009e-02,-8.401389803667852485e-02,-3.271524934852403366e-01,1.926060419058570616e+00,-7.103890521813077674e-01,-5.752567881263277033e-02,-3.801429606348526863e-02,-1.147078669352808861e-01,-1.711160802546210780e-01,-7.340709118518067011e-02,-7.197411700355742237e-02,-1.244624194945742751e-01,-7.051263942166730025e-02,-2.872721242393142319e-02,-2.030901712371240009e-02,-2.019004323808653023e-01,-1.435916317235476011e-02,-1.435916317235476011e-02,-5.183686688943279358e-02,-3.801429606348527557e-02,-3.801429606348527557e-02,-1.558271304830920190e-01,-4.064318733121485144e-02,-8.148853797899899276e-02,-1.210011918676099085e-01,-5.569323991926412171e-02,-7.051263942166730025e-02,-4.979810447122927364e-02,-3.212131358814808435e-02,-2.030901712371240009e-02,-3.801429606348527557e-02,-6.749673070628271765e-02,-3.519076715388935045e-02,-1.435916317235476185e-02,-3.524455202264515918e-01,-3.753330286669139260e-01,-2.907009498669055336e-01,-4.311306135592269523e-02,-3.519076715388935045e-02,-3.801429606348527557e-02,-1.435916317235476011e-02,7.772069434271623223e+00,-4.767312946227962589e-02,5.913962991410492975e-01,-2.487592975524973576e-02,-4.967123990818995694e-01,-1.786283982422259831e-01,-4.979810447122926670e-02,5.840947806181536750e-01,-2.030901712371240009e-02,-4.892821642774447533e-01,-1.767766952966368654e-01
-5.807455788244859918e-02,3.280091053755272323e+00,-5.507016019503075954e-01,7.082331122151057645e-01,1.089239259274239480e+00,-4.446743272863804691e-02,-4.966680157416004104e-01,6.573034482162921632e-01,1.100007117161253767e+00,-6.302706439077716549e-01,8.414777418280475763e-01,-5.527336881405341407e-01,3.211624752217684398e-01,3.107422252323462364e-01,5.538406096503543097e-01,2.316813119472644900e-01,-1.317896501095057737e-01,-7.377412798852590881e-02,-3.003977968935755416e-01,-4.630020916713427637e-01,-4.872757218968044035e-01,1.879773786041834815e-01,8.433454483446978234e-01,-4.853459501231821016e-01,-1.482203170849685669e+00,-2.790244349465614282e-01,8.750744390088503744e-02,-1.773242088314630704e+00,-1.202811734101178587e+00,-1.015016023220653985e+00,-4.805784352658213909e-01,0.000000000000000000e+00,0.000000000000000000e+00,-2.392467030372219805e-01,-7.629130114959765674e-01,4.230452339520751615e-01,7.251118747828798339e-02,-8.110216682027830970e-01,4.344875262335887722e-01,1.164017214678525258e+00,9.257960654133498002e-01,-4.668062001933125371e-01,-6.135093179742474589e-01,-2.472873054599261933e-01,-3.669621702617922865e-01,-4.602362970513234064e-01,-5.183686688943279358e-02,-5.183686688943279358e-02,-7.051398600435393460e-01,-1.040941436780788015e-01,-2.030901712371240009e-02,-8.401389803667852485e-02,-3.271524934852403366e-01,-5.191945123345532709e-01,1.407679351095596942e+00,-5.752567881263277033e-02,-3.801429606348526863e-02,-1.147078669352808861e-01,-1.711160802546210780e-01,-7.340709118518067011e-02,-7.197411700355742237e-02,-1.244624194945742751e-01,-7.051263942166730025e-02,-2.872721242393142319e-02,-2.030901712371240009e-02,-2.019004323808653023e-01,-1.435916317235476011e-02,-1.435916317235476011e-02,-5.183686688943279358e-02,-3.801429606348527557e-02,-3.801429606348527557e-02,-1.558271304830920190e-01,-4.064318733121485144e-02,-8.148853797899899276e-02,-1.210011918676099085e-01,-5.569323991926412171e-02,-7.051263942166730025e-02,-4.979810447122927364e-02,-3.212131358814808435e-02,-2.030901712371240009e-02,-3.801429606348527557e-02,-6.749673070628271765e-02,-3.519076715388935045e-02,-1.435916317235476185e-02,-3.524455202264515918e-01,-3.753330286669139260e-01,-2.907009498669055336e-01,-4.311306135592269523e-02,-3.519076715388935045e-02,-3.801429606348527557e-02,-1.435916317235476011e-02,-1.286658602907498339e-01,-4.767312946227962589e-02,5.913962991410492975e-01,-2.487592975524973576e-02,-4.967123990818995694e-01,-1.786283982422259831e-01,-4.979810447122926670e-02,5.840947806181536750e-01,-2.030901712371240009e-02,-4.892821642774447533e-01,-1.767766952966368654e-01
-6.481058531443398829e-01,-5.537123258831522232e-01,-4.977276807426366662e-02,7.082331122151057645e-01,-1.305886024362612474e-01,1.856232543469374052e+00,-4.966680157416004104e-01,-4.963069089824175273e-01,-6.493539992246850634e-01,-6.302706439077716549e-01,8.414777418280475763e-01,-1.784356374822102298e+00,2.667457307760764951e-01,-9.325313249374618252e-01,-1.362479502627724992e+00,1.136051940097811741e+00,-2.446226174023423960e-01,-1.801752323248414722e+00,-1.236479578871264806e+00,-2.384929742918500128e+00,-4.872757218968044035e-01,6.897882347921728829e-01,2.143128648972121852e-01,1.449515629133293348e+00,2.837148505570266099e-01,6.470826045000689364e-01,-5.839904897081731328e-01,6.353727588209151511e-01,-5.415362111024794034e-01,2.770598476315010439e-01,-5.809668599935657873e-02,0.000000000000000000e+00,0.000000000000000000e+00,-2.392467030372219805e-01,-4.681622135693289666e-01,1.019699523791156359e+00,2.538575797607105500e-01,-4.389140193956191927e-01,-7.298116194175201521e-01,-9.555068114986333683e-01,-3.774647335768301359e-01,-4.668062001933125371e-01,1.043350084387937082e+00,9.264805211409559149e-01,9.137094037957288473e-01,1.739375798511208382e+00,-5.183686688943279358e-02,-5.183686688943279358e-02,-7.051398600435393460e-01,-1.040941436780788015e-01,-2.030901712371240009e-02,-8.401389803667852485e-02,-3.271524934852403366e-01,-5.191945123345532709e-01,1.407679351095596942e+00,-5.752567881263277033e-02,-3.801429606348526863e-02,-1.147078669352808861e-01,-1.711160802546210780e-01,-7.340709118518067011e-02,-7.197411700355742237e-02,-1.244624194945742751e-01,-7.051263942166730025e-02,-2.872721242393142319e-02,-2.030901712371240009e-02,-2.019004323808653023e-01,-1.435916317235476011e-02,-1.435916317235476011e-02,-5.183686688943279358e-02,-3.801429606348527557e-02,-3.801429606348527557e-02,-1.558271304830920190e-01,-4.064318733121485144e-02,-8.148853797899899276e-02,-1.210011918676099085e-01,-5.569323991926412171e-02,-7.051263942166730025e-02,-4.979810447122927364e-02,-3.212131358814808435e-02,-2.030901712371240009e-02,-3.801429606348527557e-02,-6.749673070628271765e-02,-3.519076715388935045e-02,-1.435916317235476185e-02,-3.524455202264515918e-01,-3.753330286669139260e-01,-2.907009498669055336e-01,-4.311306135592269523e-02,-3.519076715388935045e-02,-3.801429606348527557e-02,-1.435916317235476011e-02,-1.286658602907498339e-01,-4.767312946227962589e-02,5.913962991410492975e-01,-2.487592975524973576e-02,-4.967123990818995694e-01,-1.786283982422259831e-01,-4.979810447122926670e-02,5.840947806181536750e-01,-2.030901712371240009e-02,-4.892821642774447533e-01,-1.767766952966368654e-01
5.043326201075795101e-01,1.842414786390863091e+00,-5.507016019503075954e-01,7.082331122151057645e-01,9.816073891233129123e-01,6.311935837690980933e-02,-4.966680157416004104e-01,6.573034482162921632e-01,1.683127489289899970e+00,-3.636176791775609651e-02,8.414777418280475763e-01,-1.045382762813161337e+00,1.656860625197912329e-01,4.045741912828975106e-01,7.363472870101713808e-01,-1.496522300288474598e-02,1.222205957404534304e+00,-2.707201460312350788e-02,6.434846666005945570e-01,2.472755185721718374e-01,-4.872757218968044035e-01,-1.066549761865789980e+00,2.484521928049954892e-02,-7.516831715592964258e-01,-2.739434719924614403e-01,8.154657025812744875e-01,8.709216997781196179e-01,-1.057395018361759059e-01,-3.085868791370286468e-01,-3.259088920995046323e-01,-7.622329347767978769e-01,0.000000000000000000e+00,0.000000000000000000e+00,-2.392467030372219805e-01,-1.734114156426813935e-01,-1.366917635565168210e+00,-1.383497391713436775e+00,4.816682787305420765e-01,-2.005847350306524668e-01,-1.349613319767399566e-02,-3.774647335768301359e-01,-4.668062001933125371e-01,-5.099556053266109945e-01,1.395987651781308791e+00,9.137094037957288473e-01,-4.602362970513234064e-01,-5.183686688943279358e-02,-5.183686688943279358e-02,-7.051398600435393460e-01,-1.040941436780788015e-01,-2.030901712371240009e-02,-8.401389803667852485e-02,-3.271524934852403366e-01,-5.191945123345532709e-01,1.407679351095596942e+00,-5.752567881263277033e-02,-3.801429606348526863e-02,-1.147078669352808861e-01,-1.711160802546210780e-01,-7.340709118518067011e-02,-7.197411700355742237e-02,-1.244624194945742751e-01,-7.051263942166730025e-02,-2.872721242393142319e-02,-2.030901712371240009e-02,-2.019004323808653023e-01,-1.435916317235476011e-02,-1.435916317235476011e-02,-5.183686688943279358e-02,-3.801429606348527557e-02,-3.801429606348527557e-02,-1.558271304830920190e-01,-4.064318733121485144e-02,-8.148853797899899276e-02,-1.210011918676099085e-01,-5.569323991926412171e-02,-7.051263942166730025e-02,-4.979810447122927364e-02,-3.212131358814808435e-02,-2.030901712371240009e-02,-3.801429606348527557e-02,-6.749673070628271765e-02,-3.519076715388935045e-02,-1.435916317235476185e-02,-3.524455202264515918e-01,-3.753330286669139260e-01,-2.907009498669055336e-01,-4.311306135592269523e-02,-3.519076715388935045e-02,-3.801429606348527557e-02,-1.435916317235476011e-02,-1.286658602907498339e-01,-4.767312946227962589e-02,5.913962991410492975e-01,-2.487592975524973576e-02,-4.967123990818995694e-01,-1.786283982422259831e-01,-4.979810447122926670e-02,5.840947806181536750e-01,-2.030901712371240009e-02,-4.892821642774447533e-01,-1.767766952966368654e-01
8.239122283066190322e-01,-7.448690342834912714e-02,-5.507016019503075954e-01,7.082331122151057645e-01,1.205524279159006507e-01,2.424306768861562156e-01,-4.966680157416004104e-01,-4.963069089824175273e-01,-6.623362709603883292e-02,-6.302706439077716549e-01,-1.981029253914624366e+00,-1.538031837485788644e+00,3.353111172311010885e-02,1.116133267166246723e+00,3.713339322905371831e-01,3.961123352473639447e-01,4.323751863546776431e-01,6.633221216768130091e-02,1.797985531039744789e+00,1.041115200609041169e+00,-4.872757218968044035e-01,-3.138334775838059199e-01,-1.418863088622077107e-01,8.649573119553326250e-02,-1.810004182342134504e-01,3.945079573782606652e-01,-3.601578451718204787e-01,-1.057395018361759059e-01,-3.687028357732738959e-01,3.201290433265728819e-01,-7.622329347767978769e-01,0.000000000000000000e+00,0.000000000000000000e+00,-6.258508857266168457e-01,-1.352414607349271769e+00,-7.702633457260871230e-01,-2.914909573196431958e-01,-1.603343254053367084e-01,1.110601872409461635e-02,4.575092059528056976e-01,-3.774647335768301359e-01,-4.668062001933125371e-01,1.043350084387937082e+00,2.100248347741838106e+00,-3.669621702617922865e-01,-4.602362970513234064e-01,-5.183686688943279358e-02,-5.183686688943279358e-02,1.418158377741196352e+00,-1.040941436780788015e-01,-2.030901712371240009e-02,-8.401389803667852485e-02,-3.271524934852403366e-01,-5.191945123345532709e-01,-7.103890521813077674e-01,-5.752567881263277033e-02,-3.801429606348526863e-02,-1.147078669352808861e-01,-1.711160802546210780e-01,-7.340709118518067011e-02,-7.197411700355742237e-02,-1.244624194945742751e-01,1.418185460368283479e+01,-2.872721242393142319e-02,-2.030901712371240009e-02,-2.019004323808653023e-01,-1.435916317235476011e-02,-1.435916317235476011e-02,-5.183686688943279358e-02,-3.801429606348527557e-02,-3.801429606348527557e-02,-1.558271304830920190e-01,-4.064318733121485144e-02,-8.148853797899899276e-02,-1.210011918676099085e-01,-5.569323991926412171e-02,-7.051263942166730025e-02,-4.979810447122927364e-02,-3.212131358814808435e-02,-2.030901712371240009e-02,-3.801429606348527557e-02,-6.749673070628271765e-02,-3.519076715388935045e-02,-1.435916317235476185e-02,-3.524455202264515918e-01,-3.753330286669139260e-01,-2.907009498669055336e-01,-4.311306135592269523e-02,-3.519076715388935045e-02,-3.801429606348527557e-02,-1.435916317235476011e-02,-1.286658602907498339e-01,-4.767312946227962589e-02,5.913962991410492975e-01,-2.487592975524973576e-02,-4.967123990818995694e-01,-1.786283982422259831e-01,-4.979810447122926670e-02,5.840947806181536750e-01,-2.030901712371240009e-02,-4.892821642774447533e-01,-1.767766952966368654e-01
1.008183286036292925e+00,-5.537123258831522232e-01,1.453013733553867981e+00,7.082331122151057645e-01,-4.893615029393497129e-01,5.293287865009504989e-01,-4.966680157416004104e-01,6.573034482162921632e-01,-6.493539992246850634e-01,2.339273736042306151e+00,8.414777418280475763e-01,6.788889985410339056e-01,-9.537441089344464995e-01,3.185615557365586992e-01,-1.761860997889140579e-01,6.427588701975132102e-01,2.067092517690042597e-01,2.064385523238884967e-01,7.994982969302092402e-01,1.219324108821398522e-01,-6.362483984730694930e-02,4.388828066981781961e-01,-1.418863088622077107e-01,-1.798414902405806592e-01,2.837148505570266099e-01,4.786995064188634408e-01,8.709216997781196179e-01,-1.520590181272440944e-01,1.497972902143424601e-01,5.785442174970039098e-01,-5.809668599935657873e-02,0.000000000000000000e+00,0.000000000000000000e+00,1.473574796521728292e-01,7.108409781372613256e-01,4.230452339520751615e-01,-1.568771864695117646e+00,1.291353144716686829e+00,-9.473935815327891308e-02,-1.191009481073873166e+00,-3.774647335768301359e-01,-4.668062001933125371e-01,9.397963717403006179e-01,1.630741217101485230e+00,9.137094037957288473e-01,-4.602362970513234064e-01,-5.183686688943279358e-02,-5.183686688943279358e-02,-7.051398600435393460e-01,-1.040941436780788015e-01,-2.030901712371240009e-02,-8.401389803667852485e-02,-3.271524934852403366e-01,-5.191945123345532709e-01,1.407679351095596942e+00,-5.752567881263277033e-02,-3.801429606348526863e-02,-1.147078669352808861e-01,-1.711160802546210780e-01,-7.340709118518067011e-02,-7.197411700355742237e-02,-1.244624194945742751e-01,-7.051263942166730025e-02,-2.872721242393142319e-02,-2.030901712371240009e-02,-2.019004323808653023e-01,-1.435916317235476011e-02,-1.435916317235476011e-02,-5.183686688943279358e-02,-3.801429606348527557e-02,-3.801429606348527557e-02,-1.558271304830920190e-01,-4.064318733121485144e-02,-8.148853797899899276e-02,-1.210011918676099085e-01,-5.569323991926412171e-02,-7.051263942166730025e-02,-4.979810447122927364e-02,-3.212131358814808435e-02,-2.030901712371240009e-02,-3.801429606348527557e-02,-6.749673070628271765e-02,-3.519076715388935045e-02,-1.435916317235476185e-02,-3.524455202264515918e-01,-3.753330286669139260e-01,-2.907009498669055336e-01,-4.311306135592269523e-02,-3.519076715388935045e-02,-3.801429606348527557e-02,-1.435916317235476011e-02,-1.286658602907498339e-01,-4.767312946227962589e-02,5.913962991410492975e-01,-2.487592975524973576e-02,-4.967123990818995694e-01,-1.786283982422259831e-01,-4.979810447122926670e-02,5.840947806181536750e-01,-2.030901712371240009e-02,-4.892821642774447533e-01,-1.767766952966368654e-01
1.912997187096720619e+00,-5.537123258831522232e-01,1.453013733553867981e+00,7.082331122151057645e-01,-8.481344034424381784e-01,1.103125005730539065e+00,-4.966680157416004104e-01,-4.963069089824175273e-01,-6.493539992246850634e-01,2.339273736042306151e+00,8.414777418280475763e-01,-3.064091508042205425e-01,2.365677302252771952e+00,8.033600469977414393e-01,-9.062128092281823699e-01,-3.438272696030836850e-01,-8.087874538665257296e-01,-7.743058287695619990e-01,-8.464455030472275432e-01,-5.465641634646974945e-01,-1.052143564629467676e+00,-1.066549761865789980e+00,-6.117660699916547262e-01,6.348370694463559838e-01,-7.386587407837015284e-01,3.103164083376579452e-01,-8.078231342445260088e-01,1.258580796191650364e-01,4.305312792694804713e+00,1.009236174447722290e+00,-1.043887434287774418e+00,0.000000000000000000e+00,0.000000000000000000e+00,-1.012455068416011628e+00,-7.629130114959765674e-01,-1.366917635565168210e+00,6.375001280549329463e-01,-5.137363832491242954e-01,-9.473935815327891308e-02,4.575092059528056976e-01,-3.774647335768301359e-01,-4.668062001933125371e-01,-1.027724168564793761e+00,-7.167944361002790421e-01,-3.669621702617922865e-01,-4.602362970513234064e-01,-5.183686688943279358e-02,-5.183686688943279358e-02,-7.051398600435393460e-01,-1.040941436780788015e-01,-2.030901712371240009e-02,-8.401389803667852485e-02,-3.271524934852403366e-01,-5.191945123345532709e-01,1.407679351095596942e+00,-5.752567881263277033e-02,-3.801429606348526863e-02,-1.147078669352808861e-01,-1.711160802546210780e-01,-7.340709118518067011e-02,-7.197411700355742237e-02,-1.244624194945742751e-01,-7.051263942166730025e-02,-2.872721242393142319e-02,-2.030901712371240009e-02,-2.019004323808653023e-01,-1.435916317235476011e-02,-1.435916317235476011e-02,-5.183686688943279358e-02,-3.801429606348527557e-02,-3.801429606348527557e-02,-1.558271304830920190e-01,-4.064318733121485144e-02,-8.148853797899899276e-02,-1.210011918676099085e-01,-5.569323991926412171e-02,-7.051263942166730025e-02,-4.979810447122927364e-02,-3.212131358814808435e-02,-2.030901712371240009e-02,-3.801429606348527557e-02,-6.749673070628271765e-02,-3.519076715388935045e-02,-1.435916317235476185e-02,-3.524455202264515918e-01,-3.753330286669139260e-01,-2.907009498669055336e-01,-4.311306135592269523e-02,-3.519076715388935045e-02,-3.801429606348527557e-02,-1.435916317235476011e-02,-1.286658602907498339e-01,-4.767312946227962589e-02,5.913962991410492975e-01,-2.487592975524973576e-02,-4.967123990818995694e-01,-1.786283982422259831e-01,-4.979810447122926670e-02,5.840947806181536750e-01,-2.030901712371240009e-02,-4.892821642774447533e-01,-1.767766952966368654e-01
-1.487746687108275845e+00,-5.537123258831522232e-01,-5.507016019503075954e-01,-2.878929612425566442e-01,5.869571985699155725e-01,-8.032969643048733233e-02,5.905777172739697933e-01,-4.963069089824175273e-01,-6.493539992246850634e-01,-6.302706439077716549e-01,-2.018848869400768908e-01,9.252135358773474483e-01,9.974848704753700446e-01,7.616231010596714868e-02,4.625872709704457186e-01,-9.193358511534318600e-01,9.387628447616762351e-02,-4.940931484571475241e-01,-8.776482291131505464e-01,-2.958779480846334686e-01,9.248938849348538049e-01,-6.292804948981121915e-02,9.418686240653882935e-01,3.449995049423498772e-01,-1.810004182342134504e-01,-1.373514572474397344e+00,-8.078231342445260088e-01,-1.773242088314630704e+00,-1.202811734101178587e+00,1.052305370142794017e+00,3.643850632671082335e-01,0.000000000000000000e+00,0.000000000000000000e+00,5.339616623415676111e-01,1.595093371917204017e+00,4.230452339520751615e-01,-3.438653666430865341e-01,1.442995845696484480e-01,1.387095918129950478e+00,1.635022553829005076e+00,-3.774647335768301359e-01,-4.668062001933125371e-01,-3.028481800313378436e-01,-4.820408707801026038e-01,9.137094037957288473e-01,-4.602362970513234064e-01,-5.183686688943279358e-02,-5.183686688943279358e-02,1.418158377741196352e+00,-1.040941436780788015e-01,-2.030901712371240009e-02,-8.401389803667852485e-02,-3.271524934852403366e-01,-5.191945123345532709e-01,-7.103890521813077674e-01,-5.752567881263277033e-02,-3.801429606348526863e-02,-1.147078669352808861e-01,-1.711160802546210780e-01,-7.340709118518067011e-02,1.389388354636672673e+01,-1.244624194945742751e-01,-7.051263942166730025e-02,-2.872721242393142319e-02,-2.030901712371240009e-02,-2.019004323808653023e-01,-1.435916317235476011e-02,-1.435916317235476011e-02,-5.183686688943279358e-02,-3.801429606348527557e-02,-3.801429606348527557e-02,-1.558271304830920190e-01,-4.064318733121485144e-02,-8.148853797899899276e-02,-1.210011918676099085e-01,-5.569323991926412171e-02,-7.051263942166730025e-02,-4.979810447122927364e-02,-3.212131358814808435e-02,-2.030901712371240009e-02,-3.801429606348527557e-02,-6.749673070628271765e-02,-3.519076715388935045e-02,-1.435916317235476185e-02,-3.524455202264515918e-01,-3.753330286669139260e-01,-2.907009498669055336e-01,-4.311306135592269523e-02,-3.519076715388935045e-02,-3.801429606348527557e-02,-1.435916317235476011e-02,-1.286658602907498339e-01,-4.767312946227962589e-02,5.913962991410492975e-01,-2.487592975524973576e-02,-4.967123990818995694e-01,-1.786283982422259831e-01,-4.979810447122926670e-02,5.840947806181536750e-01,-2.030901712371240009e-02,-4.892821642774447533e-01,-1.767766952966368654e-01
-1.081490207948420323e+00,-5.537123258831522232e-01,-4.977276807426366662e-02,-1.284019034700219164e+00,-1.027520853693982383e+00,-7.975749704674730545e-01,-4.966680157416004104e-01,-4.963069089824175273e-01,-6.493539992246850634e-01,-3.636176791775609651e-02,-8.472016573342346923e-01,-6.008461346790693741e-02,-2.353031823252243360e+00,-2.340010815695734880e+00,-3.826319646985255396e+00,-4.454602852105570499e+00,-8.087874538665257296e-01,-1.801752323248414722e+00,-1.236479578871264806e+00,-2.384929742918500128e+00,1.630978688350682937e+00,6.897882347921728829e-01,-3.086178370049146302e-01,-8.535179915201633882e-01,9.343162268647626778e-01,-1.205131474393191793e+00,8.750744390088503744e-02,7.953856332809684793e-02,1.720326657336253007e+00,-2.828396964044327944e-01,9.276940622890612609e-01,0.000000000000000000e+00,0.000000000000000000e+00,2.080378393099147072e+00,1.300342573990556527e+00,7.213723788716157603e-01,4.679379778702851822e-01,4.796641082701803560e-01,-1.364883880681761363e+00,-4.845014723481537167e-01,-3.774647335768301359e-01,-4.668062001933125371e-01,-1.992944673837013236e-01,6.917269558207794766e-01,-3.669621702617922865e-01,-4.602362970513234064e-01,-5.183686688943279358e-02,-5.183686688943279358e-02,1.418158377741196352e+00,-1.040941436780788015e-01,-2.030901712371240009e-02,-8.401389803667852485e-02,-3.271524934852403366e-01,-5.191945123345532709e-01,-7.103890521813077674e-01,-5.752567881263277033e-02,-3.801429606348526863e-02,-1.147078669352808861e-01,-1.711160802546210780e-01,-7.340709118518067011e-02,-7.197411700355742237e-02,-1.244624194945742751e-01,-7.051263942166730025e-02,-2.872721242393142319e-02,-2.030901712371240009e-02,-2.019004323808653023e-01,-1.435916317235476011e-02,-1.435916317235476011e-02,-5.183686688943279358e-02,-3.801429606348527557e-02,-3.801429606348527557e-02,-1.558271304830920190e-01,-4.064318733121485144e-02,-8.148853797899899276e-02,-1.210011918676099085e-01,-5.569323991926412171e-02,-7.051263942166730025e-02,-4.979810447122927364e-02,-3.212131358814808435e-02,-2.030901712371240009e-02,-3.801429606348527557e-02,-6.749673070628271765e-02,-3.519076715388935045e-02,-1.435916317235476185e-02,-3.524455202264515918e-01,2.664300564093018409e+00,-2.907009498669055336e-01,-4.311306135592269523e-02,-3.519076715388935045e-02,-3.801429606348527557e-02,-1.435916317235476011e-02,-1.286658602907498339e-01,-4.767312946227962589e-02,5.913962991410492975e-01,-2.487592975524973576e-02,-4.967123990818995694e-01,-1.786283982422259831e-01,-4.979810447122926670e-02,5.840947806181536750e-01,-2.030901712371240009e-02,-4.892821642774447533e-01,-1.767766952966368654e-01
-4.345565393840085666e-01,-7.448690342834912714e-02,-4.977276807426366662e-02,-2.878929612425566442e-01,-4.176069228387320198e-01,7.086401050101969190e-01,-4.966680157416004104e-01,6.573034482162921632e-01,-6.623362709603883292e-02,-6.302706439077716549e-01,8.414777418280475763e-01,-7.990582254768477943e-01,1.121866000636952077e+00,3.706565758490414086e-02,-4.499461158286396367e-01,-1.793962463029842302e-01,-8.087874538665257296e-01,-8.677100555403667315e-01,-1.002459133376842448e+00,4.561806980555584978e-01,-7.697096432631360674e-01,1.879773786041834815e-01,-2.025159554595558076e-01,6.818377555821408809e-01,6.554870655900186804e-01,8.154657025812744875e-01,8.750744390088503744e-02,1.700721633515483555e+00,-7.820000376474609549e-01,1.047830648512136920e-01,-7.622329347767978769e-01,0.000000000000000000e+00,0.000000000000000000e+00,-6.258508857266168457e-01,-7.629130114959765674e-01,-1.736090558870059808e-01,-7.039394307417594643e-01,-1.937371664113657632e-01,-9.415023731722672595e-01,-1.349613319767399566e-02,9.257960654133498002e-01,1.696017942249628430e+00,-4.064018926789744190e-01,1.161234086461132353e+00,-3.669621702617922865e-01,1.739375798511208382e+00,-5.183686688943279358e-02,-5.183686688943279358e-02,1.418158377741196352e+00,-1.040941436780788015e-01,-2.030901712371240009e-02,-8.401389803667852485e-02,-3.271524934852403366e-01,-5.191945123345532709e-01,-7.103890521813077674e-01,-5.752567881263277033e-02,-3.801429606348526863e-02,-1.147078669352808861e-01,-1.711160802546210780e-01,-7.340709118518067011e-02,-7.197411700355742237e-02,-1.244624194945742751e-01,-7.051263942166730025e-02,-2.872721242393142319e-02,-2.030901712371240009e-02,-2.019004323808653023e-01,-1.435916317235476011e-02,-1.435916317235476011e-02,-5.183686688943279358e-02,-3.801429606348527557e-02,-3.801429606348527557e-02,-1.558271304830920190e-01,-4.064318733121485144e-02,-8.148853797899899276e-02,-1.210011918676099085e-01,-5.569323991926412171e-02,-7.051263942166730025e-02,-4.979810447122927364e-02,-3.212131358814808435e-02,-2.030901712371240009e-02,-3.801429606348527557e-02,-6.749673070628271765e-02,-3.519076715388935045e-02,-1.435916317235476185e-02,-3.524455202264515918e-01,-3.753330286669139260e-01,-2.907009498669055336e-01,-4.311306135592269523e-02,-3.519076715388935045e-02,-3.801429606348527557e-02,-1.435916317235476011e-02,-1.286658602907498339e-01,-4.767312946227962589e-02,5.913962991410492975e-01,-2.487592975524973576e-02,-4.967123990818995694e-01,-1.786283982422259831e-01,-4.979810447122926670e-02,-1.712050908829709783e+00,-2.030901712371240009e-02,2.043810449286999731e+00,-1.767766952966368654e-01
2.696103302346825048e-01,-5.537123258831522232e-01,-5.507016019503075954e-01,-2.878929612425566442e-01,-4.534842128890408386e-01,5.293287865009504989e-01,-4.966680157416004104e-01,-4.963069089824175273e-01,-6.493539992246850634e-01,-6.302706439077716549e-01,-7.929226766468756571e-01,1.171538073213661102e+00,4.299959641131527732e-01,1.543556151480935112e-01,7.363472870101713808e-01,-2.616117579530339854e-01,3.195422190618408820e-01,6.633221216768130091e-02,-1.064864585508688455e+00,4.561806980555584978e-01,-6.362483984730694930e-02,6.897882347921728829e-01,-1.039927797388649905e-01,-6.263480085305367373e-01,-2.739434719924614403e-01,3.945079573782606652e-01,-1.363252006354677692e-01,-1.520590181272440944e-01,1.197393118962197245e-01,8.800285873625066646e-01,-5.809668599935657873e-02,0.000000000000000000e+00,0.000000000000000000e+00,1.473574796521728292e-01,1.005591776063908815e+00,4.230452339520751615e-01,1.035545638913102362e+00,1.442995845696484480e-01,4.344875262335887722e-01,9.285145451032854602e-01,2.229056864403530014e+00,-4.668062001933125371e-01,-9.574075473606477593e-02,-2.472873054599261933e-01,9.137094037957288473e-01,-4.602362970513234064e-01,-5.183686688943279358e-02,-5.183686688943279358e-02,1.418158377741196352e+00,-1.040941436780788015e-01,-2.030901712371240009e-02,-8.401389803667852485e-02,-3.271524934852403366e-01,-5.191945123345532709e-01,-7.103890521813077674e-01,-5.752567881263277033e-02,-3.801429606348526863e-02,-1.147078669352808861e-01,-1.711160802546210780e-01,-7.340709118518067011e-02,-7.197411700355742237e-02,-1.244624194945742751e-01,-7.051263942166730025e-02,-2.872721242393142319e-02,-2.030901712371240009e-02,-2.019004323808653023e-01,-1.435916317235476011e-02,-1.435916317235476011e-02,-5.183686688943279358e-02,-3.801429606348527557e-02,-3.801429606348527557e-02,-1.558271304830920190e-01,-4.064318733121485144e-02,-8.148853797899899276e-02,8.264381404557756383e+00,-5.569323991926412171e-02,-7.051263942166730025e-02,-4.979810447122927364e-02,-3.212131358814808435e-02,-2.030901712371240009e-02,-3.801429606348527557e-02,-6.749673070628271765e-02,-3.519076715388935045e-02,-1.435916317235476185e-02,-3.524455202264515918e-01,-3.753330286669139260e-01,-2.907009498669055336e-01,-4.311306135592269523e-02,-3.519076715388935045e-02,-3.801429606348527557e-02,-1.435916317235476011e-02,-1.286658602907498339e-01,-4.767312946227962589e-02,5.913962991410492975e-01,-2.487592975524973576e-02,-4.967123990818995694e-01,-1.786283982422259831e-01,-4.979810447122926670e-02,-1.712050908829709783e+00,-2.030901712371240009e-02,2.043810449286999731e+00,-1.767766952966368654e-01
9.800629271367915507e-01,4.047385190264539689e-01,-5.507016019503075954e-01,7.082331122151057645e-01,2.999388781674448556e-01,-4.446743272863804691e-02,-4.966680157416004104e-01,-4.963069089824175273e-01,1.683127489289899970e+00,-3.636176791775609651e-02,8.414777418280475763e-01,4.325644612047202520e-01,-1.497911553391367390e+00,6.834297960175468589e-02,9.757391625081156261e-02,6.427588701975132102e-01,-3.574555846951790183e-01,9.536723664903269393e-01,1.735580078907898782e+00,3.726186262622038226e-01,9.248938849348538049e-01,6.897882347921728829e-01,-2.404094845828982085e-01,1.065676692357717226e+00,-3.668865257507094579e-01,8.996572516218772630e-01,-4.720741674399969168e-01,2.184971122013014133e-01,-4.137898032504579993e-01,2.770598476315010439e-01,3.643850632671082335e-01,0.000000000000000000e+00,0.000000000000000000e+00,5.339616623415676111e-01,7.108409781372613256e-01,7.213723788716157603e-01,1.201834388515034879e+00,7.635882568214275024e-01,1.175405164375203482e+00,1.635022553829005076e+00,9.257960654133498002e-01,-4.668062001933125371e-01,1.354011222330846920e+00,4.569733905006030938e-01,-3.669621702617922865e-01,-4.602362970513234064e-01,-5.183686688943279358e-02,-5.183686688943279358e-02,-7.051398600435393460e-01,-1.040941436780788015e-01,-2.030901712371240009e-02,-8.401389803667852485e-02,-3.271524934852403366e-01,-5.191945123345532709e-01,1.407679351095596942e+00,-5.752567881263277033e-02,-3.801429606348526863e-02,-1.147078669352808861e-01,-1.711160802546210780e-01,-7.340709118518067011e-02,-7.197411700355742237e-02,-1.244624194945742751e-01,-7.051263942166730025e-02,-2.872721242393142319e-02,-2.030901712371240009e-02,-2.019004323808653023e-01,-1.435916317235476011e-02,-1.435916317235476011e-02,-5.183686688943279358e-02,-3.801429606348527557e-02,-3.801429606348527557e-02,-1.558271304830920190e-01,-4.064318733121485144e-02,-8.148853797899899276e-02,-1.210011918676099085e-01,-5.569323991926412171e-02,-7.051263942166730025e-02,-4.979810447122927364e-02,-3.212131358814808435e-02,-2.030901712371240009e-02,-3.801429606348527557e-02,-6.749673070628271765e-02,-3.519076715388935045e-02,-1.435916317235476185e-02,-3.524455202264515918e-01,-3.753330286669139260e-01,-2.907009498669055336e-01,-4.311306135592269523e-02,-3.519076715388935045e-02,-3.801429606348527557e-02,-1.435916317235476011e-02,-1.286658602907498339e-01,-4.767312946227962589e-02,-1.690913523558418063e+00,-2.487592975524973576e-02,2.013237442528823973e+00,-1.786283982422259831e-01,-4.979810447122926670e-02,5.840947806181536750e-01,-2.030901712371240009e-02,-4.892821642774447533e-01,-1.767766952966368654e-01
7.261526276618818221e-01,4.047385190264539689e-01,-5.507016019503075954e-01,-2.878929612425566442e-01,1.923070080165183438e-01,-1.161919601323366108e-01,2.765069183305110201e+00,-4.963069089824175273e-01,-6.623362709603883292e-02,-6.302706439077716549e-01,-7.507056916678187530e-01,1.664187147886288409e+00,6.398891212608223134e-01,6.704314284261271295e-01,9.757391625081156261e-02,8.071898934976127205e-01,1.109372990111697543e+00,6.633221216768130091e-02,-3.628032490254213815e-01,-2.958779480846334686e-01,-6.362483984730694930e-02,-3.138334775838059199e-01,7.220861551500019626e-01,1.334964173313181179e-01,1.027259280623010751e+00,-1.373514572474397344e+00,-8.078231342445260088e-01,1.283845986895869817e+00,-2.033839550235991278e-01,-2.828396964044327944e-01,-5.809668599935657873e-02,0.000000000000000000e+00,0.000000000000000000e+00,1.473574796521728292e-01,7.108409781372613256e-01,1.247180890325345903e-01,-4.086786981808476771e-01,-6.660533382366168320e-01,-9.473935815327891308e-02,-7.200041419233935702e-01,9.257960654133498002e-01,-4.668062001933125371e-01,-1.234831593860066690e+00,-1.186301566740631808e+00,-3.669621702617922865e-01,-4.602362970513234064e-01,-5.183686688943279358e-02,-5.183686688943279358e-02,-7.051398600435393460e-01,-1.040941436780788015e-01,-2.030901712371240009e-02,-8.401389803667852485e-02,-3.271524934852403366e-01,1.926060419058570616e+00,-7.103890521813077674e-01,-5.752567881263277033e-02,-3.801429606348526863e-02,-1.147078669352808861e-01,-1.711160802546210780e-01,-7.340709118518067011e-02,-7.197411700355742237e-02,-1.244624194945742751e-01,-7.051263942166730025e-02,-2.872721242393142319e-02,-2.030901712371240009e-02,-2.019004323808653023e-01,-1.435916317235476011e-02,-1.435916317235476011e-02,-5.183686688943279358e-02,-3.801429606348527557e-02,-3.801429606348527557e-02,-1.558271304830920190e-01,-4.064318733121485144e-02,-8.148853797899899276e-02,-1.210011918676099085e-01,-5.569323991926412171e-02,-7.051263942166730025e-02,-4.979810447122927364e-02,-3.212131358814808435e-02,-2.030901712371240009e-02,-3.801429606348527557e-02,-6.749673070628271765e-02,-3.519076715388935045e-02,-1.435916317235476185e-02,-3.524455202264515918e-01,-3.753330286669139260e-01,3.439961240091715222e+00,-4.311306135592269523e-02,-3.519076715388935045e-02,-3.801429606348527557e-02,-1.435916317235476011e-02,-1.286658602907498339e-01,-4.767312946227962589e-02,5.913962991410492975e-01,-2.487592975524973576e-02,-4.967123990818995694e-01,-1.786283982422259831e-01,-4.979810447122926670e-02,5.840947806181536750e-01,-2.030901712371240009e-02,-4.892821642774447533e-01,-1.767766952966368654e-01
9.904840013171949398e-01,2.800865631300469172e+00,-5.507016019503075954e-01,2.700485259130430471e+00,3.672404142896476209e+00,3.500174679917040788e-01,5.905777172739697933e-01,-4.963069089824175273e-01,2.849368233547192375e+00,-6.302706439077716549e-01,8.414777418280475763e-01,-5.527336881405341407e-01,-1.031482315285435325e+00,1.014481970611482708e+00,6.450939483302627897e-01,9.716209167977121197e-01,-1.317896501095057737e-01,2.531406657092908907e-01,2.734067313017433332e+00,1.124677272402395900e+00,-4.872757218968044035e-01,-5.647389056778006067e-01,7.751370959226814294e-01,1.042176349289824611e+00,-8.805736447596543282e-02,6.470826045000689364e-01,-4.720741674399969168e-01,-7.542127299111305305e-01,-5.941376731591940796e-01,7.077518045822193127e-01,-4.805784352658213909e-01,0.000000000000000000e+00,0.000000000000000000e+00,-2.392467030372219805e-01,-1.734114156426813935e-01,-4.719362008065465242e-01,-5.973419606340644311e-02,2.812512326943676366e-01,9.637144106204564853e-01,-1.662014820224352984e+00,-3.774647335768301359e-01,-4.668062001933125371e-01,-4.064018926789744190e-01,-7.167944361002790421e-01,9.137094037957288473e-01,-4.602362970513234064e-01,-5.183686688943279358e-02,-5.183686688943279358e-02,-7.051398600435393460e-01,-1.040941436780788015e-01,-2.030901712371240009e-02,-8.401389803667852485e-02,-3.271524934852403366e-01,-5.191945123345532709e-01,1.407679351095596942e+00,-5.752567881263277033e-02,-3.801429606348526863e-02,-1.147078669352808861e-01,-1.711160802546210780e-01,-7.340709118518067011e-02,-7.197411700355742237e-02,-1.244624194945742751e-01,-7.051263942166730025e-02,-2.872721242393142319e-02,-2.030901712371240009e-02,-2.019004323808653023e-01,-1.435916317235476011e-02,-1.435916317235476011e-02,-5.183686688943279358e-02,-3.801429606348527557e-02,-3.801429606348527557e-02,-1.558271304830920190e-01,-4.064318733121485144e-02,-8.148853797899899276e-02,-1.210011918676099085e-01,-5.569323991926412171e-02,-7.051263942166730025e-02,-4.979810447122927364e-02,-3.212131358814808435e-02,-2.030901712371240009e-02,-3.801429606348527557e-02,-6.749673070628271765e-02,-3.519076715388935045e-02,-1.435916317235476185e-02,-3.524455202264515918e-01,-3.753330286669139260e-01,-2.907009498669055336e-01,-4.311306135592269523e-02,-3.519076715388935045e-02,-3.801429606348527557e-02,-1.435916317235476011e-02,-1.286658602907498339e-01,-4.767312946227962589e-02,5.913962991410492975e-01,-2.487592975524973576e-02,-4.967123990818995694e-01,-1.786283982422259831e-01,-4.979810447122926670e-02,5.840947806181536750e-01,-2.030901712371240009e-02,-4.892821642774447533e-01,-1.767766952966368654e-01
9.216718289513562423e-01,-5.537123258831522232e-01,-5.507016019503075954e-01,7.082331122151057645e-01,1.292055776497412142e-02,1.533472170152730518e+00,-4.966680157416004104e-01,-4.963069089824175273e-01,-6.623362709603883292e-02,-6.302706439077716549e-01,-1.233185519999899338e+00,-5.527336881405341407e-01,1.013032511745568076e+00,-1.167111240063840816e+00,-8.493276110900550846e-02,-1.083766874453531370e+00,7.708740882331873712e-01,-2.605825815301355264e-01,-5.344182423879977328e-01,-1.215060737811534786e+00,-1.052143564629467676e+00,-1.066549761865789980e+00,-8.391272447317100758e-01,3.149373777710844813e+00,9.343162268647626778e-01,1.236423447784288365e+00,-4.720741674399969168e-01,7.743313076941197304e-01,-5.715941894206021390e-01,1.482997327093512396e+00,-7.622329347767978769e-01,0.000000000000000000e+00,0.000000000000000000e+00,-1.785663433794801191e+00,-1.057663809422624057e+00,-7.702633457260871230e-01,1.520008925154953117e+00,5.538184153035649038e-01,1.169513956014681527e-01,-1.349613319767399566e-02,-3.774647335768301359e-01,1.696017942249628430e+00,2.149203832068448394e-01,-1.186301566740631808e+00,-3.669621702617922865e-01,1.739375798511208382e+00,-5.183686688943279358e-02,-5.183686688943279358e-02,1.418158377741196352e+00,-1.040941436780788015e-01,-2.030901712371240009e-02,-8.401389803667852485e-02,-3.271524934852403366e-01,-5.191945123345532709e-01,-7.103890521813077674e-01,-5.752567881263277033e-02,-3.801429606348526863e-02,-1.147078669352808861e-01,-1.711160802546210780e-01,-7.340709118518067011e-02,-7.197411700355742237e-02,-1.244624194945742751e-01,-7.051263942166730025e-02,-2.872721242393142319e-02,-2.030901712371240009e-02,-2.019004323808653023e-01,-1.435916317235476011e-02,-1.435916317235476011e-02,-5.183686688943279358e-02,-3.801429606348527557e-02,-3.801429606348527557e-02,-1.558271304830920190e-01,-4.064318733121485144e-02,-8.148853797899899276e-02,-1.210011918676099085e-01,-5.569323991926412171e-02,1.418185460368283479e+01,-4.979810447122927364e-02,-3.212131358814808435e-02,-2.030901712371240009e-02,-3.801429606348527557e-02,-6.749673070628271765e-02,-3.519076715388935045e-02,-1.435916317235476185e-02,-3.524455202264515918e-01,-3.753330286669139260e-01,-2.907009498669055336e-01,-4.311306135592269523e-02,-3.519076715388935045e-02,-3.801429606348527557e-02,-1.435916317235476011e-02,-1.286658602907498339e-01,-4.767312946227962589e-02,5.913962991410492975e-01,-2.487592975524973576e-02,-4.967123990818995694e-01,-1.786283982422259831e-01,-4.979810447122926670e-02,5.840947806181536750e-01,-2.030901712371240009e-02,-4.892821642774447533e-01,-1.767766952966368654e-01
4.082271582216364658e-01,-5.537123258831522232e-01,4.511560658017802483e-01,7.082331122151057645e-01,-7.763798233418204298e-01,7.803646324138955315e-01,-4.966680157416004104e-01,-4.963069089824175273e-01,-6.493539992246850634e-01,3.527091488022337185e+00,8.414777418280475763e-01,1.862399238684066816e-01,4.610912466535482812e-01,-2.209722490541126683e-01,1.010107303049897043e+00,-4.260427812531334402e-01,-6.959544865736890795e-01,6.633221216768130091e-02,-7.684386878824200906e-01,2.472755185721718374e-01,9.248938849348538049e-01,4.388828066981781961e-01,-1.240798653439140864e+00,-1.171739087262011758e-01,9.782874304053058856e-02,1.404806545865493916e+00,-3.601578451718204787e-01,2.648166284923695879e-01,1.329572939200658110e+00,1.009236174447722290e+00,9.276940622890612609e-01,0.000000000000000000e+00,0.000000000000000000e+00,9.205658450309623930e-01,7.108409781372613256e-01,1.019699523791156359e+00,1.045365840661248047e+00,3.012929372979851195e-01,-6.239662425401465429e-01,-1.349613319767399566e-02,-3.774647335768301359e-01,1.696017942249628430e+00,5.255815211497544270e-01,-4.820408707801026038e-01,-3.669621702617922865e-01,-4.602362970513234064e-01,-5.183686688943279358e-02,-5.183686688943279358e-02,-7.051398600435393460e-01,-1.040941436780788015e-01,-2.030901712371240009e-02,-8.401389803667852485e-02,-3.271524934852403366e-01,-5.191945123345532709e-01,1.407679351095596942e+00,-5.752567881263277033e-02,-3.801429606348526863e-02,-1.147078669352808861e-01,-1.711160802546210780e-01,-7.340709118518067011e-02,-7.197411700355742237e-02,-1.244624194945742751e-01,-7.051263942166730025e-02,-2.872721242393142319e-02,-2.030901712371240009e-02,-2.019004323808653023e-01,-1.435916317235476011e-02,-1.435916317235476011e-02,-5.183686688943279358e-02,-3.801429606348527557e-02,-3.801429606348527557e-02,-1.558271304830920190e-01,-4.064318733121485144e-02,-8.148853797899899276e-02,-1.210011918676099085e-01,-5.569323991926412171e-02,-7.051263942166730025e-02,-4.979810447122927364e-02,-3.212131358814808435e-02,-2.030901712371240009e-02,-3.801429606348527557e-02,-6.749673070628271765e-02,-3.519076715388935045e-02,-1.435916317235476185e-02,-3.524455202264515918e-01,-3.753330286669139260e-01,-2.907009498669055336e-01,-4.311306135592269523e-02,-3.519076715388935045e-02,-3.801429606348527557e-02,-1.435916317235476011e-02,-1.286658602907498339e-01,-4.767312946227962589e-02,5.913962991410492975e-01,-2.487592975524973576e-02,-4.967123990818995694e-01,-1.786283982422259831e-01,-4.979810447122926670e-02,5.840947806181536750e-01,-2.030901712371240009e-02,-4.892821642774447533e-01,-1.767766952966368654e-01
1.506409880185106021e+00,-5.537123258831522232e-01,-5.507016019503075954e-01,7.082331122151057645e-01,1.950294220481651797e+00,7.086401050101969190e-01,-4.966680157416004104e-01,-4.963069089824175273e-01,-6.493539992246850634e-01,-6.302706439077716549e-01,8.414777418280475763e-01,-1.045382762813161337e+00,5.776985561800312974e-01,1.905885648091722118e+00,7.363472870101713808e-01,1.300482963397911140e+00,-8.087874538665257296e-01,-1.801752323248414722e+00,-1.236479578871264806e+00,1.250020380092427885e+00,-4.872757218968044035e-01,-6.292804948981121915e-02,-3.578442731684854800e-02,-7.017322259041630650e-02,-3.668865257507094579e-01,2.261248592970551696e-01,-5.839904897081731328e-01,1.258580796191650364e-01,3.301451601230785959e-01,1.478522605462855299e-01,-4.805784352658213909e-01,0.000000000000000000e+00,0.000000000000000000e+00,-2.392467030372219805e-01,-7.629130114959765674e-01,-7.702633457260871230e-01,-4.603984273877479438e-01,-4.936946786455068681e-01,-9.473935815327891308e-02,-2.489988027729138353e-01,-3.774647335768301359e-01,-4.668062001933125371e-01,-1.992944673837013236e-01,2.222198251804266556e-01,-3.669621702617922865e-01,1.739375798511208382e+00,-5.183686688943279358e-02,-5.183686688943279358e-02,-7.051398600435393460e-01,-1.040941436780788015e-01,-2.030901712371240009e-02,-8.401389803667852485e-02,-3.271524934852403366e-01,-5.191945123345532709e-01,1.407679351095596942e+00,-5.752567881263277033e-02,-3.801429606348526863e-02,-1.147078669352808861e-01,-1.711160802546210780e-01,-7.340709118518067011e-02,-7.197411700355742237e-02,-1.244624194945742751e-01,-7.051263942166730025e-02,-2.872721242393142319e-02,-2.030901712371240009e-02,-2.019004323808653023e-01,-1.435916317235476011e-02,-1.435916317235476011e-02,-5.183686688943279358e-02,-3.801429606348527557e-02,-3.801429606348527557e-02,-1.558271304830920190e-01,-4.064318733121485144e-02,-8.148853797899899276e-02,-1.210011918676099085e-01,-5.569323991926412171e-02,-7.051263942166730025e-02,-4.979810447122927364e-02,-3.212131358814808435e-02,-2.030901712371240009e-02,-3.801429606348527557e-02,-6.749673070628271765e-02,-3.519076715388935045e-02,-1.435916317235476185e-02,-3.524455202264515918e-01,-3.753330286669139260e-01,-2.907009498669055336e-01,-4.311306135592269523e-02,-3.519076715388935045e-02,-3.801429606348527557e-02,-1.435916317235476011e-02,-1.286658602907498339e-01,-4.767312946227962589e-02,5.913962991410492975e-01,-2.487592975524973576e-02,-4.967123990818995694e-01,-1.786283982422259831e-01,-4.979810447122926670e-02,-1.712050908829709783e+00,-2.030901712371240009e-02,-4.892821642774447533e-01,5.656854249492379694e+00
-1.459130086581136299e+00,-5.537123258831522232e-01,-5.507016019503075954e-01,7.082331122151057645e-01,1.519766739877945527e+00,5.293287865009504989e-01,-4.966680157416004104e-01,-4.963069089824175273e-01,-6.493539992246850634e-01,-6.302706439077716549e-01,8.414777418280475763e-01,-7.990582254768477943e-01,8.264608165031950282e-01,5.375028098545124866e-01,-1.761860997889140579e-01,6.427588701975132102e-01,-8.087874538665257296e-01,-1.671783547593307107e-01,-6.592291466516897458e-01,7.486479493322998335e-01,-4.872757218968044035e-01,1.879773786041834815e-01,1.169229798805444087e+00,-3.521773394051251893e-01,-8.316017945419494906e-01,-2.790244349465614282e-01,-8.078231342445260088e-01,-1.773242088314630704e+00,-1.202811734101178587e+00,7.508210002772911507e-01,-4.805784352658213909e-01,0.000000000000000000e+00,0.000000000000000000e+00,-2.392467030372219805e-01,-7.629130114959765674e-01,1.247180890325345903e-01,-1.210661840946073653e+00,-5.304378037521387812e-01,4.344875262335887722e-01,2.106027892979484673e+00,-3.774647335768301359e-01,1.696017942249628430e+00,-5.099556053266109945e-01,-2.472873054599261933e-01,9.137094037957288473e-01,-4.602362970513234064e-01,-5.183686688943279358e-02,-5.183686688943279358e-02,-7.051398600435393460e-01,-1.040941436780788015e-01,-2.030901712371240009e-02,-8.401389803667852485e-02,-3.271524934852403366e-01,-5.191945123345532709e-01,1.407679351095596942e+00,-5.752567881263277033e-02,-3.801429606348526863e-02,-1.147078669352808861e-01,-1.711160802546210780e-01,-7.340709118518067011e-02,-7.197411700355742237e-02,-1.244624194945742751e-01,-7.051263942166730025e-02,-2.872721242393142319e-02,-2.030901712371240009e-02,-2.019004323808653023e-01,-1.435916317235476011e-02,-1.435916317235476011e-02,-5.183686688943279358e-02,-3.801429606348527557e-02,-3.801429606348527557e-02,-1.558271304830920190e-01,-4.064318733121485144e-02,-8.148853797899899276e-02,-1.210011918676099085e-01,-5.569323991926412171e-02,-7.051263942166730025e-02,-4.979810447122927364e-02,-3.212131358814808435e-02,-2.030901712371240009e-02,-3.801429606348527557e-02,-6.749673070628271765e-02,-3.519076715388935045e-02,-1.435916317235476185e-02,-3.524455202264515918e-01,-3.753330286669139260e-01,-2.907009498669055336e-01,-4.311306135592269523e-02,-3.519076715388935045e-02,-3.801429606348527557e-02,-1.435916317235476011e-02,-1.286658602907498339e-01,-4.767312946227962589e-02,5.913962991410492975e-01,-2.487592975524973576e-02,-4.967123990818995694e-01,-1.786283982422259831e-01,-4.979810447122926670e-02,5.840947806181536750e-01,-2.030901712371240009e-02,-4.892821642774447533e-01,-1.767766952966368654e-01
7.387240822287176600e-01,-7.448690342834912714e-02,9.520848996778241702e-01,7.082331122151057645e-01,2.667840021487828395e+00,5.651910502027998051e-01,-4.966680157416004104e-01,6.573034482162921632e-01,-6.493539992246850634e-01,-3.636176791775609651e-02,8.414777418280475763e-01,1.862399238684066816e-01,-2.074573279649549740e-01,6.626120979219143337e-01,6.450939483302627897e-01,8.071898934976127205e-01,9.387628447616762351e-02,1.700906180656765354e+00,-7.996414139483429828e-01,8.015137498546251460e-02,-7.697096432631360674e-01,-3.138334775838059199e-01,9.797621531887313884e-01,-5.401800839482646666e-01,1.907717967987786201e-01,-1.205131474393191793e+00,9.828380220462961114e-01,-1.983785344183122967e-01,6.833264053610199618e-01,-6.273932619650074427e-01,-1.043887434287774418e+00,0.000000000000000000e+00,0.000000000000000000e+00,-1.012455068416011628e+00,-1.734114156426813935e-01,-4.719362008065465242e-01,-1.085617938686352701e+00,-6.013199957482376692e-03,-4.122754887853995465e-01,1.164017214678525258e+00,-3.774647335768301359e-01,1.696017942249628430e+00,-9.241704559171570743e-01,-7.167944361002790421e-01,-3.669621702617922865e-01,1.739375798511208382e+00,-5.183686688943279358e-02,-5.183686688943279358e-02,-7.051398600435393460e-01,-1.040941436780788015e-01,-2.030901712371240009e-02,-8.401389803667852485e-02,3.056678521220304923e+00,-5.191945123345532709e-01,-7.103890521813077674e-01,-5.752567881263277033e-02,-3.801429606348526863e-02,-1.147078669352808861e-01,-1.711160802546210780e-01,-7.340709118518067011e-02,-7.197411700355742237e-02,-1.244624194945742751e-01,-7.051263942166730025e-02,-2.872721242393142319e-02,-2.030901712371240009e-02,-2.019004323808653023e-01,-1.435916317235476011e-02,-1.435916317235476011e-02,-5.183686688943279358e-02,-3.801429606348527557e-02,-3.801429606348527557e-02,-1.558271304830920190e-01,-4.064318733121485144e-02,-8.148853797899899276e-02,-1.210011918676099085e-01,-5.569323991926412171e-02,-7.051263942166730025e-02,-4.979810447122927364e-02,-3.212131358814808435e-02,-2.030901712371240009e-02,-3.801429606348527557e-02,-6.749673070628271765e-02,-3.519076715388935045e-02,-1.435916317235476185e-02,-3.524455202264515918e-01,-3.753330286669139260e-01,-2.907009498669055336e-01,-4.311306135592269523e-02,-3.519076715388935045e-02,-3.801429606348527557e-02,-1.435916317235476011e-02,-1.286658602907498339e-01,-4.767312946227962589e-02,-1.690913523558418063e+00,-2.487592975524973576e-02,2.013237442528823973e+00,-1.786283982422259831e-01,-4.979810447122926670e-02,5.840947806181536750e-01,-2.030901712371240009e-02,-4.892821642774447533e-01,-1.767766952966368654e-01
7.342947344169033219e-02,3.280091053755272323e+00,-5.507016019503075954e-01,7.082331122151057645e-01,1.483889449827636708e+00,-3.313655423434322955e-01,-4.966680157416004104e-01,-4.963069089824175273e-01,5.181849722061777186e+00,-6.302706439077716549e-01,8.414777418280475763e-01,9.252135358773474483e-01,2.589719101409774238e-01,9.519273265777816739e-01,7.363472870101713808e-01,6.725028864716499355e-02,-6.959544865736890795e-01,6.633221216768130091e-02,2.281627785061550284e+00,-1.215060737811534786e+00,9.248938849348538049e-01,9.406936628861676253e-01,5.932481561306374163e-01,3.278066132611746832e-04,-1.810004182342134504e-01,-2.790244349465614282e-01,-8.078231342445260088e-01,1.258580796191650364e-01,7.810148348949189634e-01,-1.967013050142891462e-01,9.276940622890612609e-01,0.000000000000000000e+00,0.000000000000000000e+00,9.205658450309623930e-01,1.005591776063908815e+00,1.616353813630237335e+00,9.314515003827587014e-01,6.246324382363465100e-01,-8.356569962948936503e-01,-2.489988027729138353e-01,-3.774647335768301359e-01,-4.668062001933125371e-01,-7.170630306218840344e-01,-2.472873054599261933e-01,-3.669621702617922865e-01,1.739375798511208382e+00,-5.183686688943279358e-02,-5.183686688943279358e-02,-7.051398600435393460e-01,-1.040941436780788015e-01,-2.030901712371240009e-02,-8.401389803667852485e-02,-3.271524934852403366e-01,-5.191945123345532709e-01,1.407679351095596942e+00,-5.752567881263277033e-02,-3.801429606348526863e-02,-1.147078669352808861e-01,-1.711160802546210780e-01,-7.340709118518067011e-02,-7.197411700355742237e-02,-1.244624194945742751e-01,-7.051263942166730025e-02,-2.872721242393142319e-02,-2.030901712371240009e-02,-2.019004323808653023e-01,-1.435916317235476011e-02,-1.435916317235476011e-02,-5.183686688943279358e-02,-3.801429606348527557e-02,-3.801429606348527557e-02,-1.558271304830920190e-01,-4.064318733121485144e-02,-8.148853797899899276e-02,-1.210011918676099085e-01,-5.569323991926412171e-02,-7.051263942166730025e-02,-4.979810447122927364e-02,-3.212131358814808435e-02,-2.030901712371240009e-02,-3.801429606348527557e-02,-6.749673070628271765e-02,-3.519076715388935045e-02,-1.435916317235476185e-02,-3.524455202264515918e-01,-3.753330286669139260e-01,-2.907009498669055336e-01,-4.311306135592269523e-02,-3.519076715388935045e-02,-3.801429606348527557e-02,-1.435916317235476011e-02,-1.286658602907498339e-01,-4.767312946227962589e-02,5.913962991410492975e-01,-2.487592975524973576e-02,-4.967123990818995694e-01,-1.786283982422259831e-01,-4.979810447122926670e-02,5.840947806181536750e-01,-2.030901712371240009e-02,-4.892821642774447533e-01,-1.767766952966368654e-01
7.387240822287176600e-01,-5.537123258831522232e-01,-5.507016019503075954e-01,2.700485259130430471e+00,2.811349181689064114e+00,3.685207992263687338e+00,-4.966680157416004104e-01,-4.963069089824175273e-01,-6.623362709603883292e-02,-3.636176791775609651e-02,8.414777418280475763e-01,1.664187147886288409e+00,3.755792196674604400e-01,7.955407164935289765e-01,-2.674394384688225657e-01,-2.616117579530339854e-01,-2.446226174023423960e-01,6.633221216768130091e-02,3.503150831509637547e-02,1.124677272402395900e+00,9.248938849348538049e-01,2.947937087638125231e+00,-7.406040690110196056e-01,1.183178407697179413e+00,1.399031495656002821e+00,8.154657025812744875e-01,-2.482415229036441240e-01,4.037751773655741672e-01,3.526886438616704256e-01,1.655274109873799748e+00,9.276940622890612609e-01,0.000000000000000000e+00,0.000000000000000000e+00,9.205658450309623930e-01,1.889844169843851507e+00,1.616353813630237335e+00,-7.438749178508849980e-01,-8.804995774953234822e-01,1.110601872409461635e-02,-4.845014723481537167e-01,-3.774647335768301359e-01,-4.668062001933125371e-01,6.291352337973910025e-01,-1.421055132060808246e+00,-3.669621702617922865e-01,1.739375798511208382e+00,-5.183686688943279358e-02,-5.183686688943279358e-02,-7.051398600435393460e-01,-1.040941436780788015e-01,-2.030901712371240009e-02,-8.401389803667852485e-02,-3.271524934852403366e-01,-5.191945123345532709e-01,1.407679351095596942e+00,-5.752567881263277033e-02,-3.801429606348526863e-02,-1.147078669352808861e-01,-1.711160802546210780e-01,-7.340709118518067011e-02,-7.197411700355742237e-02,-1.244624194945742751e-01,-7.051263942166730025e-02,-2.872721242393142319e-02,-2.030901712371240009e-02,-2.019004323808653023e-01,-1.435916317235476011e-02,-1.435916317235476011e-02,-5.183686688943279358e-02,-3.801429606348527557e-02,-3.801429606348527557e-02,-1.558271304830920190e-01,-4.064318733121485144e-02,-8.148853797899899276e-02,-1.210011918676099085e-01,-5.569323991926412171e-02,-7.051263942166730025e-02,-4.979810447122927364e-02,-3.212131358814808435e-02,-2.030901712371240009e-02,-3.801429606348527557e-02,-6.749673070628271765e-02,-3.519076715388935045e-02,-1.435916317235476185e-02,-3.524455202264515918e-01,-3.753330286669139260e-01,-2.907009498669055336e-01,-4.311306135592269523e-02,-3.519076715388935045e-02,-3.801429606348527557e-02,-1.435916317235476011e-02,-1.286658602907498339e-01,-4.767312946227962589e-02,5.913962991410492975e-01,-2.487592975524973576e-02,-4.967123990818995694e-01,-1.786283982422259831e-01,-4.979810447122926670e-02,5.840947806181536750e-01,-2.030901712371240009e-02,-4.892821642774447533e-01,-1.767766952966368654e-01
2.397072455374374064e-02,-7.448690342834912714e-02,-5.507016019503075954e-01,-2.878929612425566442e-01,6.228344886202245023e-01,-1.161919601323366108e-01,5.905777172739697933e-01,-4.963069089824175273e-01,-6.623362709603883292e-02,-6.302706439077716549e-01,-8.049846723551776773e-01,1.171538073213661102e+00,6.243414799906246149e-01,2.325489201902198599e-01,2.800805936106286476e-01,-1.793962463029842302e-01,-3.574555846951790183e-01,-2.605825815301355264e-01,-1.088266630058130513e+00,-7.554693429480840994e-01,2.054629570400180238e+00,-6.292804948981121915e-02,2.450031083174420754e+00,-4.667287952252369143e-02,1.120202334381258824e+00,-2.383813160961630651e+00,-8.078231342445260088e-01,7.953856332809684793e-02,7.284133728382040651e-01,-1.015016023220653985e+00,2.195139310088455531e+00,0.000000000000000000e+00,0.000000000000000000e+00,1.307170027720357286e+00,1.005591776063908815e+00,7.213723788716157603e-01,5.399527906900197793e-01,-3.266804736153615107e-01,1.175405164375203482e+00,1.635022553829005076e+00,-3.774647335768301359e-01,-4.668062001933125371e-01,-1.234831593860066690e+00,-1.186301566740631808e+00,-3.669621702617922865e-01,-4.602362970513234064e-01,-5.183686688943279358e-02,-5.183686688943279358e-02,1.418158377741196352e+00,-1.040941436780788015e-01,-2.030901712371240009e-02,-8.401389803667852485e-02,-3.271524934852403366e-01,-5.191945123345532709e-01,-7.103890521813077674e-01,-5.752567881263277033e-02,-3.801429606348526863e-02,-1.147078669352808861e-01,-1.711160802546210780e-01,-7.340709118518067011e-02,-7.197411700355742237e-02,-1.244624194945742751e-01,-7.051263942166730025e-02,-2.872721242393142319e-02,-2.030901712371240009e-02,-2.019004323808653023e-01,-1.435916317235476011e-02,-1.435916317235476011e-02,-5.183686688943279358e-02,-3.801429606348527557e-02,-3.801429606348527557e-02,-1.558271304830920190e-01,-4.064318733121485144e-02,-8.148853797899899276e-02,-1.210011918676099085e-01,-5.569323991926412171e-02,-7.051263942166730025e-02,-4.979810447122927364e-02,-3.212131358814808435e-02,-2.030901712371240009e-02,-3.801429606348527557e-02,-6.749673070628271765e-02,-3.519076715388935045e-02,-1.435916317235476185e-02,-3.524455202264515918e-01,2.664300564093018409e+00,-2.907009498669055336e-01,-4.311306135592269523e-02,-3.519076715388935045e-02,-3.801429606348527557e-02,-1.435916317235476011e-02,-1.286658602907498339e-01,-4.767312946227962589e-02,5.913962991410492975e-01,-2.487592975524973576e-02,-4.967123990818995694e-01,-1.786283982422259831e-01,-4.979810447122926670e-02,5.840947806181536750e-01,-2.030901712371240009e-02,-4.892821642774447533e-01,-1.767766952966368654e-01
-2.476388596402639697e-01,-7.448690342834912714e-02,-4.977276807426366662e-02,7.082331122151057645e-01,-2.740977626374966336e-01,-7.258504430637744420e-01,-4.966680157416004104e-01,-4.963069089824175273e-01,-6.623362709603883292e-02,2.339273736042306151e+00,8.414777418280475763e-01,4.325644612047202520e-01,-9.071011851238531820e-01,-8.022429997828521564e-02,-1.761860997889140579e-01,7.249743818475629098e-01,-5.831215192808524295e-01,2.531406657092908907e-01,4.250655841391335343e-01,3.837033908878519084e-02,-6.362483984730694930e-02,-6.292804948981121915e-02,2.109101806493844308e-03,-9.083521253452455646e-01,-1.017487902058445526e+00,3.945079573782606652e-01,-6.959068119763496263e-01,6.353727588209151511e-01,1.592580249484231603e+00,4.062674347167165023e-01,-5.809668599935657873e-02,0.000000000000000000e+00,0.000000000000000000e+00,1.473574796521728292e-01,7.108409781372613256e-01,-4.719362008065465242e-01,1.138330417210359879e+00,2.404997666670121992e-01,-4.122754887853995465e-01,-9.555068114986333683e-01,-3.774647335768301359e-01,-4.668062001933125371e-01,-3.028481800313378436e-01,-2.472873054599261933e-01,-3.669621702617922865e-01,-4.602362970513234064e-01,-5.183686688943279358e-02,-5.183686688943279358e-02,-7.051398600435393460e-01,-1.040941436780788015e-01,-2.030901712371240009e-02,-8.401389803667852485e-02,-3.271524934852403366e-01,-5.191945123345532709e-01,1.407679351095596942e+00,-5.752567881263277033e-02,-3.801429606348526863e-02,-1.147078669352808861e-01,-1.711160802546210780e-01,-7.340709118518067011e-02,-7.197411700355742237e-02,-1.244624194945742751e-01,-7.051263942166730025e-02,-2.872721242393142319e-02,-2.030901712371240009e-02,-2.019004323808653023e-01,-1.435916317235476011e-02,-1.435916317235476011e-02,-5.183686688943279358e-02,-3.801429606348527557e-02,-3.801429606348527557e-02,-1.558271304830920190e-01,-4.064318733121485144e-02,-8.148853797899899276e-02,-1.210011918676099085e-01,-5.569323991926412171e-02,-7.051263942166730025e-02,-4.979810447122927364e-02,-3.212131358814808435e-02,-2.030901712371240009e-02,-3.801429606348527557e-02,-6.749673070628271765e-02,-3.519076715388935045e-02,-1.435916317235476185e-02,-3.524455202264515918e-01,-3.753330286669139260e-01,-2.907009498669055336e-01,-4.311306135592269523e-02,-3.519076715388935045e-02,-3.801429606348527557e-02,-1.435916317235476011e-02,-1.286658602907498339e-01,-4.767312946227962589e-02,-1.690913523558418063e+00,-2.487592975524973576e-02,2.013237442528823973e+00,-1.786283982422259831e-01,-4.979810447122926670e-02,5.840947806181536750e-01,-2.030901712371240009e-02,-4.892821642774447533e-01,-1.767766952966368654e-01
-6.671284488704731785e-01,-5.537123258831522232e-01,-5.507016019503075954e-01,-1.284019034700219164e+00,-6.687479531908938624e-01,-5.465391245545280219e-01,-4.966680157416004104e-01,-4.963069089824175273e-01,-6.493539992246850634e-01,-6.302706439077716549e-01,-6.783337174180065210e-01,-6.008461346790693741e-02,1.890075244250876974e-01,-4.008168506510030871e-01,9.757391625081156261e-02,7.249743818475629098e-01,-2.446226174023423960e-01,6.633221216768130091e-02,-1.989889371793257811e-01,7.486479493322998335e-01,-6.362483984730694930e-02,9.406936628861676253e-01,-1.081645831121102130e+00,9.638418723968501522e-01,1.120202334381258824e+00,2.261248592970551696e-01,-5.839904897081731328e-01,5.427337262387786909e-01,1.772928119392967572e+00,1.870620088349158827e+00,-5.809668599935657873e-02,0.000000000000000000e+00,0.000000000000000000e+00,1.473574796521728292e-01,4.160901802106137248e-01,4.230452339520751615e-01,1.281050682616742931e+00,1.382870731885632309e-01,-4.122754887853995465e-01,-4.845014723481537167e-01,9.257960654133498002e-01,-4.668062001933125371e-01,-3.028481800313378436e-01,-1.421055132060808246e+00,-3.669621702617922865e-01,-4.602362970513234064e-01,-5.183686688943279358e-02,-5.183686688943279358e-02,1.418158377741196352e+00,-1.040941436780788015e-01,-2.030901712371240009e-02,-8.401389803667852485e-02,-3.271524934852403366e-01,-5.191945123345532709e-01,-7.103890521813077674e-01,-5.752567881263277033e-02,-3.801429606348526863e-02,-1.147078669352808861e-01,-1.711160802546210780e-01,-7.340709118518067011e-02,-7.197411700355742237e-02,-1.244624194945742751e-01,-7.051263942166730025e-02,-2.872721242393142319e-02,-2.030901712371240009e-02,-2.019004323808653023e-01,-1.435916317235476011e-02,-1.435916317235476011e-02,-5.183686688943279358e-02,-3.801429606348527557e-02,-3.801429606348527557e-02,-1.558271304830920190e-01,-4.064318733121485144e-02,-8.148853797899899276e-02,-1.210011918676099085e-01,-5.569323991926412171e-02,-7.051263942166730025e-02,-4.979810447122927364e-02,-3.212131358814808435e-02,-2.030901712371240009e-02,-3.801429606348527557e-02,-6.749673070628271765e-02,-3.519076715388935045e-02,-1.435916317235476185e-02,2.837317947345407543e+00,-3.753330286669139260e-01,-2.907009498669055336e-01,-4.311306135592269523e-02,-3.519076715388935045e-02,-3.801429606348527557e-02,-1.435916317235476011e-02,-1.286658602907498339e-01,-4.767312946227962589e-02,5.913962991410492975e-01,-2.487592975524973576e-02,-4.967123990818995694e-01,-1.786283982422259831e-01,-4.979810447122926670e-02,-1.712050908829709783e+00,-2.030901712371240009e-02,-4.892821642774447533e-01,5.656854249492379694e+00
8.354911996181784151e-01,-5.537123258831522232e-01,-5.507016019503075954e-01,-1.284019034700219164e+00,-1.135152723844908840e+00,-1.048610816380417976e+00,-4.966680157416004104e-01,-4.963069089824175273e-01,-6.493539992246850634e-01,-6.302706439077716549e-01,-2.131804200268399896e+00,6.788889985410339056e-01,5.776985561800312974e-01,-5.650227912394683027e-01,9.757391625081156261e-02,-9.718073465293448898e-02,4.323751863546776431e-01,-7.743058287695619990e-01,3.470587689743260262e-01,-1.006155558328148070e+00,9.248938849348538049e-01,1.879773786041834815e-01,-1.949372496348871220e-01,1.178295219527231708e-01,2.235518979480235036e+00,-6.999821801495752505e-01,-8.078231342445260088e-01,-4.762956321647214275e-01,-8.646594780222983667e-01,1.310720544313225044e+00,9.276940622890612609e-01,0.000000000000000000e+00,0.000000000000000000e+00,9.205658450309623930e-01,1.300342573990556527e+00,7.213723788716157603e-01,2.390733480157198887e+00,2.104372097615860304e-01,-3.064301119080259928e-01,6.930118755280455511e-01,-3.774647335768301359e-01,-4.668062001933125371e-01,1.113666705592083056e-01,-4.820408707801026038e-01,-3.669621702617922865e-01,-4.602362970513234064e-01,-5.183686688943279358e-02,-5.183686688943279358e-02,1.418158377741196352e+00,-1.040941436780788015e-01,-2.030901712371240009e-02,-8.401389803667852485e-02,-3.271524934852403366e-01,-5.191945123345532709e-01,-7.103890521813077674e-01,-5.752567881263277033e-02,-3.801429606348526863e-02,-1.147078669352808861e-01,-1.711160802546210780e-01,-7.340709118518067011e-02,-7.197411700355742237e-02,-1.244624194945742751e-01,-7.051263942166730025e-02,-2.872721242393142319e-02,-2.030901712371240009e-02,-2.019004323808653023e-01,-1.435916317235476011e-02,-1.435916317235476011e-02,-5.183686688943279358e-02,-3.801429606348527557e-02,-3.801429606348527557e-02,-1.558271304830920190e-01,-4.064318733121485144e-02,-8.148853797899899276e-02,-1.210011918676099085e-01,-5.569323991926412171e-02,-7.051263942166730025e-02,-4.979810447122927364e-02,-3.212131358814808435e-02,-2.030901712371240009e-02,-3.801429606348527557e-02,-6.749673070628271765e-02,-3.519076715388935045e-02,-1.435916317235476185e-02,2.837317947345407543e+00,-3.753330286669139260e-01,-2.907009498669055336e-01,-4.311306135592269523e-02,-3.519076715388935045e-02,-3.801429606348527557e-02,-1.435916317235476011e-02,-1.286658602907498339e-01,-4.767312946227962589e-02,5.913962991410492975e-01,-2.487592975524973576e-02,-4.967123990818995694e-01,-1.786283982422259831e-01,-4.979810447122926670e-02,5.840947806181536750e-01,-2.030901712371240009e-02,-4.892821642774447533e-01,-1.767766952966368654e-01
2.815201292980007430e-01,-5.537123258831522232e-01,-5.507016019503075954e-01,7.082331122151057645e-01,-4.176069228387320198e-01,-7.617127067656237482e-01,-4.966680157416004104e-01,-4.963069089824175273e-01,-6.493539992246850634e-01,2.339273736042306151e+00,-7.567366895219695966e-01,1.417862610549974756e+00,-8.682320819483589913e-01,-1.042001951996438747e+00,-2.674394384688225657e-01,1.494658002972147348e-01,-8.087874538665257296e-01,-3.072846949155379481e-01,7.526942078313246798e-01,-5.883451993613747488e-01,3.600260422021904771e-01,1.191599090980162368e+00,-1.096803242770439279e+00,-1.221690032917144508e+00,-1.203374009574941672e+00,6.470826045000689364e-01,-8.078231342445260088e-01,7.280117914030515003e-01,1.021478661439900293e+00,6.646826088871474747e-01,3.643850632671082335e-01,0.000000000000000000e+00,0.000000000000000000e+00,5.339616623415676111e-01,7.108409781372613256e-01,1.247180890325345903e-01,-2.456633491616302956e-01,2.037566415603802028e-01,4.344875262335887722e-01,-2.489988027729138353e-01,-3.774647335768301359e-01,-4.668062001933125371e-01,1.113666705592083056e-01,-7.167944361002790421e-01,-3.669621702617922865e-01,-4.602362970513234064e-01,-5.183686688943279358e-02,-5.183686688943279358e-02,1.418158377741196352e+00,-1.040941436780788015e-01,-2.030901712371240009e-02,-8.401389803667852485e-02,-3.271524934852403366e-01,-5.191945123345532709e-01,-7.103890521813077674e-01,-5.752567881263277033e-02,-3.801429606348526863e-02,-1.147078669352808861e-01,-1.711160802546210780e-01,-7.340709118518067011e-02,-7.197411700355742237e-02,-1.244624194945742751e-01,-7.051263942166730025e-02,-2.872721242393142319e-02,-2.030901712371240009e-02,-2.019004323808653023e-01,-1.435916317235476011e-02,-1.435916317235476011e-02,-5.183686688943279358e-02,-3.801429606348527557e-02,-3.801429606348527557e-02,-1.558271304830920190e-01,-4.064318733121485144e-02,-8.148853797899899276e-02,-1.210011918676099085e-01,-5.569323991926412171e-02,-7.051263942166730025e-02,-4.979810447122927364e-02,-3.212131358814808435e-02,-2.030901712371240009e-02,-3.801429606348527557e-02,-6.749673070628271765e-02,-3.519076715388935045e-02,-1.435916317235476185e-02,-3.524455202264515918e-01,-3.753330286669139260e-01,-2.907009498669055336e-01,2.319482700948640641e+01,-3.519076715388935045e-02,-3.801429606348527557e-02,-1.435916317235476011e-02,-1.286658602907498339e-01,-4.767312946227962589e-02,5.913962991410492975e-01,-2.487592975524973576e-02,-4.967123990818995694e-01,-1.786283982422259831e-01,-4.979810447122926670e-02,-1.712050908829709783e+00,-2.030901712371240009e-02,2.043810449286999731e+00,-1.767766952966368654e-01
-9.355951694227718773e-01,-5.537123258831522232e-01,-5.507016019503075954e-01,-1.284019034700219164e+00,-8.122571133921292486e-01,-1.084473080082267282e+00,-4.966680157416004104e-01,-4.963069089824175273e-01,-6.493539992246850634e-01,-6.302706439077716549e-01,-1.504580423436694625e+00,1.664187147886288409e+00,9.974848704753700446e-01,-4.894697796143467755e-02,-8.493276110900550846e-02,-1.001551362803481560e+00,-5.831215192808524295e-01,1.373991386958948624e+00,-2.925971153770947630e-01,7.486479493322998335e-01,2.337063491766512069e+00,9.406936628861676253e-01,-6.609925061552258951e-02,-6.655152469770239110e-01,2.837148505570266099e-01,2.261248592970551696e-01,4.232564107054141989e-01,3.321904703702865946e-02,9.012467481674095726e-01,4.062674347167165023e-01,1.969815710479674520e+00,0.000000000000000000e+00,0.000000000000000000e+00,1.307170027720357286e+00,2.184594967770498997e+00,1.019699523791156359e+00,2.263610148659027932e-01,1.005424825705077962e+00,1.110601872409461635e-02,-1.349613319767399566e-02,9.257960654133498002e-01,-4.668062001933125371e-01,-9.574075473606477593e-02,9.264805211409559149e-01,-3.669621702617922865e-01,-4.602362970513234064e-01,-5.183686688943279358e-02,-5.183686688943279358e-02,1.418158377741196352e+00,-1.040941436780788015e-01,-2.030901712371240009e-02,-8.401389803667852485e-02,-3.271524934852403366e-01,-5.191945123345532709e-01,-7.103890521813077674e-01,-5.752567881263277033e-02,-3.801429606348526863e-02,-1.147078669352808861e-01,-1.711160802546210780e-01,-7.340709118518067011e-02,-7.197411700355742237e-02,8.034553755751097981e+00,-7.051263942166730025e-02,-2.872721242393142319e-02,-2.030901712371240009e-02,-2.019004323808653023e-01,-1.435916317235476011e-02,-1.435916317235476011e-02,-5.183686688943279358e-02,-3.801429606348527557e-02,-3.801429606348527557e-02,-1.558271304830920190e-01,-4.064318733121485144e-02,-8.148853797899899276e-02,-1.210011918676099085e-01,-5.569323991926412171e-02,-7.051263942166730025e-02,-4.979810447122927364e-02,-3.212131358814808435e-02,-2.030901712371240009e-02,-3.801429606348527557e-02,-6.749673070628271765e-02,-3.519076715388935045e-02,-1.435916317235476185e-02,-3.524455202264515918e-01,-3.753330286669139260e-01,-2.907009498669055336e-01,-4.311306135592269523e-02,-3.519076715388935045e-02,-3.801429606348527557e-02,-1.435916317235476011e-02,-1.286658602907498339e-01,-4.767312946227962589e-02,5.913962991410492975e-01,-2.487592975524973576e-02,-4.967123990818995694e-01,-1.786283982422259831e-01,-4.979810447122926670e-02,5.840947806181536750e-01,-2.030901712371240009e-02,-4.892821642774447533e-01,-1.767766952966368654e-01
-9.355951694227718773e-01,-5.537123258831522232e-01,3.456729069058043891e+00,7.082331122151057645e-01,-6.328706631405850436e-01,1.348438857806083802e-01,5.905777172739697933e-01,2.964524162613712210e+00,1.100007117161253767e+00,-6.302706439077716549e-01,-6.723027195638554554e-01,6.788889985410339056e-01,-2.307787898702514384e-01,-1.487703790736558451e+00,-8.493276110900550846e-02,-1.577059944353829790e+00,5.452081536475141821e-01,1.000374479875729250e+00,1.501559633413475980e+00,-2.384929742918500128e+00,3.600260422021904771e-01,6.897882347921728829e-01,-7.936550097836990725e-01,-1.041520736063302754e+00,1.907717967987786201e-01,1.419333102564523941e-01,7.590053775099431244e-01,5.427337262387786909e-01,-5.039637382048260950e-01,-2.828396964044327944e-01,3.643850632671082335e-01,0.000000000000000000e+00,0.000000000000000000e+00,5.339616623415676111e-01,-4.681622135693289666e-01,1.318026668710696736e+00,4.037793264490671108e-01,3.941466381071716263e-02,-1.364883880681761363e+00,-1.191009481073873166e+00,-3.774647335768301359e-01,-4.668062001933125371e-01,3.184740958544813871e-01,2.222198251804266556e-01,-3.669621702617922865e-01,-4.602362970513234064e-01,-5.183686688943279358e-02,-5.183686688943279358e-02,-7.051398600435393460e-01,-1.040941436780788015e-01,-2.030901712371240009e-02,-8.401389803667852485e-02,-3.271524934852403366e-01,1.926060419058570616e+00,-7.103890521813077674e-01,-5.752567881263277033e-02,-3.801429606348526863e-02,-1.147078669352808861e-01,-1.711160802546210780e-01,-7.340709118518067011e-02,-7.197411700355742237e-02,-1.244624194945742751e-01,-7.051263942166730025e-02,-2.872721242393142319e-02,-2.030901712371240009e-02,-2.019004323808653023e-01,-1.435916317235476011e-02,-1.435916317235476011e-02,-5.183686688943279358e-02,-3.801429606348527557e-02,-3.801429606348527557e-02,-1.558271304830920190e-01,-4.064318733121485144e-02,-8.148853797899899276e-02,-1.210011918676099085e-01,-5.569323991926412171e-02,-7.051263942166730025e-02,-4.979810447122927364e-02,-3.212131358814808435e-02,-2.030901712371240009e-02,-3.801429606348527557e-02,-6.749673070628271765e-02,-3.519076715388935045e-02,-1.435916317235476185e-02,-3.524455202264515918e-01,-3.753330286669139260e-01,-2.907009498669055336e-01,-4.311306135592269523e-02,-3.519076715388935045e-02,-3.801429606348527557e-02,-1.435916317235476011e-02,7.772069434271623223e+00,-4.767312946227962589e-02,-1.690913523558418063e+00,-2.487592975524973576e-02,2.013237442528823973e+00,-1.786283982422259831e-01,-4.979810447122926670e-02,-1.712050908829709783e+00,-2.030901712371240009e-02,2.043810449286999731e+00,-1.767766952966368654e-01
2.590238421783996325e-01,2.800865631300469172e+00,-5.507016019503075954e-01,7.082331122151057645e-01,1.412134869727019071e+00,2.424306768861562156e-01,-4.966680157416004104e-01,2.964524162613712210e+00,2.849368233547192375e+00,-6.302706439077716549e-01,8.414777418280475763e-01,-5.527336881405341407e-01,-5.417316152742062130e-01,5.062254878376619693e-01,-5.411994545085482278e-01,1.494658002972147348e-01,-2.446226174023423960e-01,3.465448924800957342e-01,4.250655841391335343e-01,-2.123158762912787934e-01,-4.872757218968044035e-01,-3.138334775838059199e-01,5.098823920592839842e-01,-7.516831715592964258e-01,-2.739434719924614403e-01,6.470826045000689364e-01,7.590053775099431244e-01,-1.773242088314630704e+00,-1.202811734101178587e+00,-1.316500393086156739e+00,-4.805784352658213909e-01,0.000000000000000000e+00,0.000000000000000000e+00,-2.392467030372219805e-01,-4.681622135693289666e-01,-1.736090558870059808e-01,-1.541929979916852878e+00,-8.551134183307413927e-01,3.286421493562152185e-01,-4.845014723481537167e-01,9.257960654133498002e-01,1.696017942249628430e+00,3.184740958544813871e-01,1.161234086461132353e+00,-3.669621702617922865e-01,-4.602362970513234064e-01,-5.183686688943279358e-02,-5.183686688943279358e-02,-7.051398600435393460e-01,-1.040941436780788015e-01,-2.030901712371240009e-02,-8.401389803667852485e-02,-3.271524934852403366e-01,-5.191945123345532709e-01,1.407679351095596942e+00,-5.752567881263277033e-02,-3.801429606348526863e-02,-1.147078669352808861e-01,-1.711160802546210780e-01,-7.340709118518067011e-02,-7.197411700355742237e-02,-1.244624194945742751e-01,-7.051263942166730025e-02,-2.872721242393142319e-02,-2.030901712371240009e-02,-2.019004323808653023e-01,-1.435916317235476011e-02,-1.435916317235476011e-02,-5.183686688943279358e-02,-3.801429606348527557e-02,-3.801429606348527557e-02,-1.558271304830920190e-01,-4.064318733121485144e-02,-8.148853797899899276e-02,-1.210011918676099085e-01,-5.569323991926412171e-02,-7.051263942166730025e-02,-4.979810447122927364e-02,-3.212131358814808435e-02,-2.030901712371240009e-02,-3.801429606348527557e-02,-6.749673070628271765e-02,-3.519076715388935045e-02,-1.435916317235476185e-02,-3.524455202264515918e-01,-3.753330286669139260e-01,-2.907009498669055336e-01,-4.311306135592269523e-02,-3.519076715388935045e-02,-3.801429606348527557e-02,-1.435916317235476011e-02,-1.286658602907498339e-01,-4.767312946227962589e-02,5.913962991410492975e-01,-2.487592975524973576e-02,-4.967123990818995694e-01,-1.786283982422259831e-01,-4.979810447122926670e-02,5.840947806181536750e-01,-2.030901712371240009e-02,-4.892821642774447533e-01,-1.767766952966368654e-01
-1.660438773526390355e+00,-5.537123258831522232e-01,9.520848996778241702e-01,-1.284019034700219164e+00,-1.063398143744291202e+00,-1.048610816380417976e+00,-4.966680157416004104e-01,6.573034482162921632e-01,-6.493539992246850634e-01,-3.636176791775609651e-02,4.313698877457791681e-01,-6.008461346790693741e-02,3.211624752217684398e-01,-6.275774352731693373e-01,-8.149594705482737789e-01,-1.823706479303979000e+00,1.786370793868717222e+00,1.514097727115155889e+00,2.534505907765572386e-01,-1.716433168571662726e+00,3.600260422021904771e-01,4.388828066981781961e-01,-7.860763039590304979e-01,-1.394025882081688872e+00,-2.739434719924614403e-01,5.774176121584963933e-02,4.232564107054141989e-01,-1.310046925403953073e-02,1.723407739529344840e-01,-1.187292806000941336e+00,3.643850632671082335e-01,0.000000000000000000e+00,0.000000000000000000e+00,5.339616623415676111e-01,-7.629130114959765674e-01,7.213723788716157603e-01,1.005430353552122513e+00,-1.148390362363676642e+00,-3.064301119080259928e-01,4.575092059528056976e-01,9.257960654133498002e-01,-4.668062001933125371e-01,7.256572843246129167e+00,3.274016174342720298e+00,6.036395700025813049e+00,1.739375798511208382e+00,-5.183686688943279358e-02,-5.183686688943279358e-02,-7.051398600435393460e-01,-1.040941436780788015e-01,-2.030901712371240009e-02,-8.401389803667852485e-02,-3.271524934852403366e-01,1.926060419058570616e+00,-7.103890521813077674e-01,-5.752567881263277033e-02,-3.801429606348526863e-02,-1.147078669352808861e-01,5.843986132174123327e+00,-7.340709118518067011e-02,-7.197411700355742237e-02,-1.244624194945742751e-01,-7.051263942166730025e-02,-2.872721242393142319e-02,-2.030901712371240009e-02,-2.019004323808653023e-01,-1.435916317235476011e-02,-1.435916317235476011e-02,-5.183686688943279358e-02,-3.801429606348527557e-02,-3.801429606348527557e-02,-1.558271304830920190e-01,-4.064318733121485144e-02,-8.148853797899899276e-02,-1.210011918676099085e-01,-5.569323991926412171e-02,-7.051263942166730025e-02,-4.979810447122927364e-02,-3.212131358814808435e-02,-2.030901712371240009e-02,-3.801429606348527557e-02,-6.749673070628271765e-02,-3.519076715388935045e-02,-1.435916317235476185e-02,-3.524455202264515918e-01,-3.753330286669139260e-01,-2.907009498669055336e-01,-4.311306135592269523e-02,-3.519076715388935045e-02,-3.801429606348527557e-02,-1.435916317235476011e-02,-1.286658602907498339e-01,-4.767312946227962589e-02,5.913962991410492975e-01,-2.487592975524973576e-02,-4.967123990818995694e-01,-1.786283982422259831e-01,-4.979810447122926670e-02,5.840947806181536750e-01,-2.030901712371240009e-02,-4.892821642774447533e-01,-1.767766952966368654e-01
-3.346465583528389076e-01,-5.537123258831522232e-01,-5.507016019503075954e-01,-1.284019034700219164e+00,-3.458523427381143267e-01,-8.334372341693222497e-01,-4.966680157416004104e-01,-4.963069089824175273e-01,-6.493539992246850634e-01,-6.302706439077716549e-01,3.167809285169097544e-01,6.788889985410339056e-01,-3.784813819371299348e-01,4.123935217871103065e-01,6.320577570903027943e-03,4.783278468974136999e-01,-8.087874538665257296e-01,2.998427790946933125e-01,-9.322529997285158299e-01,8.739910570223318187e-01,-6.362483984730694930e-02,-6.292804948981121915e-02,1.055549211435416135e+00,3.278066132611746832e-04,3.766579043152746276e-01,-1.457706121515000008e+00,-8.078231342445260088e-01,2.858709540792188086e+00,-6.166811568977861313e-01,1.870620088349158827e+00,-5.809668599935657873e-02,0.000000000000000000e+00,0.000000000000000000e+00,1.473574796521728292e-01,4.160901802106137248e-01,7.213723788716157603e-01,-1.945983000712730449e-01,3.487249715265464123e-01,-4.122754887853995465e-01,-7.200041419233935702e-01,9.257960654133498002e-01,-4.668062001933125371e-01,-1.131277881212430225e+00,-9.515480014204554804e-01,-3.669621702617922865e-01,-4.602362970513234064e-01,-5.183686688943279358e-02,-5.183686688943279358e-02,1.418158377741196352e+00,-1.040941436780788015e-01,-2.030901712371240009e-02,-8.401389803667852485e-02,-3.271524934852403366e-01,-5.191945123345532709e-01,-7.103890521813077674e-01,-5.752567881263277033e-02,-3.801429606348526863e-02,-1.147078669352808861e-01,-1.711160802546210780e-01,-7.340709118518067011e-02,-7.197411700355742237e-02,-1.244624194945742751e-01,-7.051263942166730025e-02,-2.872721242393142319e-02,-2.030901712371240009e-02,-2.019004323808653023e-01,-1.435916317235476011e-02,-1.435916317235476011e-02,-5.183686688943279358e-02,-3.801429606348527557e-02,-3.801429606348527557e-02,6.417367738851512016e+00,-4.064318733121485144e-02,-8.148853797899899276e-02,-1.210011918676099085e-01,-5.569323991926412171e-02,-7.051263942166730025e-02,-4.979810447122927364e-02,-3.212131358814808435e-02,-2.030901712371240009e-02,-3.801429606348527557e-02,-6.749673070628271765e-02,-3.519076715388935045e-02,-1.435916317235476185e-02,-3.524455202264515918e-01,-3.753330286669139260e-01,-2.907009498669055336e-01,-4.311306135592269523e-02,-3.519076715388935045e-02,-3.801429606348527557e-02,-1.435916317235476011e-02,-1.286658602907498339e-01,-4.767312946227962589e-02,5.913962991410492975e-01,-2.487592975524973576e-02,-4.967123990818995694e-01,-1.786283982422259831e-01,-4.979810447122926670e-02,5.840947806181536750e-01,-2.030901712371240009e-02,-4.892821642774447533e-01,-1.767766952966368654e-01
-1.056347298814748425e+00,-5.537123258831522232e-01,9.520848996778241702e-01,7.082331122151057645e-01,-4.893615029393497129e-01,7.086401050101969190e-01,-4.966680157416004104e-01,-4.963069089824175273e-01,-6.493539992246850634e-01,2.339273736042306151e+00,8.414777418280475763e-01,1.862399238684066816e-01,2.434242688707796698e-01,-1.511161782249196284e+00,-1.088719486587999441e+00,1.494658002972147348e-01,9.387628447616762351e-02,-1.801752323248414722e+00,-1.236479578871264806e+00,-1.799995240365017457e+00,-6.362483984730694930e-02,-3.138334775838059199e-01,-6.496595991149974880e-01,6.505039648249509865e-01,-8.805736447596543282e-02,6.470826045000689364e-01,1.994237661690613783e-01,4.500946936566423418e-01,6.983553945200813295e-01,2.770598476315010439e-01,-5.809668599935657873e-02,0.000000000000000000e+00,0.000000000000000000e+00,1.473574796521728292e-01,1.213393822839661657e-01,-4.719362008065465242e-01,-6.797162664296669821e-01,-4.803335422430952129e-01,-9.415023731722672595e-01,-9.555068114986333683e-01,-3.774647335768301359e-01,-4.668062001933125371e-01,1.113666705592083056e-01,4.569733905006030938e-01,-3.669621702617922865e-01,-4.602362970513234064e-01,-5.183686688943279358e-02,-5.183686688943279358e-02,-7.051398600435393460e-01,-1.040941436780788015e-01,-2.030901712371240009e-02,-8.401389803667852485e-02,-3.271524934852403366e-01,-5.191945123345532709e-01,1.407679351095596942e+00,-5.752567881263277033e-02,-3.801429606348526863e-02,-1.147078669352808861e-01,-1.711160802546210780e-01,-7.340709118518067011e-02,-7.197411700355742237e-02,-1.244624194945742751e-01,-7.051263942166730025e-02,-2.872721242393142319e-02,-2.030901712371240009e-02,-2.019004323808653023e-01,-1.435916317235476011e-02,-1.435916317235476011e-02,-5.183686688943279358e-02,-3.801429606348527557e-02,-3.801429606348527557e-02,-1.558271304830920190e-01,-4.064318733121485144e-02,-8.148853797899899276e-02,-1.210011918676099085e-01,-5.569323991926412171e-02,-7.051263942166730025e-02,-4.979810447122927364e-02,-3.212131358814808435e-02,-2.030901712371240009e-02,-3.801429606348527557e-02,-6.749673070628271765e-02,-3.519076715388935045e-02,-1.435916317235476185e-02,-3.524455202264515918e-01,-3.753330286669139260e-01,-2.907009498669055336e-01,-4.311306135592269523e-02,-3.519076715388935045e-02,-3.801429606348527557e-02,-1.435916317235476011e-02,-1.286658602907498339e-01,-4.767312946227962589e-02,5.913962991410492975e-01,-2.487592975524973576e-02,-4.967123990818995694e-01,-1.786283982422259831e-01,-4.979810447122926670e-02,-1.712050908829709783e+00,-2.030901712371240009e-02,2.043810449286999731e+00,-1.767766952966368654e-01
-2.267967112794570250e-01,-5.537123258831522232e-01,2.955800235181999636e+00,-2.878929612425566442e-01,-3.458523427381143267e-01,2.065684131843069371e-01,1.677823450289539942e+00,6.573034482162921632e-01,-6.493539992246850634e-01,1.151455984062275117e+00,-7.523393200290572069e-02,-5.527336881405341407e-01,-3.240646374914379901e-01,1.778136066607315935e-01,-4.499461158286396367e-01,3.961123352473639447e-01,8.837070555260241322e-01,1.000374479875729250e+00,-1.911882556628450303e-01,-1.131498666018180055e+00,-4.872757218968044035e-01,1.879773786041834815e-01,7.827158017473496709e-01,9.638418723968501522e-01,5.625440118317706073e-01,-2.644978782475312235e-02,7.590053775099431244e-01,-1.520590181272440944e-01,-2.334419333417218634e-01,6.646826088871474747e-01,-4.805784352658213909e-01,0.000000000000000000e+00,0.000000000000000000e+00,-2.392467030372219805e-01,-4.681622135693289666e-01,7.213723788716157603e-01,-8.119616499713613322e-01,-4.703126899412864992e-01,-6.239662425401465429e-01,-7.200041419233935702e-01,-3.774647335768301359e-01,-4.668062001933125371e-01,1.768226072921393000e+00,9.264805211409559149e-01,-3.669621702617922865e-01,1.739375798511208382e+00,-5.183686688943279358e-02,-5.183686688943279358e-02,-7.051398600435393460e-01,-1.040941436780788015e-01,-2.030901712371240009e-02,-8.401389803667852485e-02,-3.271524934852403366e-01,1.926060419058570616e+00,-7.103890521813077674e-01,-5.752567881263277033e-02,-3.801429606348526863e-02,-1.147078669352808861e-01,-1.711160802546210780e-01,-7.340709118518067011e-02,-7.197411700355742237e-02,-1.244624194945742751e-01,-7.051263942166730025e-02,-2.872721242393142319e-02,-2.030901712371240009e-02,-2.019004323808653023e-01,-1.435916317235476011e-02,-1.435916317235476011e-02,-5.183686688943279358e-02,-3.801429606348527557e-02,-3.801429606348527557e-02,-1.558271304830920190e-01,-4.064318733121485144e-02,-8.148853797899899276e-02,-1.210011918676099085e-01,-5.569323991926412171e-02,-7.051263942166730025e-02,-4.979810447122927364e-02,-3.212131358814808435e-02,-2.030901712371240009e-02,-3.801429606348527557e-02,-6.749673070628271765e-02,-3.519076715388935045e-02,-1.435916317235476185e-02,-3.524455202264515918e-01,-3.753330286669139260e-01,3.439961240091715222e+00,-4.311306135592269523e-02,-3.519076715388935045e-02,-3.801429606348527557e-02,-1.435916317235476011e-02,-1.286658602907498339e-01,-4.767312946227962589e-02,5.913962991410492975e-01,-2.487592975524973576e-02,-4.967123990818995694e-01,-1.786283982422259831e-01,-4.979810447122926670e-02,5.840947806181536750e-01,-2.030901712371240009e-02,-4.892821642774447533e-01,-1.767766952966368654e-01
-5.678801233428211193e-01,1.842414786390863091e+00,-5.507016019503075954e-01,-2.878929612425566442e-01,1.268625709525783574e+00,-5.465391245545280219e-01,-4.966680157416004104e-01,-4.963069089824175273e-01,1.683127489289899970e+00,-6.302706439077716549e-01,3.831219049125710319e-01,-1.045382762813161337e+00,1.075223076826359092e+00,3.508848401455311627e+00,1.010107303049897043e+00,4.783278468974136999e-01,-8.087874538665257296e-01,6.633221216768130091e-02,1.462556225831072476e+00,7.486479493322998335e-01,-4.872757218968044035e-01,1.879773786041834815e-01,2.237827320083703331e+00,-4.667287952252369143e-02,-1.203374009574941672e+00,-5.315990820683696993e-01,-8.078231342445260088e-01,-1.773242088314630704e+00,-1.202811734101178587e+00,-8.858084361354384706e-01,-4.805784352658213909e-01,0.000000000000000000e+00,0.000000000000000000e+00,-6.258508857266168457e-01,-4.681622135693289666e-01,-1.736090558870059808e-01,-2.378071877631137976e-01,6.640477906234608652e-01,-4.122754887853995465e-01,-9.555068114986333683e-01,-3.774647335768301359e-01,-4.668062001933125371e-01,-1.027724168564793761e+00,-9.515480014204554804e-01,-3.669621702617922865e-01,-4.602362970513234064e-01,-5.183686688943279358e-02,-5.183686688943279358e-02,1.418158377741196352e+00,-1.040941436780788015e-01,-2.030901712371240009e-02,-8.401389803667852485e-02,-3.271524934852403366e-01,-5.191945123345532709e-01,-7.103890521813077674e-01,-5.752567881263277033e-02,-3.801429606348526863e-02,-1.147078669352808861e-01,-1.711160802546210780e-01,-7.340709118518067011e-02,-7.197411700355742237e-02,-1.244624194945742751e-01,-7.051263942166730025e-02,-2.872721242393142319e-02,-2.030901712371240009e-02,-2.019004323808653023e-01,-1.435916317235476011e-02,-1.435916317235476011e-02,-5.183686688943279358e-02,-3.801429606348527557e-02,-3.801429606348527557e-02,-1.558271304830920190e-01,-4.064318733121485144e-02,-8.148853797899899276e-02,-1.210011918676099085e-01,-5.569323991926412171e-02,-7.051263942166730025e-02,-4.979810447122927364e-02,-3.212131358814808435e-02,-2.030901712371240009e-02,-3.801429606348527557e-02,-6.749673070628271765e-02,-3.519076715388935045e-02,-1.435916317235476185e-02,-3.524455202264515918e-01,2.664300564093018409e+00,-2.907009498669055336e-01,-4.311306135592269523e-02,-3.519076715388935045e-02,-3.801429606348527557e-02,-1.435916317235476011e-02,-1.286658602907498339e-01,-4.767312946227962589e-02,5.913962991410492975e-01,-2.487592975524973576e-02,-4.967123990818995694e-01,-1.786283982422259831e-01,-4.979810447122926670e-02,5.840947806181536750e-01,-2.030901712371240009e-02,-4.892821642774447533e-01,-1.767766952966368654e-01
2.836705096844331919e-01,-5.537123258831522232e-01,-4.977276807426366662e-02,7.082331122151057645e-01,-9.471131238595241475e-02,5.293287865009504989e-01,-4.966680157416004104e-01,-4.963069089824175273e-01,-6.493539992246850634e-01,2.933182612032321668e+00,8.414777418280475763e-01,-6.008461346790693741e-02,1.417271184770709125e+00,-9.168926639290365666e-01,2.800805936106286476e-01,-7.549048278533324607e-01,-8.087874538665257296e-01,6.633221216768130091e-02,-8.074420954648238169e-01,-1.967119383951726697e+00,-1.052143564629467676e+00,-5.647389056778006067e-01,6.084055677799744544e-01,6.348370694463559838e-01,-5.527726332672054932e-01,3.103164083376579452e-01,-1.363252006354677692e-01,3.111361447834378180e-01,-1.056955254897004731e-01,1.482997327093512396e+00,-1.043887434287774418e+00,0.000000000000000000e+00,0.000000000000000000e+00,-1.012455068416011628e+00,-1.057663809422624057e+00,-1.366917635565168210e+00,-1.259722767230743792e-02,-1.333442101537077873e+00,-9.473935815327891308e-02,2.220065363775658440e-01,-3.774647335768301359e-01,-4.668062001933125371e-01,1.871779785569029464e+00,2.222198251804266556e-01,-3.669621702617922865e-01,1.739375798511208382e+00,-5.183686688943279358e-02,-5.183686688943279358e-02,-7.051398600435393460e-01,-1.040941436780788015e-01,-2.030901712371240009e-02,-8.401389803667852485e-02,-3.271524934852403366e-01,-5.191945123345532709e-01,1.407679351095596942e+00,-5.752567881263277033e-02,-3.801429606348526863e-02,-1.147078669352808861e-01,-1.711160802546210780e-01,-7.340709118518067011e-02,-7.197411700355742237e-02,-1.244624194945742751e-01,-7.051263942166730025e-02,-2.872721242393142319e-02,-2.030901712371240009e-02,-2.019004323808653023e-01,-1.435916317235476011e-02,-1.435916317235476011e-02,-5.183686688943279358e-02,-3.801429606348527557e-02,-3.801429606348527557e-02,-1.558271304830920190e-01,-4.064318733121485144e-02,-8.148853797899899276e-02,-1.210011918676099085e-01,-5.569323991926412171e-02,-7.051263942166730025e-02,-4.979810447122927364e-02,-3.212131358814808435e-02,-2.030901712371240009e-02,-3.801429606348527557e-02,-6.749673070628271765e-02,-3.519076715388935045e-02,-1.435916317235476185e-02,-3.524455202264515918e-01,-3.753330286669139260e-01,-2.907009498669055336e-01,-4.311306135592269523e-02,-3.519076715388935045e-02,-3.801429606348527557e-02,-1.435916317235476011e-02,-1.286658602907498339e-01,-4.767312946227962589e-02,5.913962991410492975e-01,-2.487592975524973576e-02,-4.967123990818995694e-01,-1.786283982422259831e-01,-4.979810447122926670e-02,5.840947806181536750e-01,-2.030901712371240009e-02,-4.892821642774447533e-01,-1.767766952966368654e-01
6.384832734457891457e-01,1.363189363936059939e+00,-5.507016019503075954e-01,7.082331122151057645e-01,2.596085441387210757e+00,-1.520542238341859032e-01,-4.966680157416004104e-01,1.810913805415002020e+00,3.432488605675838578e+00,-6.302706439077716549e-01,8.414777418280475763e-01,-3.064091508042205425e-01,-1.530405835192626407e-01,2.872842337197081264e-01,-4.499461158286396367e-01,-9.718073465293448898e-02,6.580411209403509432e-01,-1.671783547593307107e-01,8.541030675455746346e-01,-3.410696807892142027e-03,-7.697096432631360674e-01,-6.292804948981121915e-02,3.507295697412453617e-01,-6.655152469770239110e-01,-1.810004182342134504e-01,-6.157906311089724749e-01,1.766252277923530567e+00,-1.983785344183122967e-01,1.723407739529344840e-01,-9.288776318305103086e-01,-7.622329347767978769e-01,0.000000000000000000e+00,0.000000000000000000e+00,-6.258508857266168457e-01,-1.734114156426813935e-01,1.247180890325345903e-01,4.803769000846029869e-01,2.518567326090620506e-01,7.520236568657093779e-01,-1.349613319767399566e-02,-3.774647335768301359e-01,-4.668062001933125371e-01,-9.574075473606477593e-02,-7.167944361002790421e-01,-3.669621702617922865e-01,-4.602362970513234064e-01,-5.183686688943279358e-02,-5.183686688943279358e-02,-7.051398600435393460e-01,-1.040941436780788015e-01,-2.030901712371240009e-02,-8.401389803667852485e-02,-3.271524934852403366e-01,-5.191945123345532709e-01,1.407679351095596942e+00,-5.752567881263277033e-02,-3.801429606348526863e-02,-1.147078669352808861e-01,-1.711160802546210780e-01,-7.340709118518067011e-02,-7.197411700355742237e-02,-1.244624194945742751e-01,-7.051263942166730025e-02,-2.872721242393142319e-02,-2.030901712371240009e-02,-2.019004323808653023e-01,-1.435916317235476011e-02,-1.435916317235476011e-02,-5.183686688943279358e-02,-3.801429606348527557e-02,-3.801429606348527557e-02,-1.558271304830920190e-01,-4.064318733121485144e-02,-8.148853797899899276e-02,-1.210011918676099085e-01,-5.569323991926412171e-02,-7.051263942166730025e-02,-4.979810447122927364e-02,-3.212131358814808435e-02,-2.030901712371240009e-02,-3.801429606348527557e-02,-6.749673070628271765e-02,-3.519076715388935045e-02,-1.435916317235476185e-02,-3.524455202264515918e-01,-3.753330286669139260e-01,-2.907009498669055336e-01,-4.311306135592269523e-02,-3.519076715388935045e-02,-3.801429606348527557e-02,-1.435916317235476011e-02,-1.286658602907498339e-01,-4.767312946227962589e-02,5.913962991410492975e-01,-2.487592975524973576e-02,-4.967123990818995694e-01,-1.786283982422259831e-01,-4.979810447122926670e-02,5.840947806181536750e-01,-2.030901712371240009e-02,-4.892821642774447533e-01,-1.767766952966368654e-01
7.094458261980604030e-01,-5.537123258831522232e-01,2.955800235181999636e+00,7.082331122151057645e-01,-2.295673228533472165e-02,2.725709467506052044e-02,1.677823450289539942e+00,6.573034482162921632e-01,1.100007117161253767e+00,5.575471080722594897e-01,8.414777418280475763e-01,-5.527336881405341407e-01,-1.841358660596581487e-01,-2.131529185498998447e-01,-2.674394384688225657e-01,8.894054051476624201e-01,7.708740882331873712e-01,4.399491192509005222e-01,1.162946376565429998e-02,-4.212210557746654538e-01,-6.362483984730694930e-02,1.191599090980162368e+00,-5.587151292189753704e-01,-4.775125024338848223e-01,-4.598295795089574756e-01,-2.644978782475312235e-02,-1.363252006354677692e-01,5.427337262387786909e-01,-4.062753086709273154e-01,1.909214562413573679e-01,-5.809668599935657873e-02,0.000000000000000000e+00,0.000000000000000000e+00,1.473574796521728292e-01,-1.734114156426813935e-01,7.213723788716157603e-01,1.193978227116518465e+00,-1.990816209723304253e-01,2.227967724788416926e-01,4.575092059528056976e-01,-3.774647335768301359e-01,1.696017942249628430e+00,-3.028481800313378436e-01,-2.472873054599261933e-01,-3.669621702617922865e-01,-4.602362970513234064e-01,-5.183686688943279358e-02,-5.183686688943279358e-02,-7.051398600435393460e-01,-1.040941436780788015e-01,-2.030901712371240009e-02,-8.401389803667852485e-02,-3.271524934852403366e-01,-5.191945123345532709e-01,1.407679351095596942e+00,-5.752567881263277033e-02,-3.801429606348526863e-02,-1.147078669352808861e-01,-1.711160802546210780e-01,-7.340709118518067011e-02,-7.197411700355742237e-02,-1.244624194945742751e-01,-7.051263942166730025e-02,-2.872721242393142319e-02,-2.030901712371240009e-02,-2.019004323808653023e-01,-1.435916317235476011e-02,-1.435916317235476011e-02,-5.183686688943279358e-02,-3.801429606348527557e-02,-3.801429606348527557e-02,-1.558271304830920190e-01,-4.064318733121485144e-02,-8.148853797899899276e-02,-1.210011918676099085e-01,-5.569323991926412171e-02,-7.051263942166730025e-02,-4.979810447122927364e-02,-3.212131358814808435e-02,-2.030901712371240009e-02,-3.801429606348527557e-02,-6.749673070628271765e-02,-3.519076715388935045e-02,-1.435916317235476185e-02,-3.524455202264515918e-01,-3.753330286669139260e-01,-2.907009498669055336e-01,-4.311306135592269523e-02,-3.519076715388935045e-02,-3.801429606348527557e-02,-1.435916317235476011e-02,-1.286658602907498339e-01,-4.767312946227962589e-02,-1.690913523558418063e+00,-2.487592975524973576e-02,2.013237442528823973e+00,-1.786283982422259831e-01,-4.979810447122926670e-02,5.840947806181536750e-01,-2.030901712371240009e-02,-4.892821642774447533e-01,-1.767766952966368654e-01
-9.822418824207683752e-01,-5.537123258831522232e-01,9.520848996778241702e-01,-1.284019034700219164e+00,-1.099275433794600021e+00,-7.258504430637744420e-01,5.905777172739697933e-01,-4.963069089824175273e-01,-6.493539992246850634e-01,-6.302706439077716549e-01,-1.432208449186882726e+00,-6.008461346790693741e-02,-2.353031823252243360e+00,-2.340010815695734880e+00,-3.826319646985255396e+00,-4.454602852105570499e+00,-8.087874538665257296e-01,-1.801752323248414722e+00,-1.236479578871264806e+00,-2.384929742918500128e+00,-6.362483984730694930e-02,-6.292804948981121915e-02,-2.294238763068062958e+00,-2.326206157108087869e+00,-3.898722568564133795e+00,-4.572793436017302149e+00,-8.078231342445260088e-01,-1.773242088314630704e+00,-1.202811734101178587e+00,-2.436299481158024527e+00,-5.809668599935657873e-02,0.000000000000000000e+00,0.000000000000000000e+00,-2.392467030372219805e-01,7.108409781372613256e-01,4.230452339520751615e-01,-9.181352177401548575e-02,1.125006996506662027e+00,-1.894110765068629076e+00,-1.426512150649113186e+00,-3.774647335768301359e-01,-4.668062001933125371e-01,-1.649046444450612992e+00,-2.472873054599261933e-01,-3.669621702617922865e-01,-4.602362970513234064e-01,-5.183686688943279358e-02,-5.183686688943279358e-02,1.418158377741196352e+00,-1.040941436780788015e-01,-2.030901712371240009e-02,-8.401389803667852485e-02,-3.271524934852403366e-01,-5.191945123345532709e-01,-7.103890521813077674e-01,-5.752567881263277033e-02,-3.801429606348526863e-02,-1.147078669352808861e-01,-1.711160802546210780e-01,-7.340709118518067011e-02,-7.197411700355742237e-02,8.034553755751097981e+00,-7.051263942166730025e-02,-2.872721242393142319e-02,-2.030901712371240009e-02,-2.019004323808653023e-01,-1.435916317235476011e-02,-1.435916317235476011e-02,-5.183686688943279358e-02,-3.801429606348527557e-02,-3.801429606348527557e-02,-1.558271304830920190e-01,-4.064318733121485144e-02,-8.148853797899899276e-02,-1.210011918676099085e-01,-5.569323991926412171e-02,-7.051263942166730025e-02,-4.979810447122927364e-02,-3.212131358814808435e-02,-2.030901712371240009e-02,-3.801429606348527557e-02,-6.749673070628271765e-02,-3.519076715388935045e-02,-1.435916317235476185e-02,-3.524455202264515918e-01,-3.753330286669139260e-01,-2.907009498669055336e-01,-4.311306135592269523e-02,-3.519076715388935045e-02,-3.801429606348527557e-02,-1.435916317235476011e-02,-1.286658602907498339e-01,-4.767312946227962589e-02,-1.690913523558418063e+00,-2.487592975524973576e-02,-4.967123990818995694e-01,-1.786283982422259831e-01,-4.979810447122926670e-02,-1.712050908829709783e+00,-2.030901712371240009e-02,-4.892821642774447533e-01,-1.767766952966368654e-01
-1.329611021767550305e+00,-5.537123258831522232e-01,-4.977276807426366662e-02,-2.878929612425566442e-01,-1.063398143744291202e+00,-5.465391245545280219e-01,5.905777172739697933e-01,6.573034482162921632e-01,-6.493539992246850634e-01,-3.636176791775609651e-02,-2.053401228164436265e+00,9.252135358773474483e-01,5.155079910992402814e-01,1.288158538258924457e+00,1.888272549307201120e-01,-1.496522300288474598e-02,7.708740882331873712e-01,-4.006889216863427361e-01,-3.237998414430177663e-01,-5.047831275680201291e-01,-6.362483984730694930e-02,-1.317455189959784834e+00,-1.494650146868760632e-01,-6.576817992877266317e-01,-8.805736447596543282e-02,5.774176121584963933e-02,-2.440887836729143182e-02,-1.983785344183122967e-01,1.246913498825820366e+00,5.354750218019320718e-01,-1.043887434287774418e+00,0.000000000000000000e+00,0.000000000000000000e+00,-2.392467030372219805e-01,4.160901802106137248e-01,-1.665244780484708809e+00,-1.819514349331102565e+00,-8.931926570776145269e-01,2.227967724788416926e-01,9.285145451032854602e-01,-3.774647335768301359e-01,-4.668062001933125371e-01,7.812957911571764835e-03,9.264805211409559149e-01,-3.669621702617922865e-01,1.739375798511208382e+00,-5.183686688943279358e-02,-5.183686688943279358e-02,-7.051398600435393460e-01,-1.040941436780788015e-01,-2.030901712371240009e-02,-8.401389803667852485e-02,-3.271524934852403366e-01,1.926060419058570616e+00,-7.103890521813077674e-01,-5.752567881263277033e-02,-3.801429606348526863e-02,-1.147078669352808861e-01,-1.711160802546210780e-01,-7.340709118518067011e-02,-7.197411700355742237e-02,-1.244624194945742751e-01,-7.051263942166730025e-02,-2.872721242393142319e-02,-2.030901712371240009e-02,-2.019004323808653023e-01,-1.435916317235476011e-02,-1.435916317235476011e-02,-5.183686688943279358e-02,2.630589287593180714e+01,-3.801429606348527557e-02,-1.558271304830920190e-01,-4.064318733121485144e-02,-8.148853797899899276e-02,-1.210011918676099085e-01,-5.569323991926412171e-02,-7.051263942166730025e-02,-4.979810447122927364e-02,-3.212131358814808435e-02,-2.030901712371240009e-02,-3.801429606348527557e-02,-6.749673070628271765e-02,-3.519076715388935045e-02,-1.435916317235476185e-02,-3.524455202264515918e-01,-3.753330286669139260e-01,-2.907009498669055336e-01,-4.311306135592269523e-02,-3.519076715388935045e-02,-3.801429606348527557e-02,-1.435916317235476011e-02,-1.286658602907498339e-01,-4.767312946227962589e-02,-1.690913523558418063e+00,-2.487592975524973576e-02,2.013237442528823973e+00,-1.786283982422259831e-01,-4.979810447122926670e-02,5.840947806181536750e-01,-2.030901712371240009e-02,-4.892821642774447533e-01,-1.767766952966368654e-01
9.531004653684460592e-01,4.047385190264539689e-01,-5.507016019503075954e-01,7.082331122151057645e-01,2.129680670733196113e+00,1.533472170152730518e+00,-4.966680157416004104e-01,-4.963069089824175273e-01,-6.493539992246850634e-01,-6.302706439077716549e-01,8.414777418280475763e-01,1.862399238684066816e-01,-2.541002517755479029e-01,5.375028098545124866e-01,8.276006256900798608e-01,1.494658002972147348e-01,-8.087874538665257296e-01,-2.605825815301355264e-01,-6.637735139915319771e-02,1.637134467788171899e-01,-6.362483984730694930e-02,9.406936628861676253e-01,5.326185095332893749e-01,6.818377555821408809e-01,-2.739434719924614403e-01,8.154657025812744875e-01,-3.601578451718204787e-01,-9.394907950754033399e-01,-9.097464454994822480e-01,4.062674347167165023e-01,-5.809668599935657873e-02,0.000000000000000000e+00,0.000000000000000000e+00,1.473574796521728292e-01,1.213393822839661657e-01,4.230452339520751615e-01,-1.367785068916403723e+00,1.647427429840956803e+00,-1.153193126927014367e+00,-1.191009481073873166e+00,-3.774647335768301359e-01,-4.668062001933125371e-01,-4.064018926789744190e-01,-2.472873054599261933e-01,-3.669621702617922865e-01,-4.602362970513234064e-01,-5.183686688943279358e-02,-5.183686688943279358e-02,-7.051398600435393460e-01,-1.040941436780788015e-01,-2.030901712371240009e-02,-8.401389803667852485e-02,-3.271524934852403366e-01,-5.191945123345532709e-01,1.407679351095596942e+00,-5.752567881263277033e-02,-3.801429606348526863e-02,-1.147078669352808861e-01,-1.711160802546210780e-01,-7.340709118518067011e-02,-7.197411700355742237e-02,-1.244624194945742751e-01,-7.051263942166730025e-02,-2.872721242393142319e-02,-2.030901712371240009e-02,-2.019004323808653023e-01,-1.435916317235476011e-02,-1.435916317235476011e-02,-5.183686688943279358e-02,-3.801429606348527557e-02,-3.801429606348527557e-02,-1.558271304830920190e-01,-4.064318733121485144e-02,-8.148853797899899276e-02,-1.210011918676099085e-01,-5.569323991926412171e-02,-7.051263942166730025e-02,-4.979810447122927364e-02,-3.212131358814808435e-02,-2.030901712371240009e-02,-3.801429606348527557e-02,-6.749673070628271765e-02,-3.519076715388935045e-02,-1.435916317235476185e-02,-3.524455202264515918e-01,-3.753330286669139260e-01,-2.907009498669055336e-01,-4.311306135592269523e-02,-3.519076715388935045e-02,-3.801429606348527557e-02,-1.435916317235476011e-02,-1.286658602907498339e-01,-4.767312946227962589e-02,-1.690913523558418063e+00,-2.487592975524973576e-02,2.013237442528823973e+00,-1.786283982422259831e-01,-4.979810447122926670e-02,-1.712050908829709783e+00,-2.030901712371240009e-02,2.043810449286999731e+00,-1.767766952966368654e-01
-7.954153490984328112e-03,-7.448690342834912714e-02,-4.977276807426366662e-02,-2.878929612425566442e-01,-2.740977626374966336e-01,9.898162207875908780e-02,5.905777172739697933e-01,-4.963069089824175273e-01,-6.493539992246850634e-01,5.575471080722594897e-01,-2.095495131554673054e-02,1.862399238684066816e-01,8.653299196786893299e-01,-5.024681472057671572e-01,-1.453732841307633583e+00,-2.616117579530339854e-01,9.387628447616762351e-02,-1.801752323248414722e+00,-1.236479578871264806e+00,-1.006155558328148070e+00,-4.872757218968044035e-01,1.944315375262146484e+00,-1.074067125296433556e+00,4.703346679711091771e-01,3.766579043152746276e-01,1.320614996824891030e+00,-8.078231342445260088e-01,1.932319214970824373e+00,1.066565628917084396e+00,1.870620088349158827e+00,-4.805784352658213909e-01,0.000000000000000000e+00,0.000000000000000000e+00,-2.392467030372219805e-01,4.160901802106137248e-01,1.616353813630237335e+00,-1.177273155002378724e+00,-7.349313597723540481e-03,-6.239662425401465429e-01,-2.489988027729138353e-01,-3.774647335768301359e-01,-4.668062001933125371e-01,-1.441939019155339841e+00,-7.167944361002790421e-01,-3.669621702617922865e-01,-4.602362970513234064e-01,-5.183686688943279358e-02,-5.183686688943279358e-02,-7.051398600435393460e-01,-1.040941436780788015e-01,-2.030901712371240009e-02,-8.401389803667852485e-02,-3.271524934852403366e-01,1.926060419058570616e+00,-7.103890521813077674e-01,-5.752567881263277033e-02,-3.801429606348526863e-02,-1.147078669352808861e-01,-1.711160802546210780e-01,-7.340709118518067011e-02,-7.197411700355742237e-02,-1.244624194945742751e-01,-7.051263942166730025e-02,-2.872721242393142319e-02,-2.030901712371240009e-02,-2.019004323808653023e-01,-1.435916317235476011e-02,-1.435916317235476011e-02,-5.183686688943279358e-02,-3.801429606348527557e-02,-3.801429606348527557e-02,-1.558271304830920190e-01,-4.064318733121485144e-02,-8.148853797899899276e-02,-1.210011918676099085e-01,-5.569323991926412171e-02,-7.051263942166730025e-02,-4.979810447122927364e-02,-3.212131358814808435e-02,-2.030901712371240009e-02,-3.801429606348527557e-02,-6.749673070628271765e-02,-3.519076715388935045e-02,-1.435916317235476185e-02,-3.524455202264515918e-01,-3.753330286669139260e-01,3.439961240091715222e+00,-4.311306135592269523e-02,-3.519076715388935045e-02,-3.801429606348527557e-02,-1.435916317235476011e-02,-1.286658602907498339e-01,-4.767312946227962589e-02,5.913962991410492975e-01,-2.487592975524973576e-02,-4.967123990818995694e-01,-1.786283982422259831e-01,-4.979810447122926670e-02,5.840947806181536750e-01,-2.030901712371240009e-02,-4.892821642774447533e-01,-1.767766952966368654e-01
7.524534339267096028e-01,4.047385190264539689e-01,-4.977276807426366662e-02,7.082331122151057645e-01,9.816073891233129123e-01,1.174849533134237678e+00,-4.966680157416004104e-01,-4.963069089824175273e-01,5.168867450326074531e-01,-6.302706439077716549e-01,8.414777418280475763e-01,1.171538073213661102e+00,5.699247355449322816e-01,-5.650227912394683027e-01,1.010107303049897043e+00,-6.726893162032826501e-01,-3.574555846951790183e-01,-7.743058287695619990e-01,-6.202257390692859085e-01,-1.256841773708212040e+00,3.600260422021904771e-01,-6.292804948981121915e-02,9.418686240653882935e-01,3.449995049423498772e-01,-1.810004182342134504e-01,-1.373514572474397344e+00,-8.078231342445260088e-01,-1.773242088314630704e+00,-1.202811734101178587e+00,1.052305370142794017e+00,3.643850632671082335e-01,0.000000000000000000e+00,0.000000000000000000e+00,5.339616623415676111e-01,1.213393822839661657e-01,4.230452339520751615e-01,1.237841794924902317e+00,2.271324330770262481e-02,-9.415023731722672595e-01,-4.845014723481537167e-01,9.257960654133498002e-01,3.858842084692569063e+00,-3.028481800313378436e-01,-4.820408707801026038e-01,9.137094037957288473e-01,-4.602362970513234064e-01,-5.183686688943279358e-02,-5.183686688943279358e-02,-7.051398600435393460e-01,-1.040941436780788015e-01,-2.030901712371240009e-02,-8.401389803667852485e-02,3.056678521220304923e+00,-5.191945123345532709e-01,-7.103890521813077674e-01,-5.752567881263277033e-02,-3.801429606348526863e-02,-1.147078669352808861e-01,-1.711160802546210780e-01,-7.340709118518067011e-02,-7.197411700355742237e-02,-1.244624194945742751e-01,-7.051263942166730025e-02,-2.872721242393142319e-02,-2.030901712371240009e-02,-2.019004323808653023e-01,-1.435916317235476011e-02,-1.435916317235476011e-02,-5.183686688943279358e-02,-3.801429606348527557e-02,-3.801429606348527557e-02,-1.558271304830920190e-01,-4.064318733121485144e-02,-8.148853797899899276e-02,-1.210011918676099085e-01,-5.569323991926412171e-02,-7.051263942166730025e-02,-4.979810447122927364e-02,-3.212131358814808435e-02,-2.030901712371240009e-02,-3.801429606348527557e-02,-6.749673070628271765e-02,-3.519076715388935045e-02,-1.435916317235476185e-02,-3.524455202264515918e-01,-3.753330286669139260e-01,-2.907009498669055336e-01,-4.311306135592269523e-02,-3.519076715388935045e-02,-3.801429606348527557e-02,-1.435916317235476011e-02,-1.286658602907498339e-01,-4.767312946227962589e-02,-1.690913523558418063e+00,-2.487592975524973576e-02,2.013237442528823973e+00,-1.786283982422259831e-01,-4.979810447122926670e-02,5.840947806181536750e-01,-2.030901712371240009e-02,-4.892821642774447533e-01,-1.767766952966368654e-01
8.239122283066190322e-01,-5.537123258831522232e-01,-5.507016019503075954e-01,7.082331122151057645e-01,4.793253284189891161e-01,6.010533139046491113e-01,5.905777172739697933e-01,-4.963069089824175273e-01,-6.493539992246850634e-01,-6.302706439077716549e-01,8.414777418280475763e-01,6.788889985410339056e-01,-1.311181208748316701e-02,-3.929975201467902912e-01,1.888272549307201120e-01,6.725028864716499355e-02,-3.574555846951790183e-01,-7.276037153841595773e-01,6.824880741829981723e-01,1.082896236505718424e+00,-6.362483984730694930e-02,-3.138334775838059199e-01,4.000263092983657315e-02,-6.420149039091317400e-01,7.484301193482666426e-01,-2.790244349465614282e-01,-3.601578451718204787e-01,4.964142099477105718e-01,8.261018023721030668e-01,-1.536321093192173082e-01,-5.809668599935657873e-02,0.000000000000000000e+00,0.000000000000000000e+00,1.473574796521728292e-01,7.108409781372613256e-01,-1.068590490645627611e+00,-4.636718279704631906e-01,6.286407791570700621e-01,-9.473935815327891308e-02,-4.845014723481537167e-01,9.257960654133498002e-01,-4.668062001933125371e-01,5.255815211497544270e-01,1.161234086461132353e+00,-3.669621702617922865e-01,-4.602362970513234064e-01,-5.183686688943279358e-02,-5.183686688943279358e-02,-7.051398600435393460e-01,-1.040941436780788015e-01,-2.030901712371240009e-02,-8.401389803667852485e-02,3.056678521220304923e+00,-5.191945123345532709e-01,-7.103890521813077674e-01,-5.752567881263277033e-02,-3.801429606348526863e-02,-1.147078669352808861e-01,-1.711160802546210780e-01,-7.340709118518067011e-02,-7.197411700355742237e-02,-1.244624194945742751e-01,-7.051263942166730025e-02,-2.872721242393142319e-02,-2.030901712371240009e-02,-2.019004323808653023e-01,-1.435916317235476011e-02,-1.435916317235476011e-02,-5.183686688943279358e-02,-3.801429606348527557e-02,-3.801429606348527557e-02,-1.558271304830920190e-01,-4.064318733121485144e-02,-8.148853797899899276e-02,-1.210011918676099085e-01,-5.569323991926412171e-02,-7.051263942166730025e-02,-4.979810447122927364e-02,-3.212131358814808435e-02,-2.030901712371240009e-02,-3.801429606348527557e-02,-6.749673070628271765e-02,-3.519076715388935045e-02,-1.435916317235476185e-02,-3.524455202264515918e-01,-3.753330286669139260e-01,-2.907009498669055336e-01,-4.311306135592269523e-02,-3.519076715388935045e-02,-3.801429606348527557e-02,-1.435916317235476011e-02,-1.286658602907498339e-01,-4.767312946227962589e-02,5.913962991410492975e-01,-2.487592975524973576e-02,-4.967123990818995694e-01,-1.786283982422259831e-01,-4.979810447122926670e-02,5.840947806181536750e-01,-2.030901712371240009e-02,-4.892821642774447533e-01,-1.767766952966368654e-01
3.425578494975067279e-01,4.047385190264539689e-01,-5.507016019503075954e-01,7.082331122151057645e-01,-9.471131238595241475e-02,-6.182636519582266343e-01,-4.966680157416004104e-01,-4.963069089824175273e-01,-6.623362709603883292e-02,-6.302706439077716549e-01,8.414777418280475763e-01,-5.527336881405341407e-01,-3.643327399277963147e-02,-4.946488167015547499e-01,-1.453732841307633583e+00,8.071898934976127205e-01,7.708740882331873712e-01,1.467395613729753467e+00,-1.521848480804414427e-01,-1.287538044979241458e-01,-1.052143564629467676e+00,-1.066549761865789980e+00,1.839980415985381368e-01,3.136657141851599273e-01,-4.598295795089574756e-01,2.261248592970551696e-01,-6.959068119763496263e-01,8.669703402762560795e-01,-1.056955254897004731e-01,5.785442174970039098e-01,-1.043887434287774418e+00,0.000000000000000000e+00,0.000000000000000000e+00,-1.012455068416011628e+00,-1.057663809422624057e+00,-1.068590490645627611e+00,2.944477469863790997e-01,-5.471392242551533780e-01,-8.356569962948936503e-01,-9.555068114986333683e-01,-3.774647335768301359e-01,-4.668062001933125371e-01,3.184740958544813871e-01,9.264805211409559149e-01,2.194380977853250148e+00,-4.602362970513234064e-01,-5.183686688943279358e-02,-5.183686688943279358e-02,-7.051398600435393460e-01,-1.040941436780788015e-01,-2.030901712371240009e-02,-8.401389803667852485e-02,-3.271524934852403366e-01,-5.191945123345532709e-01,1.407679351095596942e+00,-5.752567881263277033e-02,-3.801429606348526863e-02,-1.147078669352808861e-01,-1.711160802546210780e-01,-7.340709118518067011e-02,-7.197411700355742237e-02,-1.244624194945742751e-01,-7.051263942166730025e-02,-2.872721242393142319e-02,-2.030901712371240009e-02,-2.019004323808653023e-01,-1.435916317235476011e-02,-1.435916317235476011e-02,-5.183686688943279358e-02,-3.801429606348527557e-02,-3.801429606348527557e-02,-1.558271304830920190e-01,-4.064318733121485144e-02,-8.148853797899899276e-02,-1.210011918676099085e-01,-5.569323991926412171e-02,-7.051263942166730025e-02,-4.979810447122927364e-02,-3.212131358814808435e-02,-2.030901712371240009e-02,-3.801429606348527557e-02,-6.749673070628271765e-02,-3.519076715388935045e-02,-1.435916317235476185e-02,-3.524455202264515918e-01,-3.753330286669139260e-01,-2.907009498669055336e-01,-4.311306135592269523e-02,-3.519076715388935045e-02,-3.801429606348527557e-02,-1.435916317235476011e-02,-1.286658602907498339e-01,-4.767312946227962589e-02,5.913962991410492975e-01,-2.487592975524973576e-02,-4.967123990818995694e-01,-1.786283982422259831e-01,-4.979810447122926670e-02,5.840947806181536750e-01,-2.030901712371240009e-02,-4.892821642774447533e-01,-1.767766952966368654e-01
-5.834290276754866555e-01,-5.537123258831522232e-01,9.520848996778241702e-01,7.082331122151057645e-01,-4.534842128890408386e-01,-5.465391245545280219e-01,-4.966680157416004104e-01,2.964524162613712210e+00,-6.493539992246850634e-01,5.575471080722594897e-01,8.414777418280475763e-01,1.417862610549974756e+00,-1.078125239096028531e+00,-6.041194437605312828e-01,6.320577570903027943e-03,3.961123352473639447e-01,-1.317896501095057737e-01,-1.204762413739283167e-01,1.598424125787883954e-01,6.650858775389451027e-01,9.248938849348538049e-01,-6.292804948981121915e-02,-4.298771301996108241e-01,-2.816763102014480658e-01,3.766579043152746276e-01,7.312741535406717119e-01,1.094754344314472272e+00,1.258580796191650364e-01,1.059051134337553712e+00,-1.536321093192173082e-01,3.643850632671082335e-01,0.000000000000000000e+00,0.000000000000000000e+00,5.339616623415676111e-01,1.300342573990556527e+00,7.213723788716157603e-01,6.106582432766682889e-01,1.075570791817739069e+00,5.403329031109622704e-01,6.930118755280455511e-01,-3.774647335768301359e-01,-4.668062001933125371e-01,8.362426590926641534e-01,-2.472873054599261933e-01,-3.669621702617922865e-01,1.739375798511208382e+00,-5.183686688943279358e-02,-5.183686688943279358e-02,-7.051398600435393460e-01,-1.040941436780788015e-01,-2.030901712371240009e-02,-8.401389803667852485e-02,-3.271524934852403366e-01,-5.191945123345532709e-01,1.407679351095596942e+00,-5.752567881263277033e-02,-3.801429606348526863e-02,-1.147078669352808861e-01,-1.711160802546210780e-01,-7.340709118518067011e-02,-7.197411700355742237e-02,-1.244624194945742751e-01,-7.051263942166730025e-02,-2.872721242393142319e-02,-2.030901712371240009e-02,-2.019004323808653023e-01,-1.435916317235476011e-02,-1.435916317235476011e-02,-5.183686688943279358e-02,-3.801429606348527557e-02,-3.801429606348527557e-02,-1.558271304830920190e-01,-4.064318733121485144e-02,-8.148853797899899276e-02,-1.210011918676099085e-01,-5.569323991926412171e-02,-7.051263942166730025e-02,-4.979810447122927364e-02,-3.212131358814808435e-02,-2.030901712371240009e-02,-3.801429606348527557e-02,-6.749673070628271765e-02,-3.519076715388935045e-02,-1.435916317235476185e-02,-3.524455202264515918e-01,-3.753330286669139260e-01,-2.907009498669055336e-01,-4.311306135592269523e-02,-3.519076715388935045e-02,-3.801429606348527557e-02,-1.435916317235476011e-02,-1.286658602907498339e-01,-4.767312946227962589e-02,5.913962991410492975e-01,-2.487592975524973576e-02,-4.967123990818995694e-01,-1.786283982422259831e-01,-4.979810447122926670e-02,5.840947806181536750e-01,-2.030901712371240009e-02,-4.892821642774447533e-01,-1.767766952966368654e-01
-1.510077560351997583e+00,-5.537123258831522232e-01,-5.507016019503075954e-01,7.082331122151057645e-01,2.022048800582269212e+00,1.497609906450881212e+00,-4.966680157416004104e-01,-4.963069089824175273e-01,-6.623362709603883292e-02,-6.302706439077716549e-01,8.414777418280475763e-01,-3.064091508042205425e-01,4.766388879237460352e-01,7.642633944766786813e-01,-6.324527931884567078e-01,1.494658002972147348e-01,-8.087874538665257296e-01,2.868459015291825676e+00,-7.996414139483429828e-01,9.575531288156864385e-01,-1.052143564629467676e+00,-6.292804948981121915e-02,2.154461556012349455e+00,1.488682867579780744e+00,9.343162268647626778e-01,5.774176121584963933e-02,-8.078231342445260088e-01,-1.773242088314630704e+00,-1.202811734101178587e+00,-2.436299481158024527e+00,-7.622329347767978769e-01,0.000000000000000000e+00,0.000000000000000000e+00,-6.258508857266168457e-01,-1.941916203202566749e+00,-4.719362008065465242e-01,-7.497670388997723645e-01,-1.790399163687129702e-01,-1.153193126927014367e+00,-4.845014723481537167e-01,-3.774647335768301359e-01,-4.668062001933125371e-01,-8.206167432695206099e-01,-1.421055132060808246e+00,-3.669621702617922865e-01,-4.602362970513234064e-01,-5.183686688943279358e-02,-5.183686688943279358e-02,-7.051398600435393460e-01,-1.040941436780788015e-01,-2.030901712371240009e-02,-8.401389803667852485e-02,-3.271524934852403366e-01,-5.191945123345532709e-01,1.407679351095596942e+00,-5.752567881263277033e-02,-3.801429606348526863e-02,-1.147078669352808861e-01,-1.711160802546210780e-01,-7.340709118518067011e-02,-7.197411700355742237e-02,-1.244624194945742751e-01,-7.051263942166730025e-02,-2.872721242393142319e-02,-2.030901712371240009e-02,-2.019004323808653023e-01,-1.435916317235476011e-02,-1.435916317235476011e-02,-5.183686688943279358e-02,-3.801429606348527557e-02,-3.801429606348527557e-02,-1.558271304830920190e-01,-4.064318733121485144e-02,-8.148853797899899276e-02,-1.210011918676099085e-01,-5.569323991926412171e-02,-7.051263942166730025e-02,-4.979810447122927364e-02,-3.212131358814808435e-02,-2.030901712371240009e-02,-3.801429606348527557e-02,-6.749673070628271765e-02,-3.519076715388935045e-02,-1.435916317235476185e-02,-3.524455202264515918e-01,-3.753330286669139260e-01,-2.907009498669055336e-01,-4.311306135592269523e-02,-3.519076715388935045e-02,-3.801429606348527557e-02,-1.435916317235476011e-02,-1.286658602907498339e-01,-4.767312946227962589e-02,-1.690913523558418063e+00,-2.487592975524973576e-02,2.013237442528823973e+00,-1.786283982422259831e-01,-4.979810447122926670e-02,-1.712050908829709783e+00,-2.030901712371240009e-02,-4.892821642774447533e-01,-1.767766952966368654e-01
9.271304868553771339e-01,4.047385190264539689e-01,-5.507016019503075954e-01,7.082331122151057645e-01,1.304502999576092614e+00,6.311935837690980933e-02,-4.966680157416004104e-01,6.573034482162921632e-01,-6.623362709603883292e-02,-6.302706439077716549e-01,-1.926750273227265220e+00,-3.064091508042205425e-01,3.755792196674604400e-01,1.874608326074871600e+00,2.470160721928433389e+00,-2.616117579530339854e-01,-8.087874538665257296e-01,5.333533460217053657e-01,9.633126087763047574e-01,3.726186262622038226e-01,-6.362483984730694930e-02,-5.647389056778006067e-01,1.025234388136742059e+00,1.238012541522261367e+00,5.625440118317706073e-01,-9.525568272713834661e-01,-3.601578451718204787e-01,2.071277763844029174e+00,3.902611167593240116e-01,5.354750218019320718e-01,-4.805784352658213909e-01,0.000000000000000000e+00,0.000000000000000000e+00,5.339616623415676111e-01,-1.734114156426813935e-01,-1.736090558870059808e-01,-1.259762849686801855e+00,-1.616030136448083798e+00,-9.415023731722672595e-01,-7.200041419233935702e-01,9.257960654133498002e-01,-4.668062001933125371e-01,-6.135093179742474589e-01,-9.515480014204554804e-01,-3.669621702617922865e-01,-4.602362970513234064e-01,-5.183686688943279358e-02,-5.183686688943279358e-02,1.418158377741196352e+00,-1.040941436780788015e-01,-2.030901712371240009e-02,-8.401389803667852485e-02,-3.271524934852403366e-01,-5.191945123345532709e-01,-7.103890521813077674e-01,-5.752567881263277033e-02,-3.801429606348526863e-02,-1.147078669352808861e-01,-1.711160802546210780e-01,-7.340709118518067011e-02,-7.197411700355742237e-02,-1.244624194945742751e-01,-7.051263942166730025e-02,-2.872721242393142319e-02,-2.030901712371240009e-02,-2.019004323808653023e-01,-1.435916317235476011e-02,-1.435916317235476011e-02,-5.183686688943279358e-02,-3.801429606348527557e-02,-3.801429606348527557e-02,-1.558271304830920190e-01,-4.064318733121485144e-02,-8.148853797899899276e-02,-1.210011918676099085e-01,-5.569323991926412171e-02,-7.051263942166730025e-02,-4.979810447122927364e-02,-3.212131358814808435e-02,-2.030901712371240009e-02,-3.801429606348527557e-02,-6.749673070628271765e-02,-3.519076715388935045e-02,-1.435916317235476185e-02,2.837317947345407543e+00,-3.753330286669139260e-01,-2.907009498669055336e-01,-4.311306135592269523e-02,-3.519076715388935045e-02,-3.801429606348527557e-02,-1.435916317235476011e-02,-1.286658602907498339e-01,-4.767312946227962589e-02,5.913962991410492975e-01,-2.487592975524973576e-02,-4.967123990818995694e-01,-1.786283982422259831e-01,-4.979810447122926670e-02,5.840947806181536750e-01,-2.030901712371240009e-02,-4.892821642774447533e-01,-1.767766952966368654e-01
-6.482712670202193106e-01,-5.537123258831522232e-01,-5.507016019503075954e-01,-1.284019034700219164e+00,-1.063398143744291202e+00,-7.617127067656237482e-01,-4.966680157416004104e-01,-4.963069089824175273e-01,-6.493539992246850634e-01,-6.302706439077716549e-01,-1.498549425582543559e+00,4.325644612047202520e-01,-1.452667628841639302e-01,-1.975142575414745860e-01,2.800805936106286476e-01,4.783278468974136999e-01,8.837070555260241322e-01,-1.671783547593307107e-01,1.676430940952691184e-01,5.397427698489131176e-01,-6.362483984730694930e-02,1.879773786041834815e-01,-3.616687777775943746e-01,2.979988188065649801e-01,1.907717967987786201e-01,1.236423447784288365e+00,-5.839904897081731328e-01,9.132898565673241986e-01,-3.055057969439368276e-02,4.062674347167165023e-01,-5.809668599935657873e-02,0.000000000000000000e+00,0.000000000000000000e+00,1.473574796521728292e-01,4.160901802106137248e-01,4.230452339520751615e-01,2.184509243446140392e+00,-1.199830737512961543e+00,9.637144106204564853e-01,1.635022553829005076e+00,9.257960654133498002e-01,-4.668062001933125371e-01,1.354011222330846920e+00,1.161234086461132353e+00,-3.669621702617922865e-01,-4.602362970513234064e-01,-5.183686688943279358e-02,-5.183686688943279358e-02,1.418158377741196352e+00,-1.040941436780788015e-01,-2.030901712371240009e-02,-8.401389803667852485e-02,-3.271524934852403366e-01,-5.191945123345532709e-01,-7.103890521813077674e-01,-5.752567881263277033e-02,-3.801429606348526863e-02,-1.147078669352808861e-01,-1.711160802546210780e-01,-7.340709118518067011e-02,-7.197411700355742237e-02,-1.244624194945742751e-01,-7.051263942166730025e-02,-2.872721242393142319e-02,-2.030901712371240009e-02,-2.019004323808653023e-01,-1.435916317235476011e-02,-1.435916317235476011e-02,-5.183686688943279358e-02,-3.801429606348527557e-02,-3.801429606348527557e-02,-1.558271304830920190e-01,-4.064318733121485144e-02,-8.148853797899899276e-02,-1.210011918676099085e-01,-5.569323991926412171e-02,-7.051263942166730025e-02,-4.979810447122927364e-02,-3.212131358814808435e-02,-2.030901712371240009e-02,-3.801429606348527557e-02,-6.749673070628271765e-02,-3.519076715388935045e-02,-1.435916317235476185e-02,2.837317947345407543e+00,-3.753330286669139260e-01,-2.907009498669055336e-01,-4.311306135592269523e-02,-3.519076715388935045e-02,-3.801429606348527557e-02,-1.435916317235476011e-02,-1.286658602907498339e-01,-4.767312946227962589e-02,5.913962991410492975e-01,-2.487592975524973576e-02,-4.967123990818995694e-01,-1.786283982422259831e-01,-4.979810447122926670e-02,5.840947806181536750e-01,-2.030901712371240009e-02,-4.892821642774447533e-01,-1.767766952966368654e-01
-2.800599793126302695e-01,8.839639414812570095e-01,-5.507016019503075954e-01,-1.284019034700219164e+00,-3.458523427381143267e-01,-1.012748552678568670e+00,-4.966680157416004104e-01,-4.963069089824175273e-01,-6.493539992246850634e-01,-6.302706439077716549e-01,-1.536369041068687546e-01,6.788889985410339056e-01,2.745195514111751778e-01,-8.621573503995482168e-01,-7.237061318683652988e-01,1.494658002972147348e-01,1.222205957404534304e+00,-1.204762413739283167e-01,1.754437756117498692e-01,-2.958779480846334686e-01,3.600260422021904771e-01,1.191599090980162368e+00,2.897174726829862657e+00,-1.276524166742226685e+00,4.696009580735226452e-01,-2.720579357124041753e+00,-8.078231342445260088e-01,5.427337262387786909e-01,6.833264053610199618e-01,1.870620088349158827e+00,9.276940622890612609e-01,0.000000000000000000e+00,0.000000000000000000e+00,9.205658450309623930e-01,1.300342573990556527e+00,1.318026668710696736e+00,3.664625598061136968e-01,-4.970349627461097541e-01,-4.122754887853995465e-01,-1.349613319767399566e-02,2.229056864403530014e+00,-4.668062001933125371e-01,-9.574075473606477593e-02,6.917269558207794766e-01,-3.669621702617922865e-01,-4.602362970513234064e-01,-5.183686688943279358e-02,-5.183686688943279358e-02,1.418158377741196352e+00,-1.040941436780788015e-01,-2.030901712371240009e-02,-8.401389803667852485e-02,-3.271524934852403366e-01,-5.191945123345532709e-01,-7.103890521813077674e-01,-5.752567881263277033e-02,-3.801429606348526863e-02,-1.147078669352808861e-01,-1.711160802546210780e-01,-7.340709118518067011e-02,-7.197411700355742237e-02,-1.244624194945742751e-01,-7.051263942166730025e-02,-2.872721242393142319e-02,-2.030901712371240009e-02,-2.019004323808653023e-01,-1.435916317235476011e-02,-1.435916317235476011e-02,-5.183686688943279358e-02,-3.801429606348527557e-02,-3.801429606348527557e-02,-1.558271304830920190e-01,-4.064318733121485144e-02,-8.148853797899899276e-02,-1.210011918676099085e-01,-5.569323991926412171e-02,-7.051263942166730025e-02,-4.979810447122927364e-02,-3.212131358814808435e-02,-2.030901712371240009e-02,-3.801429606348527557e-02,-6.749673070628271765e-02,-3.519076715388935045e-02,-1.435916317235476185e-02,-3.524455202264515918e-01,2.664300564093018409e+00,-2.907009498669055336e-01,-4.311306135592269523e-02,-3.519076715388935045e-02,-3.801429606348527557e-02,-1.435916317235476011e-02,-1.286658602907498339e-01,-4.767312946227962589e-02,5.913962991410492975e-01,-2.487592975524973576e-02,-4.967123990818995694e-01,-1.786283982422259831e-01,-4.979810447122926670e-02,-1.712050908829709783e+00,-2.030901712371240009e-02,2.043810449286999731e+00,-1.767766952966368654e-01
8.746942882016010001e-01,-5.537123258831522232e-01,-5.507016019503075954e-01,-2.878929612425566442e-01,-4.534842128890408386e-01,-1.879164875360351816e-01,-4.966680157416004104e-01,-4.963069089824175273e-01,-6.623362709603883292e-02,-6.302706439077716549e-01,-3.647218290021541076e-01,4.325644612047202520e-01,-3.007431755861411649e-01,4.488498808911660365e-02,1.557627335129348145e+00,1.494658002972147348e-01,6.580411209403509432e-01,2.064385523238884967e-01,7.526942078313246798e-01,-1.340403845501566771e+00,3.600260422021904771e-01,6.897882347921728829e-01,-5.890299525176494466e-01,-7.125159331128088080e-01,-3.668865257507094579e-01,4.786995064188634408e-01,-2.482415229036441240e-01,3.321904703702865946e-02,2.850581926458944926e-01,1.181512957228009419e+00,-5.809668599935657873e-02,0.000000000000000000e+00,0.000000000000000000e+00,5.339616623415676111e-01,4.160901802106137248e-01,1.019699523791156359e+00,1.735398683497613836e+00,-7.742785430961510729e-01,1.492941295007324198e+00,2.220065363775658440e-01,-3.774647335768301359e-01,-4.668062001933125371e-01,1.768226072921393000e+00,1.161234086461132353e+00,-3.669621702617922865e-01,-4.602362970513234064e-01,-5.183686688943279358e-02,-5.183686688943279358e-02,1.418158377741196352e+00,-1.040941436780788015e-01,-2.030901712371240009e-02,-8.401389803667852485e-02,-3.271524934852403366e-01,-5.191945123345532709e-01,-7.103890521813077674e-01,-5.752567881263277033e-02,-3.801429606348526863e-02,-1.147078669352808861e-01,-1.711160802546210780e-01,-7.340709118518067011e-02,-7.197411700355742237e-02,-1.244624194945742751e-01,-7.051263942166730025e-02,-2.872721242393142319e-02,-2.030901712371240009e-02,-2.019004323808653023e-01,-1.435916317235476011e-02,-1.435916317235476011e-02,-5.183686688943279358e-02,-3.801429606348527557e-02,-3.801429606348527557e-02,-1.558271304830920190e-01,-4.064318733121485144e-02,-8.148853797899899276e-02,8.264381404557756383e+00,-5.569323991926412171e-02,-7.051263942166730025e-02,-4.979810447122927364e-02,-3.212131358814808435e-02,-2.030901712371240009e-02,-3.801429606348527557e-02,-6.749673070628271765e-02,-3.519076715388935045e-02,-1.435916317235476185e-02,-3.524455202264515918e-01,-3.753330286669139260e-01,-2.907009498669055336e-01,-4.311306135592269523e-02,-3.519076715388935045e-02,-3.801429606348527557e-02,-1.435916317235476011e-02,-1.286658602907498339e-01,-4.767312946227962589e-02,5.913962991410492975e-01,-2.487592975524973576e-02,-4.967123990818995694e-01,-1.786283982422259831e-01,-4.979810447122926670e-02,-1.712050908829709783e+00,-2.030901712371240009e-02,2.043810449286999731e+00,-1.767766952966368654e-01
-1.242401082342166063e-01,-7.448690342834912714e-02,-5.507016019503075954e-01,7.082331122151057645e-01,4.793253284189891161e-01,3.858797316935533850e-01,-4.966680157416004104e-01,-4.963069089824175273e-01,-6.623362709603883292e-02,-6.302706439077716549e-01,-1.245247515708201247e+00,-1.538031837485788644e+00,9.572167680390113176e-02,7.642633944766786813e-01,3.713339322905371831e-01,-1.496522300288474598e-02,-6.959544865736890795e-01,-3.072846949155379481e-01,1.442410495458268938e-01,2.054944826754944998e-01,-1.052143564629467676e+00,-8.156443337717953490e-01,2.900999231438973203e-01,1.883305511564002943e-01,-1.296317063333189523e+00,1.320614996824891030e+00,-6.959068119763496263e-01,-2.446980507093804713e-01,-9.848913912947890870e-01,1.224582152923081368e+00,-1.043887434287774418e+00,0.000000000000000000e+00,0.000000000000000000e+00,-1.012455068416011628e+00,-1.352414607349271769e+00,-1.068590490645627611e+00,1.470907916414225136e+00,5.584948130444089553e-01,-5.181208656627730447e-01,-2.489988027729138353e-01,-3.774647335768301359e-01,-4.668062001933125371e-01,5.255815211497544270e-01,1.395987651781308791e+00,9.137094037957288473e-01,-4.602362970513234064e-01,-5.183686688943279358e-02,-5.183686688943279358e-02,1.418158377741196352e+00,-1.040941436780788015e-01,-2.030901712371240009e-02,-8.401389803667852485e-02,-3.271524934852403366e-01,-5.191945123345532709e-01,-7.103890521813077674e-01,-5.752567881263277033e-02,-3.801429606348526863e-02,-1.147078669352808861e-01,-1.711160802546210780e-01,-7.340709118518067011e-02,-7.197411700355742237e-02,-1.244624194945742751e-01,-7.051263942166730025e-02,-2.872721242393142319e-02,-2.030901712371240009e-02,-2.019004323808653023e-01,-1.435916317235476011e-02,-1.435916317235476011e-02,-5.183686688943279358e-02,-3.801429606348527557e-02,-3.801429606348527557e-02,-1.558271304830920190e-01,-4.064318733121485144e-02,-8.148853797899899276e-02,-1.210011918676099085e-01,-5.569323991926412171e-02,-7.051263942166730025e-02,-4.979810447122927364e-02,-3.212131358814808435e-02,-2.030901712371240009e-02,-3.801429606348527557e-02,-6.749673070628271765e-02,-3.519076715388935045e-02,-1.435916317235476185e-02,-3.524455202264515918e-01,2.664300564093018409e+00,-2.907009498669055336e-01,-4.311306135592269523e-02,-3.519076715388935045e-02,-3.801429606348527557e-02,-1.435916317235476011e-02,-1.286658602907498339e-01,-4.767312946227962589e-02,5.913962991410492975e-01,-2.487592975524973576e-02,-4.967123990818995694e-01,-1.786283982422259831e-01,-4.979810447122926670e-02,5.840947806181536750e-01,-2.030901712371240009e-02,-4.892821642774447533e-01,-1.767766952966368654e-01
8.776717379674305874e-01,-5.537123258831522232e-01,1.453013733553867981e+00,7.082331122151057645e-01,-3.458523427381143267e-01,4.934665227991011927e-01,5.905777172739697933e-01,-4.963069089824175273e-01,-6.493539992246850634e-01,1.151455984062275117e+00,8.414777418280475763e-01,4.325644612047202520e-01,-3.784813819371299348e-01,-1.271402830035610332e-01,1.648880673809256736e+00,-2.616117579530339854e-01,2.801867499504247849e+00,-1.801752323248414722e+00,-1.236479578871264806e+00,-1.298622809604889516e+00,2.619497413132843455e+00,1.693409947168151630e+00,9.721834473640623697e-01,-3.100598414392873731e-02,-8.805736447596543282e-02,-1.036748376311986242e+00,-5.839904897081731328e-01,1.376485019478006055e+00,-2.935578899779672790e-01,7.938901959723629886e-01,2.335966559843944079e+00,0.000000000000000000e+00,0.000000000000000000e+00,1.307170027720357286e+00,1.005591776063908815e+00,2.213008103469318311e+00,-2.947643579023583871e-01,-1.456370753626839154e-01,-3.064301119080259928e-01,-1.349613319767399566e-02,9.257960654133498002e-01,-4.668062001933125371e-01,7.812957911571764835e-03,-1.253374013974976713e-02,9.137094037957288473e-01,-4.602362970513234064e-01,-5.183686688943279358e-02,-5.183686688943279358e-02,-7.051398600435393460e-01,-1.040941436780788015e-01,-2.030901712371240009e-02,-8.401389803667852485e-02,-3.271524934852403366e-01,-5.191945123345532709e-01,1.407679351095596942e+00,-5.752567881263277033e-02,-3.801429606348526863e-02,-1.147078669352808861e-01,-1.711160802546210780e-01,-7.340709118518067011e-02,-7.197411700355742237e-02,-1.244624194945742751e-01,-7.051263942166730025e-02,-2.872721242393142319e-02,-2.030901712371240009e-02,-2.019004323808653023e-01,-1.435916317235476011e-02,-1.435916317235476011e-02,-5.183686688943279358e-02,-3.801429606348527557e-02,-3.801429606348527557e-02,-1.558271304830920190e-01,-4.064318733121485144e-02,-8.148853797899899276e-02,-1.210011918676099085e-01,-5.569323991926412171e-02,-7.051263942166730025e-02,-4.979810447122927364e-02,-3.212131358814808435e-02,-2.030901712371240009e-02,-3.801429606348527557e-02,-6.749673070628271765e-02,-3.519076715388935045e-02,-1.435916317235476185e-02,-3.524455202264515918e-01,-3.753330286669139260e-01,-2.907009498669055336e-01,-4.311306135592269523e-02,-3.519076715388935045e-02,-3.801429606348527557e-02,-1.435916317235476011e-02,-1.286658602907498339e-01,-4.767312946227962589e-02,-1.690913523558418063e+00,-2.487592975524973576e-02,-4.967123990818995694e-01,-1.786283982422259831e-01,-4.979810447122926670e-02,5.840947806181536750e-01,-2.030901712371240009e-02,-4.892821642774447533e-01,-1.767766952966368654e-01
2.313997249065364581e-01,-5.537123258831522232e-01,-5.507016019503075954e-01,7.082331122151057645e-01,1.268625709525783574e+00,5.293287865009504989e-01,-4.966680157416004104e-01,-4.963069089824175273e-01,-6.493539992246850634e-01,-6.302706439077716549e-01,8.414777418280475763e-01,-5.527336881405341407e-01,1.191830386352841886e+00,4.280321827955355651e-01,2.800805936106286476e-01,-9.718073465293448898e-02,-8.087874538665257296e-01,1.000374479875729250e+00,-1.957326230026869979e-02,-1.006155558328148070e+00,-4.872757218968044035e-01,-1.066549761865789980e+00,1.389012267720830751e+00,5.408356971747866337e-01,-3.668865257507094579e-01,-3.632159839871641482e-01,-2.440887836729143182e-02,-5.226151484557896021e-01,-6.918261026930928592e-01,-1.536321093192173082e-01,-4.805784352658213909e-01,0.000000000000000000e+00,0.000000000000000000e+00,-2.392467030372219805e-01,1.213393822839661657e-01,-1.736090558870059808e-01,-8.919480130784331051e-02,8.156966887908327912e-01,-3.064301119080259928e-01,4.575092059528056976e-01,3.532317663393710117e+00,-4.668062001933125371e-01,-9.574075473606477593e-02,1.161234086461132353e+00,-3.669621702617922865e-01,-4.602362970513234064e-01,-5.183686688943279358e-02,-5.183686688943279358e-02,-7.051398600435393460e-01,-1.040941436780788015e-01,-2.030901712371240009e-02,-8.401389803667852485e-02,3.056678521220304923e+00,-5.191945123345532709e-01,-7.103890521813077674e-01,-5.752567881263277033e-02,-3.801429606348526863e-02,-1.147078669352808861e-01,-1.711160802546210780e-01,-7.340709118518067011e-02,-7.197411700355742237e-02,-1.244624194945742751e-01,-7.051263942166730025e-02,-2.872721242393142319e-02,-2.030901712371240009e-02,-2.019004323808653023e-01,-1.435916317235476011e-02,-1.435916317235476011e-02,-5.183686688943279358e-02,-3.801429606348527557e-02,-3.801429606348527557e-02,-1.558271304830920190e-01,-4.064318733121485144e-02,-8.148853797899899276e-02,-1.210011918676099085e-01,-5.569323991926412171e-02,-7.051263942166730025e-02,-4.979810447122927364e-02,-3.212131358814808435e-02,-2.030901712371240009e-02,-3.801429606348527557e-02,-6.749673070628271765e-02,-3.519076715388935045e-02,-1.435916317235476185e-02,-3.524455202264515918e-01,-3.753330286669139260e-01,-2.907009498669055336e-01,-4.311306135592269523e-02,-3.519076715388935045e-02,-3.801429606348527557e-02,-1.435916317235476011e-02,-1.286658602907498339e-01,-4.767312946227962589e-02,5.913962991410492975e-01,-2.487592975524973576e-02,-4.967123990818995694e-01,-1.786283982422259831e-01,-4.979810447122926670e-02,5.840947806181536750e-01,-2.030901712371240009e-02,-4.892821642774447533e-01,-1.767766952966368654e-01
5.344379455176340166e-01,-5.537123258831522232e-01,-5.507016019503075954e-01,-2.878929612425566442e-01,2.640615881171360368e-01,3.141552042898547725e-01,-4.966680157416004104e-01,-4.963069089824175273e-01,-6.493539992246850634e-01,-6.302706439077716549e-01,-1.564890401978204837e+00,-1.291707300149474991e+00,7.953655339627995202e-01,2.351587486831842266e+00,8.276006256900798608e-01,-1.496522300288474598e-02,-3.574555846951790183e-01,-6.341994886133547338e-01,-9.478543627614772760e-01,5.397427698489131176e-01,-1.052143564629467676e+00,-5.647389056778006067e-01,6.084055677799744544e-01,6.348370694463559838e-01,-5.527726332672054932e-01,3.103164083376579452e-01,-1.363252006354677692e-01,3.111361447834378180e-01,-1.056955254897004731e-01,1.482997327093512396e+00,-1.043887434287774418e+00,0.000000000000000000e+00,0.000000000000000000e+00,-1.012455068416011628e+00,-1.352414607349271769e+00,-1.366917635565168210e+00,8.103356788222959572e-01,5.518142448432031832e-01,-5.181208656627730447e-01,-9.555068114986333683e-01,-3.774647335768301359e-01,-4.668062001933125371e-01,1.871779785569029464e+00,2.222198251804266556e-01,-3.669621702617922865e-01,1.739375798511208382e+00,-5.183686688943279358e-02,-5.183686688943279358e-02,1.418158377741196352e+00,-1.040941436780788015e-01,-2.030901712371240009e-02,-8.401389803667852485e-02,-3.271524934852403366e-01,-5.191945123345532709e-01,-7.103890521813077674e-01,-5.752567881263277033e-02,-3.801429606348526863e-02,-1.147078669352808861e-01,-1.711160802546210780e-01,-7.340709118518067011e-02,-7.197411700355742237e-02,-1.244624194945742751e-01,-7.051263942166730025e-02,-2.872721242393142319e-02,-2.030901712371240009e-02,-2.019004323808653023e-01,-1.435916317235476011e-02,-1.435916317235476011e-02,-5.183686688943279358e-02,-3.801429606348527557e-02,-3.801429606348527557e-02,-1.558271304830920190e-01,-4.064318733121485144e-02,-8.148853797899899276e-02,-1.210011918676099085e-01,-5.569323991926412171e-02,-7.051263942166730025e-02,-4.979810447122927364e-02,-3.212131358814808435e-02,-2.030901712371240009e-02,-3.801429606348527557e-02,-6.749673070628271765e-02,-3.519076715388935045e-02,-1.435916317235476185e-02,2.837317947345407543e+00,-3.753330286669139260e-01,-2.907009498669055336e-01,-4.311306135592269523e-02,-3.519076715388935045e-02,-3.801429606348527557e-02,-1.435916317235476011e-02,-1.286658602907498339e-01,-4.767312946227962589e-02,-1.690913523558418063e+00,-2.487592975524973576e-02,2.013237442528823973e+00,-1.786283982422259831e-01,-4.979810447122926670e-02,5.840947806181536750e-01,-2.030901712371240009e-02,-4.892821642774447533e-01,-1.767766952966368654e-01
-1.539024988630896207e+00,-5.537123258831522232e-01,4.458586736810131512e+00,7.082331122151057645e-01,-8.840116934927469972e-01,-1.879164875360351816e-01,-4.966680157416004104e-01,6.573034482162921632e-01,-6.493539992246850634e-01,2.339273736042306151e+00,8.414777418280475763e-01,-3.064091508042205425e-01,-6.427912835304915307e-01,-5.650227912394683027e-01,-1.179972825267908032e+00,2.316813119472644900e-01,-8.087874538665257296e-01,2.868459015291825676e+00,-2.223909817287680335e-01,3.726186262622038226e-01,-6.362483984730694930e-02,-5.647389056778006067e-01,-1.304830984284317992e-02,-7.751835146271885968e-01,-1.810004182342134504e-01,-2.644978782475312235e-02,-1.363252006354677692e-01,-3.836565995825850228e-01,2.324567305891797608e-01,-1.359569588781228688e+00,-1.144275859015518870e-01,0.000000000000000000e+00,0.000000000000000000e+00,1.473574796521728292e-01,-4.681622135693289666e-01,-1.736090558870059808e-01,4.162182486633848599e-01,2.471803348682179990e-01,6.461782799883358797e-01,4.575092059528056976e-01,-3.774647335768301359e-01,-4.668062001933125371e-01,1.113666705592083056e-01,2.222198251804266556e-01,-3.669621702617922865e-01,-4.602362970513234064e-01,-5.183686688943279358e-02,-5.183686688943279358e-02,-7.051398600435393460e-01,-1.040941436780788015e-01,-2.030901712371240009e-02,-8.401389803667852485e-02,-3.271524934852403366e-01,-5.191945123345532709e-01,1.407679351095596942e+00,-5.752567881263277033e-02,-3.801429606348526863e-02,-1.147078669352808861e-01,-1.711160802546210780e-01,-7.340709118518067011e-02,-7.197411700355742237e-02,-1.244624194945742751e-01,-7.051263942166730025e-02,-2.872721242393142319e-02,-2.030901712371240009e-02,-2.019004323808653023e-01,-1.435916317235476011e-02,-1.435916317235476011e-02,-5.183686688943279358e-02,-3.801429606348527557e-02,-3.801429606348527557e-02,-1.558271304830920190e-01,-4.064318733121485144e-02,-8.148853797899899276e-02,-1.210011918676099085e-01,-5.569323991926412171e-02,-7.051263942166730025e-02,-4.979810447122927364e-02,-3.212131358814808435e-02,-2.030901712371240009e-02,-3.801429606348527557e-02,-6.749673070628271765e-02,-3.519076715388935045e-02,-1.435916317235476185e-02,-3.524455202264515918e-01,-3.753330286669139260e-01,-2.907009498669055336e-01,-4.311306135592269523e-02,-3.519076715388935045e-02,-3.801429606348527557e-02,-1.435916317235476011e-02,-1.286658602907498339e-01,-4.767312946227962589e-02,5.913962991410492975e-01,-2.487592975524973576e-02,-4.967123990818995694e-01,-1.786283982422259831e-01,-4.979810447122926670e-02,5.840947806181536750e-01,-2.030901712371240009e-02,-4.892821642774447533e-01,-1.767766952966368654e-01
-1.024587834645899864e+00,1.842414786390863091e+00,-5.507016019503075954e-01,-2.878929612425566442e-01,-5.969933730902762248e-01,-1.012748552678568670e+00,5.905777172739697933e-01,-4.963069089824175273e-01,2.849368233547192375e+00,-6.302706439077716549e-01,-1.456332440603486766e+00,9.252135358773474483e-01,-1.109220521636423928e+00,9.441079960735692111e-01,1.101360641729805412e+00,2.316813119472644900e-01,-5.831215192808524295e-01,5.333533460217053657e-01,1.852590301655109517e+00,1.793173846749233080e+00,-6.362483984730694930e-02,-5.647389056778006067e-01,1.006322775271846631e-01,-6.733486946663216344e-01,3.766579043152746276e-01,-5.315990820683696993e-01,-8.078231342445260088e-01,-1.773242088314630704e+00,-1.202811734101178587e+00,-1.359569588781228688e+00,-5.809668599935657873e-02,0.000000000000000000e+00,0.000000000000000000e+00,1.473574796521728292e-01,4.160901802106137248e-01,-1.736090558870059808e-01,-3.883836145680134022e-01,7.174923362331073751e-01,-3.064301119080259928e-01,-1.426512150649113186e+00,-3.774647335768301359e-01,-4.668062001933125371e-01,-1.234831593860066690e+00,-9.515480014204554804e-01,-3.669621702617922865e-01,-4.602362970513234064e-01,-5.183686688943279358e-02,-5.183686688943279358e-02,-7.051398600435393460e-01,-1.040941436780788015e-01,-2.030901712371240009e-02,-8.401389803667852485e-02,-3.271524934852403366e-01,1.926060419058570616e+00,-7.103890521813077674e-01,-5.752567881263277033e-02,-3.801429606348526863e-02,8.717797887081346175e+00,-1.711160802546210780e-01,-7.340709118518067011e-02,-7.197411700355742237e-02,-1.244624194945742751e-01,-7.051263942166730025e-02,-2.872721242393142319e-02,-2.030901712371240009e-02,-2.019004323808653023e-01,-1.435916317235476011e-02,-1.435916317235476011e-02,-5.183686688943279358e-02,-3.801429606348527557e-02,-3.801429606348527557e-02,-1.558271304830920190e-01,-4.064318733121485144e-02,-8.148853797899899276e-02,-1.210011918676099085e-01,-5.569323991926412171e-02,-7.051263942166730025e-02,-4.979810447122927364e-02,-3.212131358814808435e-02,-2.030901712371240009e-02,-3.801429606348527557e-02,-6.749673070628271765e-02,-3.519076715388935045e-02,-1.435916317235476185e-02,-3.524455202264515918e-01,-3.753330286669139260e-01,-2.907009498669055336e-01,-4.311306135592269523e-02,-3.519076715388935045e-02,-3.801429606348527557e-02,-1.435916317235476011e-02,-1.286658602907498339e-01,-4.767312946227962589e-02,-1.690913523558418063e+00,-2.487592975524973576e-02,-4.967123990818995694e-01,5.598214000911362120e+00,-4.979810447122926670e-02,-1.712050908829709783e+00,-2.030901712371240009e-02,-4.892821642774447533e-01,-1.767766952966368654e-01
-5.617598099352826280e-01,2.321640208845666020e+00,4.511560658017802483e-01,7.082331122151057645e-01,3.716934582680625487e-01,3.141552042898547725e-01,-4.966680157416004104e-01,6.573034482162921632e-01,1.683127489289899970e+00,-3.636176791775609651e-02,8.414777418280475763e-01,-1.045382762813161337e+00,2.435829182714591319e-03,3.889355302744725851e-01,7.363472870101713808e-01,-3.438272696030836850e-01,6.580411209403509432e-01,-2.138804681447331324e-01,1.556164404028841375e+00,-5.465641634646974945e-01,-4.872757218968044035e-01,-8.156443337717953490e-01,2.143128648972121852e-01,-6.968490377342138054e-01,-8.805736447596543282e-02,5.774176121584963933e-02,-2.482415229036441240e-01,3.321904703702865946e-02,6.758119107814894999e-01,8.369593916674348266e-01,-4.805784352658213909e-01,0.000000000000000000e+00,0.000000000000000000e+00,-6.258508857266168457e-01,-7.629130114959765674e-01,-7.702633457260871230e-01,-2.469727093947163554e-01,-2.111066437345008873e-01,1.492941295007324198e+00,4.575092059528056976e-01,2.229056864403530014e+00,1.696017942249628430e+00,5.255815211497544270e-01,-2.472873054599261933e-01,9.137094037957288473e-01,-4.602362970513234064e-01,-5.183686688943279358e-02,-5.183686688943279358e-02,-7.051398600435393460e-01,-1.040941436780788015e-01,-2.030901712371240009e-02,-8.401389803667852485e-02,-3.271524934852403366e-01,-5.191945123345532709e-01,1.407679351095596942e+00,-5.752567881263277033e-02,-3.801429606348526863e-02,-1.147078669352808861e-01,-1.711160802546210780e-01,-7.340709118518067011e-02,-7.197411700355742237e-02,-1.244624194945742751e-01,-7.051263942166730025e-02,-2.872721242393142319e-02,-2.030901712371240009e-02,-2.019004323808653023e-01,-1.435916317235476011e-02,-1.435916317235476011e-02,-5.183686688943279358e-02,-3.801429606348527557e-02,-3.801429606348527557e-02,-1.558271304830920190e-01,-4.064318733121485144e-02,-8.148853797899899276e-02,-1.210011918676099085e-01,-5.569323991926412171e-02,-7.051263942166730025e-02,-4.979810447122927364e-02,-3.212131358814808435e-02,-2.030901712371240009e-02,-3.801429606348527557e-02,-6.749673070628271765e-02,-3.519076715388935045e-02,-1.435916317235476185e-02,-3.524455202264515918e-01,-3.753330286669139260e-01,-2.907009498669055336e-01,-4.311306135592269523e-02,-3.519076715388935045e-02,-3.801429606348527557e-02,-1.435916317235476011e-02,-1.286658602907498339e-01,-4.767312946227962589e-02,5.913962991410492975e-01,-2.487592975524973576e-02,-4.967123990818995694e-01,-1.786283982422259831e-01,-4.979810447122926670e-02,5.840947806181536750e-01,-2.030901712371240009e-02,-4.892821642774447533e-01,-1.767766952966368654e-01
-2.366847169952922963e-02,-5.537123258831522232e-01,-5.507016019503075954e-01,7.082331122151057645e-01,1.125116549324548298e+00,-8.032969643048733233e-02,-4.966680157416004104e-01,-4.963069089824175273e-01,-6.623362709603883292e-02,-3.636176791775609651e-02,8.414777418280475763e-01,1.910511685222601841e+00,-5.198091526297738546e-02,1.381990504309476009e+00,8.276006256900798608e-01,6.427588701975132102e-01,-8.087874538665257296e-01,-2.707201460312350788e-02,6.200826220511521658e-01,7.486479493322998335e-01,1.913412609717014545e+00,9.406936628861676253e-01,-6.609925061552258951e-02,-6.655152469770239110e-01,2.837148505570266099e-01,2.261248592970551696e-01,4.232564107054141989e-01,3.321904703702865946e-02,9.012467481674095726e-01,4.062674347167165023e-01,1.969815710479674520e+00,0.000000000000000000e+00,0.000000000000000000e+00,1.307170027720357286e+00,1.595093371917204017e+00,1.019699523791156359e+00,3.926497644678353938e-01,1.197157133079684854e+00,1.110601872409461635e-02,-9.555068114986333683e-01,-3.774647335768301359e-01,-4.668062001933125371e-01,-9.574075473606477593e-02,9.264805211409559149e-01,-3.669621702617922865e-01,-4.602362970513234064e-01,-5.183686688943279358e-02,-5.183686688943279358e-02,-7.051398600435393460e-01,-1.040941436780788015e-01,-2.030901712371240009e-02,-8.401389803667852485e-02,-3.271524934852403366e-01,-5.191945123345532709e-01,1.407679351095596942e+00,-5.752567881263277033e-02,-3.801429606348526863e-02,-1.147078669352808861e-01,-1.711160802546210780e-01,-7.340709118518067011e-02,-7.197411700355742237e-02,-1.244624194945742751e-01,-7.051263942166730025e-02,-2.872721242393142319e-02,-2.030901712371240009e-02,-2.019004323808653023e-01,-1.435916317235476011e-02,-1.435916317235476011e-02,-5.183686688943279358e-02,-3.801429606348527557e-02,-3.801429606348527557e-02,-1.558271304830920190e-01,-4.064318733121485144e-02,-8.148853797899899276e-02,-1.210011918676099085e-01,-5.569323991926412171e-02,-7.051263942166730025e-02,-4.979810447122927364e-02,-3.212131358814808435e-02,-2.030901712371240009e-02,-3.801429606348527557e-02,-6.749673070628271765e-02,-3.519076715388935045e-02,-1.435916317235476185e-02,-3.524455202264515918e-01,-3.753330286669139260e-01,-2.907009498669055336e-01,-4.311306135592269523e-02,-3.519076715388935045e-02,-3.801429606348527557e-02,-1.435916317235476011e-02,-1.286658602907498339e-01,-4.767312946227962589e-02,5.913962991410492975e-01,-2.487592975524973576e-02,-4.967123990818995694e-01,-1.786283982422259831e-01,-4.979810447122926670e-02,5.840947806181536750e-01,-2.030901712371240009e-02,-4.892821642774447533e-01,-1.767766952966368654e-01
8.353257857422989874e-01,-7.448690342834912714e-02,9.520848996778241702e-01,7.082331122151057645e-01,-7.405025332915116110e-01,-3.672278060452816018e-01,-4.966680157416004104e-01,1.810913805415002020e+00,-6.493539992246850634e-01,4.121000364012353145e+00,8.414777418280475763e-01,1.862399238684066816e-01,-7.827200549622713721e-01,-1.104556596030139559e+00,-4.499461158286396367e-01,-6.726893162032826501e-01,-8.087874538665257296e-01,2.531406657092908907e-01,-2.379923447617295351e-01,-5.883451993613747488e-01,1.489761727667517022e+00,1.879773786041834815e-01,-9.641407391419663797e-02,-1.112021765266979934e+00,4.696009580735226452e-01,3.945079573782606652e-01,-2.440887836729143182e-02,2.184971122013014133e-01,2.298942739960114778e+00,-2.436299481158024527e+00,2.335966559843944079e+00,0.000000000000000000e+00,0.000000000000000000e+00,1.307170027720357286e+00,7.108409781372613256e-01,7.213723788716157603e-01,8.928253735067191998e-01,7.756132795835979366e-01,-8.356569962948936503e-01,-4.845014723481537167e-01,2.229056864403530014e+00,-4.668062001933125371e-01,-3.028481800313378436e-01,-9.515480014204554804e-01,-3.669621702617922865e-01,1.739375798511208382e+00,-5.183686688943279358e-02,-5.183686688943279358e-02,-7.051398600435393460e-01,-1.040941436780788015e-01,-2.030901712371240009e-02,-8.401389803667852485e-02,-3.271524934852403366e-01,-5.191945123345532709e-01,1.407679351095596942e+00,-5.752567881263277033e-02,-3.801429606348526863e-02,-1.147078669352808861e-01,-1.711160802546210780e-01,-7.340709118518067011e-02,-7.197411700355742237e-02,-1.244624194945742751e-01,-7.051263942166730025e-02,-2.872721242393142319e-02,-2.030901712371240009e-02,-2.019004323808653023e-01,-1.435916317235476011e-02,-1.435916317235476011e-02,-5.183686688943279358e-02,-3.801429606348527557e-02,-3.801429606348527557e-02,-1.558271304830920190e-01,-4.064318733121485144e-02,-8.148853797899899276e-02,-1.210011918676099085e-01,-5.569323991926412171e-02,-7.051263942166730025e-02,-4.979810447122927364e-02,-3.212131358814808435e-02,-2.030901712371240009e-02,-3.801429606348527557e-02,-6.749673070628271765e-02,-3.519076715388935045e-02,-1.435916317235476185e-02,-3.524455202264515918e-01,-3.753330286669139260e-01,-2.907009498669055336e-01,-4.311306135592269523e-02,-3.519076715388935045e-02,-3.801429606348527557e-02,-1.435916317235476011e-02,-1.286658602907498339e-01,-4.767312946227962589e-02,5.913962991410492975e-01,-2.487592975524973576e-02,-4.967123990818995694e-01,-1.786283982422259831e-01,-4.979810447122926670e-02,5.840947806181536750e-01,-2.030901712371240009e-02,-4.892821642774447533e-01,-1.767766952966368654e-01
-9.767832245167474836e-01,-7.448690342834912714e-02,-5.507016019503075954e-01,7.082331122151057645e-01,8.467513786559180411e-02,6.727778413083476128e-01,-4.966680157416004104e-01,-4.963069089824175273e-01,-6.623362709603883292e-02,-6.302706439077716549e-01,-1.926750273227265220e+00,-3.064091508042205425e-01,-3.940290232073277443e-01,-2.991655540962390170e-01,-1.362479502627724992e+00,1.053836428447761930e+00,9.965400228188608933e-01,-3.539868083009403144e-01,5.732785329522676054e-01,-1.705348403946014557e-01,-4.872757218968044035e-01,-8.156443337717953490e-01,8.054519192213553946e-01,5.565025925533816364e-01,-1.810004182342134504e-01,6.470826045000689364e-01,-8.078231342445260088e-01,-1.520590181272440944e-01,-6.467391352159088669e-01,7.938901959723629886e-01,-4.805784352658213909e-01,0.000000000000000000e+00,0.000000000000000000e+00,-2.392467030372219805e-01,-1.734114156426813935e-01,-7.702633457260871230e-01,1.348482734620676249e+00,-3.827972465054903517e-01,-4.122754887853995465e-01,-2.489988027729138353e-01,-3.774647335768301359e-01,-4.668062001933125371e-01,4.220278085021179071e-01,2.100248347741838106e+00,-3.669621702617922865e-01,1.739375798511208382e+00,-5.183686688943279358e-02,-5.183686688943279358e-02,1.418158377741196352e+00,-1.040941436780788015e-01,-2.030901712371240009e-02,-8.401389803667852485e-02,-3.271524934852403366e-01,-5.191945123345532709e-01,-7.103890521813077674e-01,-5.752567881263277033e-02,-3.801429606348526863e-02,-1.147078669352808861e-01,-1.711160802546210780e-01,-7.340709118518067011e-02,-7.197411700355742237e-02,-1.244624194945742751e-01,-7.051263942166730025e-02,-2.872721242393142319e-02,-2.030901712371240009e-02,-2.019004323808653023e-01,-1.435916317235476011e-02,-1.435916317235476011e-02,-5.183686688943279358e-02,-3.801429606348527557e-02,-3.801429606348527557e-02,-1.558271304830920190e-01,-4.064318733121485144e-02,-8.148853797899899276e-02,-1.210011918676099085e-01,-5.569323991926412171e-02,-7.051263942166730025e-02,-4.979810447122927364e-02,-3.212131358814808435e-02,-2.030901712371240009e-02,-3.801429606348527557e-02,-6.749673070628271765e-02,-3.519076715388935045e-02,-1.435916317235476185e-02,2.837317947345407543e+00,-3.753330286669139260e-01,-2.907009498669055336e-01,-4.311306135592269523e-02,-3.519076715388935045e-02,-3.801429606348527557e-02,-1.435916317235476011e-02,-1.286658602907498339e-01,-4.767312946227962589e-02,5.913962991410492975e-01,-2.487592975524973576e-02,-4.967123990818995694e-01,-1.786283982422259831e-01,-4.979810447122926670e-02,5.840947806181536750e-01,-2.030901712371240009e-02,-4.892821642774447533e-01,-1.767766952966368654e-01
-4.835190466443169410e-01,1.842414786390863091e+00,-5.507016019503075954e-01,7.082331122151057645e-01,-2.295673228533472165e-02,-6.182636519582266343e-01,-4.966680157416004104e-01,-4.963069089824175273e-01,2.849368233547192375e+00,-6.302706439077716549e-01,8.414777418280475763e-01,4.325644612047202520e-01,1.401723543500511759e+00,1.436725817838964803e+00,5.538406096503543097e-01,-5.082582929031832508e-01,-8.087874538665257296e-01,-7.377412798852590881e-02,9.399105642268626992e-01,1.793173846749233080e+00,3.600260422021904771e-01,9.406936628861676253e-01,-2.328307787582295230e-01,7.082883581693830144e-02,-1.810004182342134504e-01,-6.157906311089724749e-01,-4.720741674399969168e-01,-1.773242088314630704e+00,-1.202811734101178587e+00,-1.967013050142891462e-01,9.276940622890612609e-01,0.000000000000000000e+00,0.000000000000000000e+00,9.205658450309623930e-01,7.108409781372613256e-01,7.213723788716157603e-01,-3.693978911882651595e-01,-8.350717137271239654e-01,-7.298116194175201521e-01,-7.200041419233935702e-01,-3.774647335768301359e-01,-4.668062001933125371e-01,-9.241704559171570743e-01,-9.515480014204554804e-01,-3.669621702617922865e-01,1.739375798511208382e+00,-5.183686688943279358e-02,-5.183686688943279358e-02,-7.051398600435393460e-01,-1.040941436780788015e-01,-2.030901712371240009e-02,-8.401389803667852485e-02,-3.271524934852403366e-01,-5.191945123345532709e-01,1.407679351095596942e+00,-5.752567881263277033e-02,-3.801429606348526863e-02,-1.147078669352808861e-01,-1.711160802546210780e-01,-7.340709118518067011e-02,-7.197411700355742237e-02,-1.244624194945742751e-01,-7.051263942166730025e-02,-2.872721242393142319e-02,-2.030901712371240009e-02,-2.019004323808653023e-01,-1.435916317235476011e-02,-1.435916317235476011e-02,-5.183686688943279358e-02,-3.801429606348527557e-02,-3.801429606348527557e-02,-1.558271304830920190e-01,-4.064318733121485144e-02,-8.148853797899899276e-02,-1.210011918676099085e-01,-5.569323991926412171e-02,-7.051263942166730025e-02,-4.979810447122927364e-02,-3.212131358814808435e-02,-2.030901712371240009e-02,-3.801429606348527557e-02,-6.749673070628271765e-02,-3.519076715388935045e-02,-1.435916317235476185e-02,-3.524455202264515918e-01,-3.753330286669139260e-01,-2.907009498669055336e-01,-4.311306135592269523e-02,-3.519076715388935045e-02,-3.801429606348527557e-02,-1.435916317235476011e-02,-1.286658602907498339e-01,-4.767312946227962589e-02,5.913962991410492975e-01,-2.487592975524973576e-02,-4.967123990818995694e-01,-1.786283982422259831e-01,-4.979810447122926670e-02,-1.712050908829709783e+00,-2.030901712371240009e-02,2.043810449286999731e+00,-1.767766952966368654e-01
9.061229246186908171e-01,-7.448690342834912714e-02,-5.507016019503075954e-01,-1.284019034700219164e+00,-8.481344034424381784e-01,-1.084473080082267282e+00,-4.966680157416004104e-01,-4.963069089824175273e-01,-6.623362709603883292e-02,-6.302706439077716549e-01,-8.592636530425367125e-01,-3.064091508042205425e-01,-1.141714803437684222e-01,-1.662369355246243741e-01,-1.761860997889140579e-01,3.961123352473639447e-01,1.335038924697370621e+00,1.130343255530836949e-01,8.183559741398087339e-02,-4.212210557746654538e-01,-4.872757218968044035e-01,-5.647389056778006067e-01,3.734656872152507523e-01,6.583374125142485989e-01,-8.805736447596543282e-02,4.786995064188634408e-01,8.750744390088503744e-02,1.237526470604801476e+00,-2.785289008189059112e-01,2.770598476315010439e-01,-4.805784352658213909e-01,0.000000000000000000e+00,0.000000000000000000e+00,-2.392467030372219805e-01,-7.629130114959765674e-01,-1.068590490645627611e+00,7.330834250702170651e-01,1.954733567096424318e+00,1.175405164375203482e+00,1.399519884253765056e+00,-3.774647335768301359e-01,1.696017942249628430e+00,1.768226072921393000e+00,1.630741217101485230e+00,-3.669621702617922865e-01,1.739375798511208382e+00,-5.183686688943279358e-02,-5.183686688943279358e-02,1.418158377741196352e+00,-1.040941436780788015e-01,-2.030901712371240009e-02,-8.401389803667852485e-02,-3.271524934852403366e-01,-5.191945123345532709e-01,-7.103890521813077674e-01,-5.752567881263277033e-02,-3.801429606348526863e-02,-1.147078669352808861e-01,-1.711160802546210780e-01,-7.340709118518067011e-02,-7.197411700355742237e-02,-1.244624194945742751e-01,-7.051263942166730025e-02,-2.872721242393142319e-02,-2.030901712371240009e-02,-2.019004323808653023e-01,-1.435916317235476011e-02,-1.435916317235476011e-02,-5.183686688943279358e-02,-3.801429606348527557e-02,-3.801429606348527557e-02,-1.558271304830920190e-01,-4.064318733121485144e-02,-8.148853797899899276e-02,-1.210011918676099085e-01,-5.569323991926412171e-02,-7.051263942166730025e-02,-4.979810447122927364e-02,-3.212131358814808435e-02,-2.030901712371240009e-02,-3.801429606348527557e-02,-6.749673070628271765e-02,-3.519076715388935045e-02,-1.435916317235476185e-02,-3.524455202264515918e-01,2.664300564093018409e+00,-2.907009498669055336e-01,-4.311306135592269523e-02,-3.519076715388935045e-02,-3.801429606348527557e-02,-1.435916317235476011e-02,-1.286658602907498339e-01,-4.767312946227962589e-02,-1.690913523558418063e+00,-2.487592975524973576e-02,2.013237442528823973e+00,-1.786283982422259831e-01,-4.979810447122926670e-02,-1.712050908829709783e+00,-2.030901712371240009e-02,2.043810449286999731e+00,-1.767766952966368654e-01
-6.588577550765021273e-01,-5.537123258831522232e-01,-4.977276807426366662e-02,7.082331122151057645e-01,1.923070080165183438e-01,1.067262742028689759e+00,1.677823450289539942e+00,-4.963069089824175273e-01,-6.493539992246850634e-01,1.151455984062275117e+00,8.414777418280475763e-01,-5.527336881405341407e-01,7.331749688820088373e-01,-2.522495710709631855e-01,-9.062128092281823699e-01,2.316813119472644900e-01,-2.446226174023423960e-01,-3.539868083009403144e-01,-7.294352803000163643e-01,-1.705348403946014557e-01,-7.697096432631360674e-01,-1.317455189959784834e+00,-3.313539544789203539e-01,-1.955083856191756064e-01,9.782874304053058856e-02,3.103164083376579452e-01,-1.363252006354677692e-01,2.648166284923695879e-01,-3.161013737165593307e-01,3.631982390216446643e-01,-7.622329347767978769e-01,0.000000000000000000e+00,0.000000000000000000e+00,-6.258508857266168457e-01,-4.681622135693289666e-01,-1.366917635565168210e+00,-1.055618042214193641e-01,1.536461828637623005e-02,1.810477425639444693e+00,2.341530562554724693e+00,-3.774647335768301359e-01,-4.668062001933125371e-01,7.812957911571764835e-03,-7.167944361002790421e-01,-3.669621702617922865e-01,-4.602362970513234064e-01,-5.183686688943279358e-02,-5.183686688943279358e-02,-7.051398600435393460e-01,-1.040941436780788015e-01,-2.030901712371240009e-02,-8.401389803667852485e-02,-3.271524934852403366e-01,-5.191945123345532709e-01,1.407679351095596942e+00,-5.752567881263277033e-02,-3.801429606348526863e-02,-1.147078669352808861e-01,-1.711160802546210780e-01,-7.340709118518067011e-02,-7.197411700355742237e-02,-1.244624194945742751e-01,-7.051263942166730025e-02,-2.872721242393142319e-02,-2.030901712371240009e-02,-2.019004323808653023e-01,-1.435916317235476011e-02,-1.435916317235476011e-02,-5.183686688943279358e-02,-3.801429606348527557e-02,-3.801429606348527557e-02,-1.558271304830920190e-01,-4.064318733121485144e-02,-8.148853797899899276e-02,-1.210011918676099085e-01,-5.569323991926412171e-02,-7.051263942166730025e-02,-4.979810447122927364e-02,-3.212131358814808435e-02,-2.030901712371240009e-02,-3.801429606348527557e-02,-6.749673070628271765e-02,-3.519076715388935045e-02,-1.435916317235476185e-02,-3.524455202264515918e-01,-3.753330286669139260e-01,-2.907009498669055336e-01,-4.311306135592269523e-02,-3.519076715388935045e-02,-3.801429606348527557e-02,-1.435916317235476011e-02,-1.286658602907498339e-01,-4.767312946227962589e-02,5.913962991410492975e-01,-2.487592975524973576e-02,-4.967123990818995694e-01,-1.786283982422259831e-01,-4.979810447122926670e-02,5.840947806181536750e-01,-2.030901712371240009e-02,-4.892821642774447533e-01,-1.767766952966368654e-01
-3.951880369247066094e-01,-5.537123258831522232e-01,-5.507016019503075954e-01,7.082331122151057645e-01,2.380821701085357844e+00,2.178992916786017364e+00,-4.966680157416004104e-01,-4.963069089824175273e-01,-6.493539992246850634e-01,-6.302706439077716549e-01,8.414777418280475763e-01,-1.291707300149474991e+00,9.275204847594803459e-01,5.140448183418744321e-01,-3.586927771487311012e-01,5.605433585474633995e-01,-8.087874538665257296e-01,-1.054518509081976418e+00,-1.064864585508688455e+00,3.837033908878519084e-02,-1.334577485995799284e+00,-1.317455189959784834e+00,3.594415662699364855e+00,2.554031753324236931e+00,-1.017487902058445526e+00,5.774176121584963933e-02,-8.078231342445260088e-01,-1.773242088314630704e+00,-1.202811734101178587e+00,-2.436299481158024527e+00,-1.607196433309727501e+00,0.000000000000000000e+00,0.000000000000000000e+00,-2.945475981862985648e+00,-1.647165405275919259e+00,-1.665244780484708809e+00,-1.219172682461133306e+00,-2.440412252476881427e+00,-1.153193126927014367e+00,-9.555068114986333683e-01,-3.774647335768301359e-01,-4.668062001933125371e-01,-1.338385306507703376e+00,-1.186301566740631808e+00,-3.669621702617922865e-01,-4.602362970513234064e-01,-5.183686688943279358e-02,-5.183686688943279358e-02,-7.051398600435393460e-01,-1.040941436780788015e-01,-2.030901712371240009e-02,-8.401389803667852485e-02,-3.271524934852403366e-01,-5.191945123345532709e-01,1.407679351095596942e+00,-5.752567881263277033e-02,-3.801429606348526863e-02,-1.147078669352808861e-01,-1.711160802546210780e-01,-7.340709118518067011e-02,-7.197411700355742237e-02,-1.244624194945742751e-01,-7.051263942166730025e-02,-2.872721242393142319e-02,-2.030901712371240009e-02,-2.019004323808653023e-01,-1.435916317235476011e-02,-1.435916317235476011e-02,-5.183686688943279358e-02,-3.801429606348527557e-02,-3.801429606348527557e-02,-1.558271304830920190e-01,-4.064318733121485144e-02,-8.148853797899899276e-02,-1.210011918676099085e-01,-5.569323991926412171e-02,-7.051263942166730025e-02,-4.979810447122927364e-02,-3.212131358814808435e-02,-2.030901712371240009e-02,-3.801429606348527557e-02,-6.749673070628271765e-02,-3.519076715388935045e-02,-1.435916317235476185e-02,-3.524455202264515918e-01,-3.753330286669139260e-01,-2.907009498669055336e-01,-4.311306135592269523e-02,-3.519076715388935045e-02,-3.801429606348527557e-02,-1.435916317235476011e-02,-1.286658602907498339e-01,-4.767312946227962589e-02,-1.690913523558418063e+00,-2.487592975524973576e-02,2.013237442528823973e+00,-1.786283982422259831e-01,-4.979810447122926670e-02,5.840947806181536750e-01,-2.030901712371240009e-02,-4.892821642774447533e-01,-1.767766952966368654e-01
-6.494291641513751934e-01,-5.537123258831522232e-01,-5.507016019503075954e-01,7.082331122151057645e-01,2.999388781674448556e-01,-2.955032786415830448e-01,-4.966680157416004104e-01,-4.963069089824175273e-01,-6.493539992246850634e-01,-3.636176791775609651e-02,8.414777418280475763e-01,-3.064091508042205425e-01,-3.643327399277963147e-02,-5.259261387184053227e-01,-1.761860997889140579e-01,-7.549048278533324607e-01,4.323751863546776431e-01,5.333533460217053657e-01,-7.372359618164970874e-01,9.157720929190091841e-01,-4.872757218968044035e-01,1.879773786041834815e-01,4.568314512866042398e-01,-2.190087286870682215e-01,-2.739434719924614403e-01,1.419333102564523941e-01,-4.720741674399969168e-01,-9.858103113664714590e-01,2.550002143277718125e-01,1.009236174447722290e+00,-7.622329347767978769e-01,0.000000000000000000e+00,0.000000000000000000e+00,-6.258508857266168457e-01,-1.734114156426813935e-01,4.230452339520751615e-01,-1.636203916699050964e+00,-9.005412820989410205e-01,-3.064301119080259928e-01,-2.489988027729138353e-01,-3.774647335768301359e-01,-4.668062001933125371e-01,-4.064018926789744190e-01,-2.472873054599261933e-01,-3.669621702617922865e-01,-4.602362970513234064e-01,-5.183686688943279358e-02,-5.183686688943279358e-02,-7.051398600435393460e-01,-1.040941436780788015e-01,-2.030901712371240009e-02,-8.401389803667852485e-02,-3.271524934852403366e-01,-5.191945123345532709e-01,1.407679351095596942e+00,-5.752567881263277033e-02,-3.801429606348526863e-02,-1.147078669352808861e-01,-1.711160802546210780e-01,-7.340709118518067011e-02,-7.197411700355742237e-02,-1.244624194945742751e-01,-7.051263942166730025e-02,-2.872721242393142319e-02,-2.030901712371240009e-02,-2.019004323808653023e-01,-1.435916317235476011e-02,-1.435916317235476011e-02,-5.183686688943279358e-02,-3.801429606348527557e-02,-3.801429606348527557e-02,-1.558271304830920190e-01,-4.064318733121485144e-02,-8.148853797899899276e-02,-1.210011918676099085e-01,-5.569323991926412171e-02,-7.051263942166730025e-02,-4.979810447122927364e-02,-3.212131358814808435e-02,-2.030901712371240009e-02,-3.801429606348527557e-02,-6.749673070628271765e-02,-3.519076715388935045e-02,-1.435916317235476185e-02,-3.524455202264515918e-01,-3.753330286669139260e-01,-2.907009498669055336e-01,-4.311306135592269523e-02,-3.519076715388935045e-02,-3.801429606348527557e-02,-1.435916317235476011e-02,-1.286658602907498339e-01,-4.767312946227962589e-02,-1.690913523558418063e+00,-2.487592975524973576e-02,2.013237442528823973e+00,-1.786283982422259831e-01,-4.979810447122926670e-02,-1.712050908829709783e+00,-2.030901712371240009e-02,2.043810449286999731e+00,-1.767766952966368654e-01
-1.529596397705769162e+00,4.047385190264539689e-01,-5.507016019503075954e-01,-2.878929612425566442e-01,-7.763798233418204298e-01,-6.182636519582266343e-01,5.905777172739697933e-01,-4.963069089824175273e-01,1.100007117161253767e+00,-6.302706439077716549e-01,-2.113711206705946477e+00,-6.008461346790693741e-02,-2.463264311404491924e-01,-8.230606978784851258e-01,9.188539643699884518e-01,3.138968235973142451e-01,2.463368597625736900e+00,1.700906180656765354e+00,5.557914021983463293e+00,-2.384929742918500128e+00,2.619497413132843455e+00,1.693409947168151630e+00,-1.797798379855501116e-01,4.546677725925142299e-01,7.484301193482666426e-01,8.154657025812744875e-01,-2.440887836729143182e-02,-1.773242088314630704e+00,-1.202811734101178587e+00,-6.749371792907364609e-02,2.617621059354920288e+00,0.000000000000000000e+00,0.000000000000000000e+00,1.307170027720357286e+00,2.184594967770498997e+00,1.318026668710696736e+00,1.557325691797906586e+00,3.921486648343842085e-01,-1.470729257559134862e+00,-1.191009481073873166e+00,-3.774647335768301359e-01,-4.668062001933125371e-01,-9.241704559171570743e-01,-4.820408707801026038e-01,-3.669621702617922865e-01,-4.602362970513234064e-01,-5.183686688943279358e-02,-5.183686688943279358e-02,1.418158377741196352e+00,-1.040941436780788015e-01,-2.030901712371240009e-02,-8.401389803667852485e-02,-3.271524934852403366e-01,-5.191945123345532709e-01,-7.103890521813077674e-01,-5.752567881263277033e-02,-3.801429606348526863e-02,-1.147078669352808861e-01,-1.711160802546210780e-01,-7.340709118518067011e-02,-7.197411700355742237e-02,-1.244624194945742751e-01,-7.051263942166730025e-02,-2.872721242393142319e-02,-2.030901712371240009e-02,-2.019004323808653023e-01,-1.435916317235476011e-02,-1.435916317235476011e-02,-5.183686688943279358e-02,-3.801429606348527557e-02,-3.801429606348527557e-02,-1.558271304830920190e-01,-4.064318733121485144e-02,-8.148853797899899276e-02,-1.210011918676099085e-01,-5.569323991926412171e-02,-7.051263942166730025e-02,-4.979810447122927364e-02,-3.212131358814808435e-02,-2.030901712371240009e-02,-3.801429606348527557e-02,-6.749673070628271765e-02,-3.519076715388935045e-02,-1.435916317235476185e-02,-3.524455202264515918e-01,2.664300564093018409e+00,-2.907009498669055336e-01,-4.311306135592269523e-02,-3.519076715388935045e-02,-3.801429606348527557e-02,-1.435916317235476011e-02,-1.286658602907498339e-01,-4.767312946227962589e-02,5.913962991410492975e-01,-2.487592975524973576e-02,-4.967123990818995694e-01,-1.786283982422259831e-01,-4.979810447122926670e-02,-1.712050908829709783e+00,-2.030901712371240009e-02,-4.892821642774447533e-01,5.656854249492379694e+00
1.062935278952380935e+00,-5.537123258831522232e-01,-5.507016019503075954e-01,-2.878929612425566442e-01,1.555644029928254346e+00,9.596759509231419516e-01,-4.966680157416004104e-01,-4.963069089824175273e-01,-6.493539992246850634e-01,-6.302706439077716549e-01,-7.386436959595167329e-01,-6.008461346790693741e-02,2.148010324470003507e+00,4.564458019524016308e+00,1.557627335129348145e+00,-3.438272696030836850e-01,-8.087874538665257296e-01,-1.801752323248414722e+00,-1.236479578871264806e+00,9.993341647123638039e-01,3.600260422021904771e-01,1.693409947168151630e+00,6.008268619553057688e-01,3.606664003209448244e-01,8.413731731065147157e-01,-1.948328859059586526e-01,-5.839904897081731328e-01,-1.310046925403953073e-02,-5.715941894206021390e-01,6.216134131920756367e-01,3.643850632671082335e-01,0.000000000000000000e+00,0.000000000000000000e+00,5.339616623415676111e-01,7.108409781372613256e-01,4.230452339520751615e-01,-6.175216553580780143e-01,1.012105393906283846e+00,-6.239662425401465429e-01,-1.662014820224352984e+00,-3.774647335768301359e-01,-4.668062001933125371e-01,-3.028481800313378436e-01,4.569733905006030938e-01,-3.669621702617922865e-01,-4.602362970513234064e-01,-5.183686688943279358e-02,-5.183686688943279358e-02,1.418158377741196352e+00,-1.040941436780788015e-01,-2.030901712371240009e-02,-8.401389803667852485e-02,-3.271524934852403366e-01,-5.191945123345532709e-01,-7.103890521813077674e-01,-5.752567881263277033e-02,-3.801429606348526863e-02,-1.147078669352808861e-01,-1.711160802546210780e-01,-7.340709118518067011e-02,-7.197411700355742237e-02,-1.244624194945742751e-01,-7.051263942166730025e-02,-2.872721242393142319e-02,-2.030901712371240009e-02,-2.019004323808653023e-01,-1.435916317235476011e-02,-1.435916317235476011e-02,-5.183686688943279358e-02,-3.801429606348527557e-02,-3.801429606348527557e-02,-1.558271304830920190e-01,-4.064318733121485144e-02,-8.148853797899899276e-02,-1.210011918676099085e-01,-5.569323991926412171e-02,-7.051263942166730025e-02,-4.979810447122927364e-02,-3.212131358814808435e-02,-2.030901712371240009e-02,-3.801429606348527557e-02,-6.749673070628271765e-02,-3.519076715388935045e-02,-1.435916317235476185e-02,-3.524455202264515918e-01,2.664300564093018409e+00,-2.907009498669055336e-01,-4.311306135592269523e-02,-3.519076715388935045e-02,-3.801429606348527557e-02,-1.435916317235476011e-02,-1.286658602907498339e-01,-4.767312946227962589e-02,-1.690913523558418063e+00,-2.487592975524973576e-02,-4.967123990818995694e-01,-1.786283982422259831e-01,-4.979810447122926670e-02,5.840947806181536750e-01,-2.030901712371240009e-02,-4.892821642774447533e-01,-1.767766952966368654e-01
7.455060511397739731e-01,4.047385190264539689e-01,-5.507016019503075954e-01,-1.284019034700219164e+00,-9.916435636436735646e-01,-1.120335343784116588e+00,5.905777172739697933e-01,-4.963069089824175273e-01,-6.623362709603883292e-02,-6.302706439077716549e-01,-7.929226766468756571e-01,1.664187147886288409e+00,9.974848704753700446e-01,-4.894697796143467755e-02,-8.493276110900550846e-02,-1.001551362803481560e+00,-5.831215192808524295e-01,1.373991386958948624e+00,-2.925971153770947630e-01,7.486479493322998335e-01,2.337063491766512069e+00,1.879773786041834815e-01,-6.117660699916547262e-01,-2.346756240656631687e-01,7.484301193482666426e-01,-6.999821801495752505e-01,-8.078231342445260088e-01,1.283845986895869817e+00,-6.812305259204708141e-02,-6.704624576600792807e-01,9.276940622890612609e-01,0.000000000000000000e+00,0.000000000000000000e+00,1.307170027720357286e+00,2.184594967770498997e+00,7.213723788716157603e-01,-7.359786739963103917e-03,1.012773450726404345e+00,1.110601872409461635e-02,-1.349613319767399566e-02,9.257960654133498002e-01,-4.668062001933125371e-01,-7.170630306218840344e-01,-9.515480014204554804e-01,-3.669621702617922865e-01,-4.602362970513234064e-01,-5.183686688943279358e-02,-5.183686688943279358e-02,-7.051398600435393460e-01,-1.040941436780788015e-01,-2.030901712371240009e-02,-8.401389803667852485e-02,-3.271524934852403366e-01,1.926060419058570616e+00,-7.103890521813077674e-01,-5.752567881263277033e-02,-3.801429606348526863e-02,8.717797887081346175e+00,-1.711160802546210780e-01,-7.340709118518067011e-02,-7.197411700355742237e-02,-1.244624194945742751e-01,-7.051263942166730025e-02,-2.872721242393142319e-02,-2.030901712371240009e-02,-2.019004323808653023e-01,-1.435916317235476011e-02,-1.435916317235476011e-02,-5.183686688943279358e-02,-3.801429606348527557e-02,-3.801429606348527557e-02,-1.558271304830920190e-01,-4.064318733121485144e-02,-8.148853797899899276e-02,-1.210011918676099085e-01,-5.569323991926412171e-02,-7.051263942166730025e-02,-4.979810447122927364e-02,-3.212131358814808435e-02,-2.030901712371240009e-02,-3.801429606348527557e-02,-6.749673070628271765e-02,-3.519076715388935045e-02,-1.435916317235476185e-02,-3.524455202264515918e-01,-3.753330286669139260e-01,-2.907009498669055336e-01,-4.311306135592269523e-02,-3.519076715388935045e-02,-3.801429606348527557e-02,-1.435916317235476011e-02,-1.286658602907498339e-01,-4.767312946227962589e-02,5.913962991410492975e-01,-2.487592975524973576e-02,-4.967123990818995694e-01,-1.786283982422259831e-01,-4.979810447122926670e-02,5.840947806181536750e-01,-2.030901712371240009e-02,-4.892821642774447533e-01,-1.767766952966368654e-01
-1.510077560351997583e+00,-5.537123258831522232e-01,-4.977276807426366662e-02,-1.284019034700219164e+00,-1.027520853693982383e+00,-3.672278060452816018e-01,-4.966680157416004104e-01,-4.963069089824175273e-01,-6.493539992246850634e-01,-6.302706439077716549e-01,-1.516642419144996756e+00,4.325644612047202520e-01,-5.198091526297738546e-02,-1.049821282500651431e+00,1.010107303049897043e+00,-1.083766874453531370e+00,2.124869695747227727e+00,2.531406657092908907e-01,-4.330093826737481111e-01,-8.697276860124680820e-02,-1.052143564629467676e+00,-1.066549761865789980e+00,-1.570437205115447210e-01,6.299538812764064744e-02,6.554870655900186804e-01,-1.626089219596205560e+00,6.019072524114232436e+00,-1.773242088314630704e+00,-1.202811734101178587e+00,-2.828396964044327944e-01,-1.043887434287774418e+00,0.000000000000000000e+00,0.000000000000000000e+00,-1.012455068416011628e+00,-4.681622135693289666e-01,-7.702633457260871230e-01,-1.306899818077900788e+00,-1.133693112321023877e+00,-7.298116194175201521e-01,6.930118755280455511e-01,-3.774647335768301359e-01,-4.668062001933125371e-01,-1.131277881212430225e+00,-4.820408707801026038e-01,-3.669621702617922865e-01,-4.602362970513234064e-01,-5.183686688943279358e-02,-5.183686688943279358e-02,1.418158377741196352e+00,-1.040941436780788015e-01,-2.030901712371240009e-02,-8.401389803667852485e-02,-3.271524934852403366e-01,-5.191945123345532709e-01,-7.103890521813077674e-01,-5.752567881263277033e-02,-3.801429606348526863e-02,-1.147078669352808861e-01,-1.711160802546210780e-01,-7.340709118518067011e-02,-7.197411700355742237e-02,-1.244624194945742751e-01,-7.051263942166730025e-02,-2.872721242393142319e-02,-2.030901712371240009e-02,-2.019004323808653023e-01,-1.435916317235476011e-02,-1.435916317235476011e-02,-5.183686688943279358e-02,-3.801429606348527557e-02,-3.801429606348527557e-02,-1.558271304830920190e-01,-4.064318733121485144e-02,-8.148853797899899276e-02,-1.210011918676099085e-01,-5.569323991926412171e-02,-7.051263942166730025e-02,-4.979810447122927364e-02,-3.212131358814808435e-02,-2.030901712371240009e-02,-3.801429606348527557e-02,-6.749673070628271765e-02,-3.519076715388935045e-02,-1.435916317235476185e-02,-3.524455202264515918e-01,2.664300564093018409e+00,-2.907009498669055336e-01,-4.311306135592269523e-02,-3.519076715388935045e-02,-3.801429606348527557e-02,-1.435916317235476011e-02,-1.286658602907498339e-01,-4.767312946227962589e-02,5.913962991410492975e-01,-2.487592975524973576e-02,-4.967123990818995694e-01,-1.786283982422259831e-01,-4.979810447122926670e-02,-1.712050908829709783e+00,-2.030901712371240009e-02,-4.892821642774447533e-01,-1.767766952966368654e-01
9.061229246186908171e-01,-5.537123258831522232e-01,-5.507016019503075954e-01,-1.284019034700219164e+00,-1.099275433794600021e+00,-9.410240252748701684e-01,-4.966680157416004104e-01,-4.963069089824175273e-01,-6.493539992246850634e-01,-6.302706439077716549e-01,-2.095618213143493502e+00,-5.527336881405341407e-01,-4.420709462787833499e-02,4.202128522913227693e-01,1.888272549307201120e-01,9.716209167977121197e-01,-5.831215192808524295e-01,1.373991386958948624e+00,-6.826311912011319150e-01,1.458925559575814379e+00,-7.697096432631360674e-01,4.388828066981781961e-01,1.063127917260084487e+00,1.802020775151679022e+00,5.625440118317706073e-01,5.774176121584963933e-02,-8.078231342445260088e-01,1.098567921731596897e+00,-6.392246406363781830e-01,5.785442174970039098e-01,-4.805784352658213909e-01,0.000000000000000000e+00,0.000000000000000000e+00,-6.258508857266168457e-01,-1.057663809422624057e+00,-4.719362008065465242e-01,-1.284756083004258143e-01,-5.792059516209412395e-01,1.069559787497829983e+00,-7.200041419233935702e-01,-3.774647335768301359e-01,-4.668062001933125371e-01,3.184740958544813871e-01,-7.167944361002790421e-01,-3.669621702617922865e-01,-4.602362970513234064e-01,-5.183686688943279358e-02,-5.183686688943279358e-02,1.418158377741196352e+00,-1.040941436780788015e-01,-2.030901712371240009e-02,-8.401389803667852485e-02,-3.271524934852403366e-01,-5.191945123345532709e-01,-7.103890521813077674e-01,-5.752567881263277033e-02,-3.801429606348526863e-02,-1.147078669352808861e-01,-1.711160802546210780e-01,-7.340709118518067011e-02,-7.197411700355742237e-02,-1.244624194945742751e-01,-7.051263942166730025e-02,-2.872721242393142319e-02,-2.030901712371240009e-02,-2.019004323808653023e-01,-1.435916317235476011e-02,-1.435916317235476011e-02,-5.183686688943279358e-02,-3.801429606348527557e-02,-3.801429606348527557e-02,-1.558271304830920190e-01,-4.064318733121485144e-02,-8.148853797899899276e-02,-1.210011918676099085e-01,-5.569323991926412171e-02,-7.051263942166730025e-02,-4.979810447122927364e-02,-3.212131358814808435e-02,-2.030901712371240009e-02,-3.801429606348527557e-02,-6.749673070628271765e-02,-3.519076715388935045e-02,-1.435916317235476185e-02,2.837317947345407543e+00,-3.753330286669139260e-01,-2.907009498669055336e-01,-4.311306135592269523e-02,-3.519076715388935045e-02,-3.801429606348527557e-02,-1.435916317235476011e-02,-1.286658602907498339e-01,-4.767312946227962589e-02,5.913962991410492975e-01,-2.487592975524973576e-02,-4.967123990818995694e-01,-1.786283982422259831e-01,-4.979810447122926670e-02,-1.712050908829709783e+00,-2.030901712371240009e-02,2.043810449286999731e+00,-1.767766952966368654e-01
-2.267967112794570250e-01,-5.537123258831522232e-01,-5.507016019503075954e-01,-1.284019034700219164e+00,-1.099275433794600021e+00,-7.975749704674730545e-01,-4.966680157416004104e-01,-4.963069089824175273e-01,-6.493539992246850634e-01,-6.302706439077716549e-01,-2.047370230310285422e+00,9.252135358773474483e-01,1.355080619689918109e+00,-6.432160962815945959e-01,1.192613980409714003e+00,-6.726893162032826501e-01,2.914700466797083944e+00,-1.334731189394390727e+00,3.503150831509637547e-02,1.793173846749233080e+00,9.248938849348538049e-01,9.406936628861676253e-01,5.932481561306374163e-01,3.278066132611746832e-04,-1.810004182342134504e-01,-2.790244349465614282e-01,-8.078231342445260088e-01,1.258580796191650364e-01,7.810148348949189634e-01,-1.967013050142891462e-01,9.276940622890612609e-01,0.000000000000000000e+00,0.000000000000000000e+00,9.205658450309623930e-01,4.160901802106137248e-01,1.616353813630237335e+00,7.212991829724423321e-01,-2.217955528564301837e-01,-7.298116194175201521e-01,-9.555068114986333683e-01,-3.774647335768301359e-01,-4.668062001933125371e-01,-7.170630306218840344e-01,-2.472873054599261933e-01,-3.669621702617922865e-01,1.739375798511208382e+00,-5.183686688943279358e-02,-5.183686688943279358e-02,1.418158377741196352e+00,-1.040941436780788015e-01,-2.030901712371240009e-02,-8.401389803667852485e-02,-3.271524934852403366e-01,-5.191945123345532709e-01,-7.103890521813077674e-01,-5.752567881263277033e-02,-3.801429606348526863e-02,-1.147078669352808861e-01,-1.711160802546210780e-01,-7.340709118518067011e-02,-7.197411700355742237e-02,-1.244624194945742751e-01,-7.051263942166730025e-02,-2.872721242393142319e-02,-2.030901712371240009e-02,-2.019004323808653023e-01,-1.435916317235476011e-02,-1.435916317235476011e-02,-5.183686688943279358e-02,-3.801429606348527557e-02,-3.801429606348527557e-02,-1.558271304830920190e-01,-4.064318733121485144e-02,-8.148853797899899276e-02,-1.210011918676099085e-01,-5.569323991926412171e-02,-7.051263942166730025e-02,-4.979810447122927364e-02,-3.212131358814808435e-02,-2.030901712371240009e-02,-3.801429606348527557e-02,-6.749673070628271765e-02,-3.519076715388935045e-02,-1.435916317235476185e-02,2.837317947345407543e+00,-3.753330286669139260e-01,-2.907009498669055336e-01,-4.311306135592269523e-02,-3.519076715388935045e-02,-3.801429606348527557e-02,-1.435916317235476011e-02,-1.286658602907498339e-01,-4.767312946227962589e-02,5.913962991410492975e-01,-2.487592975524973576e-02,-4.967123990818995694e-01,-1.786283982422259831e-01,-4.979810447122926670e-02,5.840947806181536750e-01,-2.030901712371240009e-02,-4.892821642774447533e-01,-1.767766952966368654e-01
-6.643164129805230189e-01,-7.448690342834912714e-02,-5.507016019503075954e-01,-1.284019034700219164e+00,-9.557662735933646347e-01,-1.084473080082267282e+00,5.905777172739697933e-01,-4.963069089824175273e-01,-6.493539992246850634e-01,-6.302706439077716549e-01,-1.534735412707449731e+00,-3.064091508042205425e-01,-4.095766644775254983e-01,-6.510354267858070587e-01,-8.493276110900550846e-02,-3.438272696030836850e-01,5.452081536475141821e-01,2.064385523238884967e-01,1.127126920622400386e+00,-6.719072711547294796e-01,-1.334577485995799284e+00,-3.138334775838059199e-01,9.797621531887313884e-01,-5.401800839482646666e-01,1.907717967987786201e-01,-1.205131474393191793e+00,9.828380220462961114e-01,-1.983785344183122967e-01,6.833264053610199618e-01,-6.273932619650074427e-01,-1.043887434287774418e+00,0.000000000000000000e+00,0.000000000000000000e+00,-1.012455068416011628e+00,-1.734114156426813935e-01,-4.719362008065465242e-01,-1.175963794769292470e+00,2.184538916030329958e-01,3.286421493562152185e-01,-2.489988027729138353e-01,2.229056864403530014e+00,-4.668062001933125371e-01,-9.241704559171570743e-01,-7.167944361002790421e-01,-3.669621702617922865e-01,1.739375798511208382e+00,-5.183686688943279358e-02,-5.183686688943279358e-02,-7.051398600435393460e-01,-1.040941436780788015e-01,-2.030901712371240009e-02,-8.401389803667852485e-02,-3.271524934852403366e-01,1.926060419058570616e+00,-7.103890521813077674e-01,-5.752567881263277033e-02,-3.801429606348526863e-02,-1.147078669352808861e-01,-1.711160802546210780e-01,-7.340709118518067011e-02,-7.197411700355742237e-02,-1.244624194945742751e-01,-7.051263942166730025e-02,-2.872721242393142319e-02,-2.030901712371240009e-02,-2.019004323808653023e-01,-1.435916317235476011e-02,-1.435916317235476011e-02,-5.183686688943279358e-02,-3.801429606348527557e-02,-3.801429606348527557e-02,-1.558271304830920190e-01,-4.064318733121485144e-02,-8.148853797899899276e-02,-1.210011918676099085e-01,-5.569323991926412171e-02,-7.051263942166730025e-02,-4.979810447122927364e-02,-3.212131358814808435e-02,-2.030901712371240009e-02,-3.801429606348527557e-02,-6.749673070628271765e-02,-3.519076715388935045e-02,-1.435916317235476185e-02,-3.524455202264515918e-01,-3.753330286669139260e-01,3.439961240091715222e+00,-4.311306135592269523e-02,-3.519076715388935045e-02,-3.801429606348527557e-02,-1.435916317235476011e-02,-1.286658602907498339e-01,-4.767312946227962589e-02,-1.690913523558418063e+00,-2.487592975524973576e-02,2.013237442528823973e+00,-1.786283982422259831e-01,-4.979810447122926670e-02,5.840947806181536750e-01,-2.030901712371240009e-02,-4.892821642774447533e-01,-1.767766952966368654e-01
-5.948425851111666107e-01,-5.537123258831522232e-01,-5.507016019503075954e-01,-1.284019034700219164e+00,-2.740977626374966336e-01,-8.692994978711715559e-01,-4.966680157416004104e-01,-4.963069089824175273e-01,-6.493539992246850634e-01,-6.302706439077716549e-01,-1.777608955234728227e-01,6.788889985410339056e-01,-3.784813819371299348e-01,4.123935217871103065e-01,6.320577570903027943e-03,4.783278468974136999e-01,-8.087874538665257296e-01,2.998427790946933125e-01,-9.322529997285158299e-01,8.739910570223318187e-01,-6.362483984730694930e-02,-8.156443337717953490e-01,7.296648609746706482e-01,4.076670864567296659e-01,2.837148505570266099e-01,-1.106413368653558910e-01,-4.720741674399969168e-01,3.574556610745059926e-01,1.675239689859068903e+00,2.770598476315010439e-01,3.643850632671082335e-01,0.000000000000000000e+00,0.000000000000000000e+00,1.473574796521728292e-01,4.160901802106137248e-01,-4.719362008065465242e-01,7.631987104311970249e-01,6.386616314588787757e-01,-4.122754887853995465e-01,-7.200041419233935702e-01,9.257960654133498002e-01,-4.668062001933125371e-01,7.812957911571764835e-03,2.222198251804266556e-01,-3.669621702617922865e-01,-4.602362970513234064e-01,-5.183686688943279358e-02,-5.183686688943279358e-02,1.418158377741196352e+00,-1.040941436780788015e-01,-2.030901712371240009e-02,-8.401389803667852485e-02,-3.271524934852403366e-01,-5.191945123345532709e-01,-7.103890521813077674e-01,-5.752567881263277033e-02,-3.801429606348526863e-02,-1.147078669352808861e-01,-1.711160802546210780e-01,-7.340709118518067011e-02,-7.197411700355742237e-02,-1.244624194945742751e-01,-7.051263942166730025e-02,-2.872721242393142319e-02,-2.030901712371240009e-02,-2.019004323808653023e-01,-1.435916317235476011e-02,-1.435916317235476011e-02,-5.183686688943279358e-02,-3.801429606348527557e-02,-3.801429606348527557e-02,-1.558271304830920190e-01,-4.064318733121485144e-02,-8.148853797899899276e-02,-1.210011918676099085e-01,-5.569323991926412171e-02,-7.051263942166730025e-02,-4.979810447122927364e-02,-3.212131358814808435e-02,-2.030901712371240009e-02,-3.801429606348527557e-02,-6.749673070628271765e-02,-3.519076715388935045e-02,-1.435916317235476185e-02,2.837317947345407543e+00,-3.753330286669139260e-01,-2.907009498669055336e-01,-4.311306135592269523e-02,-3.519076715388935045e-02,-3.801429606348527557e-02,-1.435916317235476011e-02,-1.286658602907498339e-01,-4.767312946227962589e-02,5.913962991410492975e-01,-2.487592975524973576e-02,-4.967123990818995694e-01,-1.786283982422259831e-01,-4.979810447122926670e-02,-1.712050908829709783e+00,-2.030901712371240009e-02,2.043810449286999731e+00,-1.767766952966368654e-01
-4.294287092317465859e-01,-5.537123258831522232e-01,-5.507016019503075954e-01,7.082331122151057645e-01,5.152026184692979349e-01,9.898162207875908780e-02,-4.966680157416004104e-01,-4.963069089824175273e-01,-6.493539992246850634e-01,-3.636176791775609651e-02,-1.269371507124805287e+00,-1.538031837485788644e+00,-6.116960009900960227e-01,2.716455727112828678e-01,-1.761860997889140579e-01,1.300482963397911140e+00,-4.702885519880157239e-01,-1.204762413739283167e-01,-1.599855295969221936e-01,9.157720929190091841e-01,-1.052143564629467676e+00,-8.156443337717953490e-01,5.326185095332893749e-01,1.256629696420204778e-01,7.484301193482666426e-01,5.774176121584963933e-02,6.470890552417668529e-01,1.005928889149460659e+00,1.292000466303004469e+00,6.216134131920756367e-01,-1.043887434287774418e+00,0.000000000000000000e+00,0.000000000000000000e+00,-1.012455068416011628e+00,-1.647165405275919259e+00,-1.068590490645627611e+00,1.320331489609325448e+00,2.491845053285797473e-01,9.637144106204564853e-01,-2.489988027729138353e-01,-3.774647335768301359e-01,-4.668062001933125371e-01,-8.206167432695206099e-01,-7.167944361002790421e-01,-3.669621702617922865e-01,-4.602362970513234064e-01,-5.183686688943279358e-02,-5.183686688943279358e-02,1.418158377741196352e+00,-1.040941436780788015e-01,-2.030901712371240009e-02,-8.401389803667852485e-02,-3.271524934852403366e-01,-5.191945123345532709e-01,-7.103890521813077674e-01,-5.752567881263277033e-02,-3.801429606348526863e-02,-1.147078669352808861e-01,-1.711160802546210780e-01,-7.340709118518067011e-02,-7.197411700355742237e-02,-1.244624194945742751e-01,-7.051263942166730025e-02,-2.872721242393142319e-02,-2.030901712371240009e-02,-2.019004323808653023e-01,-1.435916317235476011e-02,-1.435916317235476011e-02,-5.183686688943279358e-02,-3.801429606348527557e-02,-3.801429606348527557e-02,-1.558271304830920190e-01,-4.064318733121485144e-02,-8.148853797899899276e-02,-1.210011918676099085e-01,-5.569323991926412171e-02,-7.051263942166730025e-02,-4.979810447122927364e-02,-3.212131358814808435e-02,-2.030901712371240009e-02,-3.801429606348527557e-02,-6.749673070628271765e-02,-3.519076715388935045e-02,-1.435916317235476185e-02,2.837317947345407543e+00,-3.753330286669139260e-01,-2.907009498669055336e-01,-4.311306135592269523e-02,-3.519076715388935045e-02,-3.801429606348527557e-02,-1.435916317235476011e-02,-1.286658602907498339e-01,-4.767312946227962589e-02,5.913962991410492975e-01,-2.487592975524973576e-02,-4.967123990818995694e-01,-1.786283982422259831e-01,-4.979810447122926670e-02,-1.712050908829709783e+00,-2.030901712371240009e-02,2.043810449286999731e+00,-1.767766952966368654e-01
-4.329024006252144008e-01,2.321640208845666020e+00,-5.507016019503075954e-01,7.082331122151057645e-01,6.587117786705333211e-01,6.311935837690980933e-02,1.677823450289539942e+00,1.810913805415002020e+00,1.100007117161253767e+00,1.151455984062275117e+00,8.414777418280475763e-01,-6.008461346790693741e-02,6.632105831661188056e-01,1.921524309100147709e+00,4.625872709704457186e-01,3.961123352473639447e-01,2.067092517690042597e-01,5.333533460217053657e-01,-4.297530684971095222e-02,1.219324108821398522e-01,-6.362483984730694930e-02,-6.292804948981121915e-02,2.294702765465491956e-01,-6.028476654626441222e-01,-6.457156870254534553e-01,-5.315990820683696993e-01,1.430503311119001530e+00,1.700721633515483555e+00,1.051536639758023028e+00,-1.359569588781228688e+00,-5.809668599935657873e-02,0.000000000000000000e+00,0.000000000000000000e+00,1.473574796521728292e-01,7.108409781372613256e-01,-4.719362008065465242e-01,-1.488246210360323341e+00,4.315640172214985082e-01,-7.298116194175201521e-01,-1.191009481073873166e+00,-3.774647335768301359e-01,-4.668062001933125371e-01,-1.131277881212430225e+00,-1.186301566740631808e+00,-3.669621702617922865e-01,-4.602362970513234064e-01,-5.183686688943279358e-02,-5.183686688943279358e-02,-7.051398600435393460e-01,-1.040941436780788015e-01,-2.030901712371240009e-02,-8.401389803667852485e-02,-3.271524934852403366e-01,-5.191945123345532709e-01,1.407679351095596942e+00,-5.752567881263277033e-02,-3.801429606348526863e-02,-1.147078669352808861e-01,-1.711160802546210780e-01,-7.340709118518067011e-02,-7.197411700355742237e-02,-1.244624194945742751e-01,-7.051263942166730025e-02,-2.872721242393142319e-02,-2.030901712371240009e-02,-2.019004323808653023e-01,-1.435916317235476011e-02,-1.435916317235476011e-02,-5.183686688943279358e-02,-3.801429606348527557e-02,-3.801429606348527557e-02,-1.558271304830920190e-01,-4.064318733121485144e-02,-8.148853797899899276e-02,-1.210011918676099085e-01,-5.569323991926412171e-02,-7.051263942166730025e-02,-4.979810447122927364e-02,-3.212131358814808435e-02,-2.030901712371240009e-02,-3.801429606348527557e-02,-6.749673070628271765e-02,-3.519076715388935045e-02,-1.435916317235476185e-02,-3.524455202264515918e-01,-3.753330286669139260e-01,-2.907009498669055336e-01,-4.311306135592269523e-02,-3.519076715388935045e-02,-3.801429606348527557e-02,-1.435916317235476011e-02,-1.286658602907498339e-01,-4.767312946227962589e-02,5.913962991410492975e-01,-2.487592975524973576e-02,-4.967123990818995694e-01,-1.786283982422259831e-01,-4.979810447122926670e-02,5.840947806181536750e-01,-2.030901712371240009e-02,-4.892821642774447533e-01,-1.767766952966368654e-01
1.093206018238314758e+00,8.839639414812570095e-01,4.458586736810131512e+00,7.082331122151057645e-01,-8.840116934927469972e-01,9.955382146249911468e-01,1.677823450289539942e+00,1.810913805415002020e+00,-6.623362709603883292e-02,1.151455984062275117e+00,8.414777418280475763e-01,-5.527336881405341407e-01,4.999603498290424719e-01,-1.675367722837661555e+00,-5.411994545085482278e-01,-1.494844432703780202e+00,2.350535630332900805e+00,-4.940931484571475241e-01,-1.365834850474799411e-01,-1.340403845501566771e+00,-6.362483984730694930e-02,4.388828066981781961e-01,-1.695521002919251119e+00,-1.720080425512833522e-01,2.142575925721986962e+00,9.838488006624800386e-01,5.351727329735904704e-01,-5.941998554510771746e-02,2.023987522710571918e-01,-1.105629136241454841e-01,-5.809668599935657873e-02,0.000000000000000000e+00,0.000000000000000000e+00,1.473574796521728292e-01,1.213393822839661657e-01,4.230452339520751615e-01,1.482692158511999869e+00,1.428304792841406101e+00,-5.181208656627730447e-01,-2.489988027729138353e-01,-3.774647335768301359e-01,-4.668062001933125371e-01,-6.135093179742474589e-01,-4.820408707801026038e-01,9.137094037957288473e-01,-4.602362970513234064e-01,-5.183686688943279358e-02,-5.183686688943279358e-02,-7.051398600435393460e-01,-1.040941436780788015e-01,-2.030901712371240009e-02,-8.401389803667852485e-02,-3.271524934852403366e-01,-5.191945123345532709e-01,1.407679351095596942e+00,-5.752567881263277033e-02,-3.801429606348526863e-02,-1.147078669352808861e-01,-1.711160802546210780e-01,-7.340709118518067011e-02,-7.197411700355742237e-02,-1.244624194945742751e-01,-7.051263942166730025e-02,-2.872721242393142319e-02,-2.030901712371240009e-02,-2.019004323808653023e-01,-1.435916317235476011e-02,-1.435916317235476011e-02,-5.183686688943279358e-02,-3.801429606348527557e-02,-3.801429606348527557e-02,-1.558271304830920190e-01,-4.064318733121485144e-02,-8.148853797899899276e-02,-1.210011918676099085e-01,-5.569323991926412171e-02,-7.051263942166730025e-02,-4.979810447122927364e-02,-3.212131358814808435e-02,-2.030901712371240009e-02,-3.801429606348527557e-02,-6.749673070628271765e-02,-3.519076715388935045e-02,-1.435916317235476185e-02,-3.524455202264515918e-01,-3.753330286669139260e-01,-2.907009498669055336e-01,-4.311306135592269523e-02,-3.519076715388935045e-02,-3.801429606348527557e-02,-1.435916317235476011e-02,-1.286658602907498339e-01,-4.767312946227962589e-02,-1.690913523558418063e+00,-2.487592975524973576e-02,2.013237442528823973e+00,-1.786283982422259831e-01,-4.979810447122926670e-02,5.840947806181536750e-01,-2.030901712371240009e-02,-4.892821642774447533e-01,-1.767766952966368654e-01
-1.432627039603499020e-01,-5.537123258831522232e-01,-5.507016019503075954e-01,-1.284019034700219164e+00,-8.481344034424381784e-01,-1.084473080082267282e+00,-4.966680157416004104e-01,-4.963069089824175273e-01,-6.493539992246850634e-01,-6.302706439077716549e-01,-2.083556217435191371e+00,-1.784356374822102298e+00,-6.661127454357883559e-01,-4.112764745722221477e-02,1.888272549307201120e-01,1.494658002972147348e-01,-6.959544865736890795e-01,-1.204762413739283167e-01,1.111525557589438939e+00,-2.123158762912787934e-01,-1.334577485995799284e+00,-2.070171474241768728e+00,-5.284003059203012942e-01,2.666650280493750858e-01,9.343162268647626778e-01,8.996572516218772630e-01,7.590053775099431244e-01,-6.152541810379259513e-01,1.419746874155026317e+00,6.216134131920756367e-01,-1.325541933798751071e+00,0.000000000000000000e+00,0.000000000000000000e+00,-1.399059251105406521e+00,-1.647165405275919259e+00,-2.560226215243330383e+00,-2.829801158045836540e-01,3.079735054991908916e-01,1.169513956014681527e-01,2.220065363775658440e-01,-3.774647335768301359e-01,-4.668062001933125371e-01,-4.064018926789744190e-01,-7.167944361002790421e-01,-3.669621702617922865e-01,-4.602362970513234064e-01,-5.183686688943279358e-02,-5.183686688943279358e-02,1.418158377741196352e+00,-1.040941436780788015e-01,-2.030901712371240009e-02,-8.401389803667852485e-02,-3.271524934852403366e-01,-5.191945123345532709e-01,-7.103890521813077674e-01,-5.752567881263277033e-02,-3.801429606348526863e-02,-1.147078669352808861e-01,-1.711160802546210780e-01,-7.340709118518067011e-02,-7.197411700355742237e-02,-1.244624194945742751e-01,-7.051263942166730025e-02,-2.872721242393142319e-02,-2.030901712371240009e-02,-2.019004323808653023e-01,-1.435916317235476011e-02,-1.435916317235476011e-02,-5.183686688943279358e-02,-3.801429606348527557e-02,-3.801429606348527557e-02,-1.558271304830920190e-01,-4.064318733121485144e-02,-8.148853797899899276e-02,-1.210011918676099085e-01,-5.569323991926412171e-02,-7.051263942166730025e-02,-4.979810447122927364e-02,-3.212131358814808435e-02,-2.030901712371240009e-02,-3.801429606348527557e-02,-6.749673070628271765e-02,-3.519076715388935045e-02,-1.435916317235476185e-02,2.837317947345407543e+00,-3.753330286669139260e-01,-2.907009498669055336e-01,-4.311306135592269523e-02,-3.519076715388935045e-02,-3.801429606348527557e-02,-1.435916317235476011e-02,-1.286658602907498339e-01,-4.767312946227962589e-02,5.913962991410492975e-01,-2.487592975524973576e-02,-4.967123990818995694e-01,-1.786283982422259831e-01,-4.979810447122926670e-02,5.840947806181536750e-01,-2.030901712371240009e-02,-4.892821642774447533e-01,-1.767766952966368654e-01
8.340024747352636769e-01,-5.537123258831522232e-01,-5.507016019503075954e-01,-1.284019034700219164e+00,8.467513786559180411e-02,-5.465391245545280219e-01,-4.966680157416004104e-01,-4.963069089824175273e-01,-6.493539992246850634e-01,-6.302706439077716549e-01,-8.729592771120775474e-02,-1.538031837485788644e+00,-3.707075613020312521e-01,-3.304428761130895897e-01,9.757391625081156261e-02,1.494658002972147348e-01,4.323751863546776431e-01,-7.276037153841595773e-01,-7.528373248494586445e-01,-5.465641634646974945e-01,-1.334577485995799284e+00,-1.568360618053779465e+00,4.113592163385931255e-01,-1.955083856191756064e-01,-1.575146224607933521e+00,1.152231898743685479e+00,-8.078231342445260088e-01,-1.773242088314630704e+00,-1.202811734101178587e+00,-2.436299481158024527e+00,-1.325541933798751071e+00,0.000000000000000000e+00,0.000000000000000000e+00,-1.399059251105406521e+00,-1.352414607349271769e+00,-1.366917635565168210e+00,-3.392826058272852552e-01,-1.436329049023221671e-01,1.169513956014681527e-01,-1.349613319767399566e-02,-3.774647335768301359e-01,-4.668062001933125371e-01,-9.241704559171570743e-01,-7.167944361002790421e-01,-3.669621702617922865e-01,-4.602362970513234064e-01,-5.183686688943279358e-02,-5.183686688943279358e-02,1.418158377741196352e+00,-1.040941436780788015e-01,-2.030901712371240009e-02,-8.401389803667852485e-02,-3.271524934852403366e-01,-5.191945123345532709e-01,-7.103890521813077674e-01,-5.752567881263277033e-02,-3.801429606348526863e-02,-1.147078669352808861e-01,-1.711160802546210780e-01,-7.340709118518067011e-02,1.389388354636672673e+01,-1.244624194945742751e-01,-7.051263942166730025e-02,-2.872721242393142319e-02,-2.030901712371240009e-02,-2.019004323808653023e-01,-1.435916317235476011e-02,-1.435916317235476011e-02,-5.183686688943279358e-02,-3.801429606348527557e-02,-3.801429606348527557e-02,-1.558271304830920190e-01,-4.064318733121485144e-02,-8.148853797899899276e-02,-1.210011918676099085e-01,-5.569323991926412171e-02,-7.051263942166730025e-02,-4.979810447122927364e-02,-3.212131358814808435e-02,-2.030901712371240009e-02,-3.801429606348527557e-02,-6.749673070628271765e-02,-3.519076715388935045e-02,-1.435916317235476185e-02,-3.524455202264515918e-01,-3.753330286669139260e-01,-2.907009498669055336e-01,-4.311306135592269523e-02,-3.519076715388935045e-02,-3.801429606348527557e-02,-1.435916317235476011e-02,-1.286658602907498339e-01,-4.767312946227962589e-02,5.913962991410492975e-01,-2.487592975524973576e-02,-4.967123990818995694e-01,-1.786283982422259831e-01,-4.979810447122926670e-02,5.840947806181536750e-01,-2.030901712371240009e-02,-4.892821642774447533e-01,-1.767766952966368654e-01
1.083281185685549541e+00,-5.537123258831522232e-01,-5.507016019503075954e-01,-1.284019034700219164e+00,2.640615881171360368e-01,-1.520542238341859032e-01,-4.966680157416004104e-01,-4.963069089824175273e-01,-6.493539992246850634e-01,-3.636176791775609651e-02,3.650289113501178906e-01,-6.008461346790693741e-02,3.018678235601077287e+00,1.554015775402154409e+00,5.538406096503543097e-01,-5.904738045532329505e-01,-8.087874538665257296e-01,5.333533460217053657e-01,9.477112457433433113e-01,3.726186262622038226e-01,-6.362483984730694930e-02,1.879773786041834815e-01,8.888176832927092708e-01,1.269346332279451151e+00,3.766579043152746276e-01,3.945079573782606652e-01,-8.078231342445260088e-01,-2.446980507093804713e-01,-7.744855430679303820e-01,-1.536321093192173082e-01,-5.809668599935657873e-02,0.000000000000000000e+00,0.000000000000000000e+00,1.473574796521728292e-01,4.160901802106137248e-01,-1.736090558870059808e-01,-1.612096141275778938e-01,6.159476995747790173e-01,-7.298116194175201521e-01,2.220065363775658440e-01,-3.774647335768301359e-01,-4.668062001933125371e-01,-8.206167432695206099e-01,-1.421055132060808246e+00,-3.669621702617922865e-01,-4.602362970513234064e-01,-5.183686688943279358e-02,-5.183686688943279358e-02,1.418158377741196352e+00,-1.040941436780788015e-01,-2.030901712371240009e-02,-8.401389803667852485e-02,-3.271524934852403366e-01,-5.191945123345532709e-01,-7.103890521813077674e-01,-5.752567881263277033e-02,-3.801429606348526863e-02,-1.147078669352808861e-01,-1.711160802546210780e-01,-7.340709118518067011e-02,-7.197411700355742237e-02,-1.244624194945742751e-01,-7.051263942166730025e-02,-2.872721242393142319e-02,-2.030901712371240009e-02,-2.019004323808653023e-01,-1.435916317235476011e-02,-1.435916317235476011e-02,-5.183686688943279358e-02,-3.801429606348527557e-02,-3.801429606348527557e-02,-1.558271304830920190e-01,-4.064318733121485144e-02,-8.148853797899899276e-02,-1.210011918676099085e-01,-5.569323991926412171e-02,-7.051263942166730025e-02,-4.979810447122927364e-02,-3.212131358814808435e-02,-2.030901712371240009e-02,-3.801429606348527557e-02,-6.749673070628271765e-02,-3.519076715388935045e-02,-1.435916317235476185e-02,-3.524455202264515918e-01,2.664300564093018409e+00,-2.907009498669055336e-01,-4.311306135592269523e-02,-3.519076715388935045e-02,-3.801429606348527557e-02,-1.435916317235476011e-02,-1.286658602907498339e-01,-4.767312946227962589e-02,5.913962991410492975e-01,-2.487592975524973576e-02,-4.967123990818995694e-01,-1.786283982422259831e-01,-4.979810447122926670e-02,5.840947806181536750e-01,-2.030901712371240009e-02,-4.892821642774447533e-01,-1.767766952966368654e-01
2.244523421196008284e-01,4.238541898664879071e+00,1.453013733553867981e+00,7.082331122151057645e-01,-3.817296327884231455e-01,-3.313655423434322955e-01,1.677823450289539942e+00,-4.963069089824175273e-01,-6.493539992246850634e-01,1.151455984062275117e+00,8.414777418280475763e-01,1.862399238684066816e-01,-7.360771311516780546e-01,-3.148042151046642756e-01,6.320577570903027943e-03,3.961123352473639447e-01,7.708740882331873712e-01,1.373991386958948624e+00,6.044812590181906087e-01,7.486479493322998335e-01,-1.052143564629467676e+00,-1.317455189959784834e+00,-7.860763039590304979e-01,-7.830169623164860981e-01,-4.598295795089574756e-01,-3.632159839871641482e-01,-5.839904897081731328e-01,-1.310046925403953073e-02,6.006669649861826610e-01,-5.843240662699356047e-01,-1.043887434287774418e+00,0.000000000000000000e+00,0.000000000000000000e+00,-1.012455068416011628e+00,-4.681622135693289666e-01,-1.665244780484708809e+00,-6.607305430499187393e-01,-1.420957544972873965e+00,-3.064301119080259928e-01,2.220065363775658440e-01,-3.774647335768301359e-01,1.696017942249628430e+00,-7.170630306218840344e-01,-9.515480014204554804e-01,-3.669621702617922865e-01,-4.602362970513234064e-01,-5.183686688943279358e-02,-5.183686688943279358e-02,-7.051398600435393460e-01,-1.040941436780788015e-01,-2.030901712371240009e-02,-8.401389803667852485e-02,3.056678521220304923e+00,-5.191945123345532709e-01,-7.103890521813077674e-01,-5.752567881263277033e-02,-3.801429606348526863e-02,-1.147078669352808861e-01,-1.711160802546210780e-01,-7.340709118518067011e-02,-7.197411700355742237e-02,-1.244624194945742751e-01,-7.051263942166730025e-02,-2.872721242393142319e-02,-2.030901712371240009e-02,-2.019004323808653023e-01,-1.435916317235476011e-02,-1.435916317235476011e-02,-5.183686688943279358e-02,-3.801429606348527557e-02,-3.801429606348527557e-02,-1.558271304830920190e-01,-4.064318733121485144e-02,-8.148853797899899276e-02,-1.210011918676099085e-01,-5.569323991926412171e-02,-7.051263942166730025e-02,-4.979810447122927364e-02,-3.212131358814808435e-02,-2.030901712371240009e-02,-3.801429606348527557e-02,-6.749673070628271765e-02,-3.519076715388935045e-02,-1.435916317235476185e-02,-3.524455202264515918e-01,-3.753330286669139260e-01,-2.907009498669055336e-01,-4.311306135592269523e-02,-3.519076715388935045e-02,-3.801429606348527557e-02,-1.435916317235476011e-02,-1.286658602907498339e-01,-4.767312946227962589e-02,5.913962991410492975e-01,-2.487592975524973576e-02,-4.967123990818995694e-01,-1.786283982422259831e-01,-4.979810447122926670e-02,5.840947806181536750e-01,-2.030901712371240009e-02,-4.892821642774447533e-01,-1.767766952966368654e-01
5.787688642533185268e-01,4.047385190264539689e-01,-4.977276807426366662e-02,7.082331122151057645e-01,1.564297179662094972e-01,1.707061494824576586e-01,5.905777172739697933e-01,-4.963069089824175273e-01,1.100007117161253767e+00,-3.636176791775609651e-02,8.414777418280475763e-01,9.252135358773474483e-01,-7.283033105165793719e-01,1.856329371649440563e-01,7.363472870101713808e-01,8.071898934976127205e-01,9.387628447616762351e-02,7.201617995633149416e-01,-4.297530684971095222e-02,3.726186262622038226e-01,-6.362483984730694930e-02,9.406936628861676253e-01,-1.304830984284317992e-02,-4.540121593659922072e-01,-1.810004182342134504e-01,-3.632159839871641482e-01,-8.078231342445260088e-01,-5.941998554510771746e-02,-8.045435213860530066e-01,6.646826088871474747e-01,-5.809668599935657873e-02,0.000000000000000000e+00,0.000000000000000000e+00,5.339616623415676111e-01,7.108409781372613256e-01,7.213723788716157603e-01,5.170389866110133292e-01,-8.925246002574940274e-01,4.344875262335887722e-01,6.930118755280455511e-01,9.257960654133498002e-01,-4.668062001933125371e-01,-9.241704559171570743e-01,-7.167944361002790421e-01,-3.669621702617922865e-01,-4.602362970513234064e-01,-5.183686688943279358e-02,-5.183686688943279358e-02,-7.051398600435393460e-01,-1.040941436780788015e-01,-2.030901712371240009e-02,-8.401389803667852485e-02,-3.271524934852403366e-01,-5.191945123345532709e-01,1.407679351095596942e+00,-5.752567881263277033e-02,-3.801429606348526863e-02,-1.147078669352808861e-01,-1.711160802546210780e-01,-7.340709118518067011e-02,-7.197411700355742237e-02,-1.244624194945742751e-01,-7.051263942166730025e-02,-2.872721242393142319e-02,-2.030901712371240009e-02,-2.019004323808653023e-01,-1.435916317235476011e-02,-1.435916317235476011e-02,-5.183686688943279358e-02,-3.801429606348527557e-02,-3.801429606348527557e-02,-1.558271304830920190e-01,-4.064318733121485144e-02,-8.148853797899899276e-02,-1.210011918676099085e-01,-5.569323991926412171e-02,-7.051263942166730025e-02,-4.979810447122927364e-02,-3.212131358814808435e-02,-2.030901712371240009e-02,-3.801429606348527557e-02,-6.749673070628271765e-02,-3.519076715388935045e-02,-1.435916317235476185e-02,-3.524455202264515918e-01,-3.753330286669139260e-01,-2.907009498669055336e-01,-4.311306135592269523e-02,-3.519076715388935045e-02,-3.801429606348527557e-02,-1.435916317235476011e-02,-1.286658602907498339e-01,-4.767312946227962589e-02,-1.690913523558418063e+00,-2.487592975524973576e-02,2.013237442528823973e+00,-1.786283982422259831e-01,-4.979810447122926670e-02,5.840947806181536750e-01,-2.030901712371240009e-02,-4.892821642774447533e-01,-1.767766952966368654e-01
8.848213614671755767e-02,3.759316476210075475e+00,-5.507016019503075954e-01,7.082331122151057645e-01,4.075707483183714230e-01,7.445023687120462252e-01,1.677823450289539942e+00,-4.963069089824175273e-01,1.100007117161253767e+00,-6.302706439077716549e-01,8.414777418280475763e-01,-3.064091508042205425e-01,1.837057499066048205e+00,-1.975142575414745860e-01,-3.586927771487311012e-01,-1.496522300288474598e-02,1.560704859283044144e+00,2.998427790946933125e-01,5.888798959852291626e-01,-1.287538044979241458e-01,-4.872757218968044035e-01,-5.647389056778006067e-01,3.128360406179026554e-01,3.293326095637549300e-01,5.625440118317706073e-01,2.261248592970551696e-01,-1.363252006354677692e-01,-5.941998554510771746e-02,-3.010723845574979629e-01,-4.551164791847201463e-01,-4.805784352658213909e-01,0.000000000000000000e+00,0.000000000000000000e+00,-2.392467030372219805e-01,-1.734114156426813935e-01,-7.702633457260871230e-01,-5.515143524760515031e-02,1.016113734827007287e+00,9.637144106204564853e-01,2.106027892979484673e+00,-3.774647335768301359e-01,-4.668062001933125371e-01,4.220278085021179071e-01,1.161234086461132353e+00,9.137094037957288473e-01,-4.602362970513234064e-01,-5.183686688943279358e-02,-5.183686688943279358e-02,-7.051398600435393460e-01,-1.040941436780788015e-01,-2.030901712371240009e-02,-8.401389803667852485e-02,-3.271524934852403366e-01,-5.191945123345532709e-01,1.407679351095596942e+00,-5.752567881263277033e-02,-3.801429606348526863e-02,-1.147078669352808861e-01,-1.711160802546210780e-01,-7.340709118518067011e-02,-7.197411700355742237e-02,-1.244624194945742751e-01,-7.051263942166730025e-02,-2.872721242393142319e-02,-2.030901712371240009e-02,-2.019004323808653023e-01,-1.435916317235476011e-02,-1.435916317235476011e-02,-5.183686688943279358e-02,-3.801429606348527557e-02,-3.801429606348527557e-02,-1.558271304830920190e-01,-4.064318733121485144e-02,-8.148853797899899276e-02,-1.210011918676099085e-01,-5.569323991926412171e-02,-7.051263942166730025e-02,-4.979810447122927364e-02,-3.212131358814808435e-02,-2.030901712371240009e-02,-3.801429606348527557e-02,-6.749673070628271765e-02,-3.519076715388935045e-02,-1.435916317235476185e-02,-3.524455202264515918e-01,-3.753330286669139260e-01,-2.907009498669055336e-01,-4.311306135592269523e-02,-3.519076715388935045e-02,-3.801429606348527557e-02,-1.435916317235476011e-02,-1.286658602907498339e-01,-4.767312946227962589e-02,5.913962991410492975e-01,-2.487592975524973576e-02,-4.967123990818995694e-01,-1.786283982422259831e-01,-4.979810447122926670e-02,5.840947806181536750e-01,-2.030901712371240009e-02,-4.892821642774447533e-01,-1.767766952966368654e-01
1.161025707348877001e+00,-7.448690342834912714e-02,-5.507016019503075954e-01,7.082331122151057645e-01,4.793253284189891161e-01,1.103125005730539065e+00,-4.966680157416004104e-01,-4.963069089824175273e-01,1.100007117161253767e+00,-6.302706439077716549e-01,-6.964267109804594957e-01,4.325644612047202520e-01,-9.226488263940509915e-01,-1.662369355246243741e-01,4.625872709704457186e-01,6.427588701975132102e-01,-1.895668281666913063e-02,-1.671783547593307107e-01,7.760962523807671820e-01,5.397427698489131176e-01,3.600260422021904771e-01,-3.138334775838059199e-01,2.484521928049954892e-02,6.740043078928436016e-01,9.782874304053058856e-02,4.786995064188634408e-01,-5.839904897081731328e-01,-5.941998554510771746e-02,-6.091666623182554474e-01,2.339906519364291781e-01,3.643850632671082335e-01,0.000000000000000000e+00,0.000000000000000000e+00,5.339616623415676111e-01,1.213393822839661657e-01,-4.719362008065465242e-01,1.789082453054143373e+00,-1.135697282781385598e+00,1.110601872409461635e-02,-2.489988027729138353e-01,-3.774647335768301359e-01,-4.668062001933125371e-01,-1.992944673837013236e-01,-7.167944361002790421e-01,-3.669621702617922865e-01,1.739375798511208382e+00,-5.183686688943279358e-02,-5.183686688943279358e-02,1.418158377741196352e+00,-1.040941436780788015e-01,-2.030901712371240009e-02,-8.401389803667852485e-02,-3.271524934852403366e-01,-5.191945123345532709e-01,-7.103890521813077674e-01,-5.752567881263277033e-02,-3.801429606348526863e-02,-1.147078669352808861e-01,-1.711160802546210780e-01,-7.340709118518067011e-02,-7.197411700355742237e-02,-1.244624194945742751e-01,-7.051263942166730025e-02,-2.872721242393142319e-02,-2.030901712371240009e-02,-2.019004323808653023e-01,-1.435916317235476011e-02,-1.435916317235476011e-02,-5.183686688943279358e-02,-3.801429606348527557e-02,-3.801429606348527557e-02,-1.558271304830920190e-01,-4.064318733121485144e-02,-8.148853797899899276e-02,-1.210011918676099085e-01,-5.569323991926412171e-02,-7.051263942166730025e-02,-4.979810447122927364e-02,-3.212131358814808435e-02,-2.030901712371240009e-02,-3.801429606348527557e-02,-6.749673070628271765e-02,-3.519076715388935045e-02,-1.435916317235476185e-02,-3.524455202264515918e-01,2.664300564093018409e+00,-2.907009498669055336e-01,-4.311306135592269523e-02,-3.519076715388935045e-02,-3.801429606348527557e-02,-1.435916317235476011e-02,-1.286658602907498339e-01,-4.767312946227962589e-02,5.913962991410492975e-01,-2.487592975524973576e-02,-4.967123990818995694e-01,-1.786283982422259831e-01,-4.979810447122926670e-02,-1.712050908829709783e+00,-2.030901712371240009e-02,2.043810449286999731e+00,-1.767766952966368654e-01
-1.424393172646458039e+00,-5.537123258831522232e-01,-5.507016019503075954e-01,-1.284019034700219164e+00,-6.687479531908938624e-01,-7.975749704674730545e-01,-4.966680157416004104e-01,-4.963069089824175273e-01,-6.493539992246850634e-01,-6.302706439077716549e-01,-1.239216517854050403e+00,1.862399238684066816e-01,6.462639426350562377e-02,-1.896949270372621232e-01,5.538406096503543097e-01,-4.260427812531334402e-01,9.387628447616762351e-02,2.868459015291825676e+00,-9.166516366955542727e-01,3.726186262622038226e-01,-6.362483984730694930e-02,4.388828066981781961e-01,-1.418863088622077107e-01,-1.798414902405806592e-01,2.837148505570266099e-01,4.786995064188634408e-01,8.709216997781196179e-01,-1.520590181272440944e-01,1.497972902143424601e-01,5.785442174970039098e-01,-5.809668599935657873e-02,0.000000000000000000e+00,0.000000000000000000e+00,1.473574796521728292e-01,7.108409781372613256e-01,4.230452339520751615e-01,-2.260229456653390367e-01,1.819786089432066767e+00,-9.415023731722672595e-01,-7.200041419233935702e-01,-3.774647335768301359e-01,-4.668062001933125371e-01,9.397963717403006179e-01,1.630741217101485230e+00,9.137094037957288473e-01,-4.602362970513234064e-01,-5.183686688943279358e-02,-5.183686688943279358e-02,1.418158377741196352e+00,-1.040941436780788015e-01,-2.030901712371240009e-02,-8.401389803667852485e-02,-3.271524934852403366e-01,-5.191945123345532709e-01,-7.103890521813077674e-01,-5.752567881263277033e-02,-3.801429606348526863e-02,-1.147078669352808861e-01,-1.711160802546210780e-01,-7.340709118518067011e-02,-7.197411700355742237e-02,-1.244624194945742751e-01,-7.051263942166730025e-02,-2.872721242393142319e-02,-2.030901712371240009e-02,-2.019004323808653023e-01,-1.435916317235476011e-02,-1.435916317235476011e-02,-5.183686688943279358e-02,-3.801429606348527557e-02,-3.801429606348527557e-02,-1.558271304830920190e-01,-4.064318733121485144e-02,-8.148853797899899276e-02,8.264381404557756383e+00,-5.569323991926412171e-02,-7.051263942166730025e-02,-4.979810447122927364e-02,-3.212131358814808435e-02,-2.030901712371240009e-02,-3.801429606348527557e-02,-6.749673070628271765e-02,-3.519076715388935045e-02,-1.435916317235476185e-02,-3.524455202264515918e-01,-3.753330286669139260e-01,-2.907009498669055336e-01,-4.311306135592269523e-02,-3.519076715388935045e-02,-3.801429606348527557e-02,-1.435916317235476011e-02,-1.286658602907498339e-01,-4.767312946227962589e-02,5.913962991410492975e-01,-2.487592975524973576e-02,-4.967123990818995694e-01,-1.786283982422259831e-01,-4.979810447122926670e-02,5.840947806181536750e-01,-2.030901712371240009e-02,-4.892821642774447533e-01,-1.767766952966368654e-01
-4.896393600518554878e-01,-5.537123258831522232e-01,-5.507016019503075954e-01,7.082331122151057645e-01,1.376257579676710252e+00,3.500174679917040788e-01,-4.966680157416004104e-01,-4.963069089824175273e-01,-6.493539992246850634e-01,-6.302706439077716549e-01,8.414777418280475763e-01,9.252135358773474483e-01,5.155079910992402814e-01,1.288158538258924457e+00,1.888272549307201120e-01,-1.496522300288474598e-02,7.708740882331873712e-01,-4.006889216863427361e-01,-3.237998414430177663e-01,-5.047831275680201291e-01,-6.362483984730694930e-02,-5.647389056778006067e-01,-2.934604253555775921e-01,-8.221842007629734939e-01,-9.245448483001975637e-01,9.838488006624800386e-01,-2.440887836729143182e-02,4.037751773655741672e-01,9.839061885422472065e-01,1.052305370142794017e+00,-4.805784352658213909e-01,0.000000000000000000e+00,0.000000000000000000e+00,-2.392467030372219805e-01,4.160901802106137248e-01,-4.719362008065465242e-01,-1.208697800596444605e+00,2.177858347829124130e-01,2.227967724788416926e-01,9.285145451032854602e-01,-3.774647335768301359e-01,-4.668062001933125371e-01,-4.064018926789744190e-01,2.222198251804266556e-01,9.137094037957288473e-01,1.739375798511208382e+00,-5.183686688943279358e-02,-5.183686688943279358e-02,-7.051398600435393460e-01,-1.040941436780788015e-01,-2.030901712371240009e-02,-8.401389803667852485e-02,3.056678521220304923e+00,-5.191945123345532709e-01,-7.103890521813077674e-01,-5.752567881263277033e-02,-3.801429606348526863e-02,-1.147078669352808861e-01,-1.711160802546210780e-01,-7.340709118518067011e-02,-7.197411700355742237e-02,-1.244624194945742751e-01,-7.051263942166730025e-02,-2.872721242393142319e-02,-2.030901712371240009e-02,-2.019004323808653023e-01,-1.435916317235476011e-02,-1.435916317235476011e-02,-5.183686688943279358e-02,-3.801429606348527557e-02,-3.801429606348527557e-02,-1.558271304830920190e-01,-4.064318733121485144e-02,-8.148853797899899276e-02,-1.210011918676099085e-01,-5.569323991926412171e-02,-7.051263942166730025e-02,-4.979810447122927364e-02,-3.212131358814808435e-02,-2.030901712371240009e-02,-3.801429606348527557e-02,-6.749673070628271765e-02,-3.519076715388935045e-02,-1.435916317235476185e-02,-3.524455202264515918e-01,-3.753330286669139260e-01,-2.907009498669055336e-01,-4.311306135592269523e-02,-3.519076715388935045e-02,-3.801429606348527557e-02,-1.435916317235476011e-02,-1.286658602907498339e-01,-4.767312946227962589e-02,-1.690913523558418063e+00,-2.487592975524973576e-02,2.013237442528823973e+00,-1.786283982422259831e-01,-4.979810447122926670e-02,5.840947806181536750e-01,-2.030901712371240009e-02,-4.892821642774447533e-01,-1.767766952966368654e-01
-9.066109143069434051e-02,-5.537123258831522232e-01,4.511560658017802483e-01,7.082331122151057645e-01,5.510799085196067537e-01,6.010533139046491113e-01,-4.966680157416004104e-01,-4.963069089824175273e-01,5.168867450326074531e-01,-3.636176791775609651e-02,8.414777418280475763e-01,-6.008461346790693741e-02,-7.360771311516780546e-01,-4.711908251889166399e-01,5.538406096503543097e-01,7.249743818475629098e-01,-3.574555846951790183e-01,-7.377412798852590881e-02,1.364403680293461429e-01,3.308375903655265127e-01,-4.872757218968044035e-01,-3.138334775838059199e-01,-6.609925061552258951e-02,-3.678442347837201365e-01,-2.739434719924614403e-01,-1.948328859059586526e-01,-8.078231342445260088e-01,7.953856332809684793e-02,5.480655029294680958e-01,-1.445707980171372364e+00,-4.805784352658213909e-01,0.000000000000000000e+00,0.000000000000000000e+00,-2.392467030372219805e-01,-4.681622135693289666e-01,1.247180890325345903e-01,1.929723289222076699e-01,1.910635619780891581e-01,1.169513956014681527e-01,-7.200041419233935702e-01,9.257960654133498002e-01,1.696017942249628430e+00,-6.135093179742474589e-01,-7.167944361002790421e-01,-3.669621702617922865e-01,-4.602362970513234064e-01,-5.183686688943279358e-02,-5.183686688943279358e-02,-7.051398600435393460e-01,-1.040941436780788015e-01,-2.030901712371240009e-02,-8.401389803667852485e-02,3.056678521220304923e+00,-5.191945123345532709e-01,-7.103890521813077674e-01,-5.752567881263277033e-02,-3.801429606348526863e-02,-1.147078669352808861e-01,-1.711160802546210780e-01,-7.340709118518067011e-02,-7.197411700355742237e-02,-1.244624194945742751e-01,-7.051263942166730025e-02,-2.872721242393142319e-02,-2.030901712371240009e-02,-2.019004323808653023e-01,-1.435916317235476011e-02,-1.435916317235476011e-02,-5.183686688943279358e-02,-3.801429606348527557e-02,-3.801429606348527557e-02,-1.558271304830920190e-01,-4.064318733121485144e-02,-8.148853797899899276e-02,-1.210011918676099085e-01,-5.569323991926412171e-02,-7.051263942166730025e-02,-4.979810447122927364e-02,-3.212131358814808435e-02,-2.030901712371240009e-02,-3.801429606348527557e-02,-6.749673070628271765e-02,-3.519076715388935045e-02,-1.435916317235476185e-02,-3.524455202264515918e-01,-3.753330286669139260e-01,-2.907009498669055336e-01,-4.311306135592269523e-02,-3.519076715388935045e-02,-3.801429606348527557e-02,-1.435916317235476011e-02,-1.286658602907498339e-01,-4.767312946227962589e-02,5.913962991410492975e-01,-2.487592975524973576e-02,-4.967123990818995694e-01,-1.786283982422259831e-01,-4.979810447122926670e-02,5.840947806181536750e-01,-2.030901712371240009e-02,-4.892821642774447533e-01,-1.767766952966368654e-01
1.330078688497644324e+00,4.047385190264539689e-01,4.511560658017802483e-01,-2.878929612425566442e-01,-9.557662735933646347e-01,-4.389523334489801587e-01,5.905777172739697933e-01,-4.963069089824175273e-01,-6.623362709603883292e-02,5.575471080722594897e-01,-1.476059062527178833e-01,6.788889985410339056e-01,-1.163637266082116151e+00,-5.963001132563188200e-01,2.800805936106286476e-01,2.316813119472644900e-01,2.124869695747227727e+00,1.597364389384861028e-01,6.980894372159596184e-01,3.308375903655265127e-01,9.248938849348538049e-01,6.897882347921728829e-01,-8.997568913290580062e-01,1.883305511564002943e-01,1.491974549414250673e+00,-3.632159839871641482e-01,1.878168600191707061e+00,-1.057395018361759059e-01,-1.883549658645377878e-01,-1.230362001696013063e+00,3.643850632671082335e-01,0.000000000000000000e+00,0.000000000000000000e+00,9.205658450309623930e-01,7.108409781372613256e-01,1.318026668710696736e+00,4.044340065656101268e-01,4.789960514500597455e-01,1.916322802516818191e+00,4.575092059528056976e-01,-3.774647335768301359e-01,-4.668062001933125371e-01,7.326889464450275780e-01,1.161234086461132353e+00,-3.669621702617922865e-01,-4.602362970513234064e-01,-5.183686688943279358e-02,-5.183686688943279358e-02,1.418158377741196352e+00,-1.040941436780788015e-01,-2.030901712371240009e-02,-8.401389803667852485e-02,-3.271524934852403366e-01,-5.191945123345532709e-01,-7.103890521813077674e-01,-5.752567881263277033e-02,-3.801429606348526863e-02,-1.147078669352808861e-01,-1.711160802546210780e-01,-7.340709118518067011e-02,-7.197411700355742237e-02,-1.244624194945742751e-01,-7.051263942166730025e-02,-2.872721242393142319e-02,-2.030901712371240009e-02,-2.019004323808653023e-01,-1.435916317235476011e-02,-1.435916317235476011e-02,-5.183686688943279358e-02,-3.801429606348527557e-02,-3.801429606348527557e-02,-1.558271304830920190e-01,-4.064318733121485144e-02,-8.148853797899899276e-02,-1.210011918676099085e-01,-5.569323991926412171e-02,-7.051263942166730025e-02,-4.979810447122927364e-02,-3.212131358814808435e-02,-2.030901712371240009e-02,-3.801429606348527557e-02,-6.749673070628271765e-02,-3.519076715388935045e-02,-1.435916317235476185e-02,2.837317947345407543e+00,-3.753330286669139260e-01,-2.907009498669055336e-01,-4.311306135592269523e-02,-3.519076715388935045e-02,-3.801429606348527557e-02,-1.435916317235476011e-02,-1.286658602907498339e-01,-4.767312946227962589e-02,5.913962991410492975e-01,-2.487592975524973576e-02,-4.967123990818995694e-01,-1.786283982422259831e-01,-4.979810447122926670e-02,5.840947806181536750e-01,-2.030901712371240009e-02,-4.892821642774447533e-01,-1.767766952966368654e-01
-1.591957428912310624e+00,-7.448690342834912714e-02,-5.507016019503075954e-01,-1.284019034700219164e+00,-5.252387929896585872e-01,-1.120335343784116588e+00,-4.966680157416004104e-01,-4.963069089824175273e-01,-6.493539992246850634e-01,-6.302706439077716549e-01,-6.180237388764964201e-01,4.325644612047202520e-01,-1.140315804176819325e+00,-2.913462235920262211e-01,7.363472870101713808e-01,-1.793962463029842302e-01,6.580411209403509432e-01,4.399491192509005222e-01,1.111525557589438939e+00,1.219324108821398522e-01,3.600260422021904771e-01,-6.292804948981121915e-02,7.789616005317896719e-02,-2.326206157108087869e+00,-3.898722568564133795e+00,-2.468004710002233093e+00,-8.078231342445260088e-01,-1.773242088314630704e+00,-1.202811734101178587e+00,-2.436299481158024527e+00,9.276940622890612609e-01,0.000000000000000000e+00,0.000000000000000000e+00,5.339616623415676111e-01,4.160901802106137248e-01,1.247180890325345903e-01,1.890442482229494070e-01,9.606650187569990562e-01,4.344875262335887722e-01,4.575092059528056976e-01,-3.774647335768301359e-01,-4.668062001933125371e-01,-1.856153869745885920e+00,-4.820408707801026038e-01,9.137094037957288473e-01,-4.602362970513234064e-01,-5.183686688943279358e-02,-5.183686688943279358e-02,1.418158377741196352e+00,-1.040941436780788015e-01,-2.030901712371240009e-02,-8.401389803667852485e-02,-3.271524934852403366e-01,-5.191945123345532709e-01,-7.103890521813077674e-01,-5.752567881263277033e-02,-3.801429606348526863e-02,-1.147078669352808861e-01,-1.711160802546210780e-01,-7.340709118518067011e-02,-7.197411700355742237e-02,-1.244624194945742751e-01,-7.051263942166730025e-02,-2.872721242393142319e-02,-2.030901712371240009e-02,-2.019004323808653023e-01,-1.435916317235476011e-02,-1.435916317235476011e-02,-5.183686688943279358e-02,-3.801429606348527557e-02,-3.801429606348527557e-02,-1.558271304830920190e-01,-4.064318733121485144e-02,-8.148853797899899276e-02,-1.210011918676099085e-01,-5.569323991926412171e-02,-7.051263942166730025e-02,-4.979810447122927364e-02,-3.212131358814808435e-02,-2.030901712371240009e-02,-3.801429606348527557e-02,-6.749673070628271765e-02,-3.519076715388935045e-02,-1.435916317235476185e-02,-3.524455202264515918e-01,2.664300564093018409e+00,-2.907009498669055336e-01,-4.311306135592269523e-02,-3.519076715388935045e-02,-3.801429606348527557e-02,-1.435916317235476011e-02,-1.286658602907498339e-01,-4.767312946227962589e-02,-1.690913523558418063e+00,-2.487592975524973576e-02,2.013237442528823973e+00,-1.786283982422259831e-01,-4.979810447122926670e-02,5.840947806181536750e-01,-2.030901712371240009e-02,-4.892821642774447533e-01,-1.767766952966368654e-01
-2.742704936568505780e-01,4.047385190264539689e-01,-4.977276807426366662e-02,7.082331122151057645e-01,1.232748419475474755e+00,2.214855180487866892e+00,5.905777172739697933e-01,6.573034482162921632e-01,5.168867450326074531e-01,5.575471080722594897e-01,8.414777418280475763e-01,-5.527336881405341407e-01,3.211624752217684398e-01,3.107422252323462364e-01,5.538406096503543097e-01,2.316813119472644900e-01,-1.317896501095057737e-01,-7.377412798852590881e-02,-3.003977968935755416e-01,-4.630020916713427637e-01,-4.872757218968044035e-01,-1.066549761865789980e+00,1.612619241245327739e-01,4.233339818353242801e-01,7.484301193482666426e-01,-2.644978782475312235e-02,1.206670666582648543e+00,-1.310046925403953073e-02,6.081814595657135669e-01,2.770598476315010439e-01,-4.805784352658213909e-01,0.000000000000000000e+00,0.000000000000000000e+00,-2.392467030372219805e-01,-7.629130114959765674e-01,-1.736090558870059808e-01,4.666286176371990946e-01,-4.275570534535693135e-01,4.344875262335887722e-01,1.164017214678525258e+00,9.257960654133498002e-01,-4.668062001933125371e-01,-1.992944673837013236e-01,-1.253374013974976713e-02,-3.669621702617922865e-01,-4.602362970513234064e-01,-5.183686688943279358e-02,-5.183686688943279358e-02,-7.051398600435393460e-01,-1.040941436780788015e-01,-2.030901712371240009e-02,-8.401389803667852485e-02,-3.271524934852403366e-01,-5.191945123345532709e-01,1.407679351095596942e+00,-5.752567881263277033e-02,-3.801429606348526863e-02,-1.147078669352808861e-01,-1.711160802546210780e-01,-7.340709118518067011e-02,-7.197411700355742237e-02,-1.244624194945742751e-01,-7.051263942166730025e-02,-2.872721242393142319e-02,-2.030901712371240009e-02,-2.019004323808653023e-01,-1.435916317235476011e-02,-1.435916317235476011e-02,-5.183686688943279358e-02,-3.801429606348527557e-02,-3.801429606348527557e-02,-1.558271304830920190e-01,-4.064318733121485144e-02,-8.148853797899899276e-02,-1.210011918676099085e-01,-5.569323991926412171e-02,-7.051263942166730025e-02,-4.979810447122927364e-02,-3.212131358814808435e-02,-2.030901712371240009e-02,-3.801429606348527557e-02,-6.749673070628271765e-02,-3.519076715388935045e-02,-1.435916317235476185e-02,-3.524455202264515918e-01,-3.753330286669139260e-01,-2.907009498669055336e-01,-4.311306135592269523e-02,-3.519076715388935045e-02,-3.801429606348527557e-02,-1.435916317235476011e-02,-1.286658602907498339e-01,-4.767312946227962589e-02,5.913962991410492975e-01,-2.487592975524973576e-02,-4.967123990818995694e-01,-1.786283982422259831e-01,-4.979810447122926670e-02,5.840947806181536750e-01,-2.030901712371240009e-02,-4.892821642774447533e-01,-1.767766952966368654e-01
6.416629639244281202e-02,-7.448690342834912714e-02,4.511560658017802483e-01,-2.878929612425566442e-01,-4.176069228387320198e-01,-4.446743272863804691e-02,5.905777172739697933e-01,-4.963069089824175273e-01,-6.623362709603883292e-02,-3.636176791775609651e-02,-7.084887066887615159e-01,4.325644612047202520e-01,-8.682320819483589913e-01,-7.370480623321462588e-01,6.320577570903027943e-03,-9.718073465293448898e-02,1.560704859283044144e+00,1.560799840500558089e+00,2.016404613501205034e+00,9.575531288156864385e-01,-7.697096432631360674e-01,-6.292804948981121915e-02,3.507295697412453617e-01,-6.655152469770239110e-01,-1.810004182342134504e-01,-6.157906311089724749e-01,1.766252277923530567e+00,-1.983785344183122967e-01,1.723407739529344840e-01,-9.288776318305103086e-01,-7.622329347767978769e-01,0.000000000000000000e+00,0.000000000000000000e+00,-6.258508857266168457e-01,-1.734114156426813935e-01,1.247180890325345903e-01,-3.229156029137091877e-01,9.065524163272319358e-01,-4.122754887853995465e-01,-7.200041419233935702e-01,-3.774647335768301359e-01,-4.668062001933125371e-01,-9.574075473606477593e-02,-7.167944361002790421e-01,-3.669621702617922865e-01,-4.602362970513234064e-01,-5.183686688943279358e-02,-5.183686688943279358e-02,-7.051398600435393460e-01,-1.040941436780788015e-01,-2.030901712371240009e-02,-8.401389803667852485e-02,-3.271524934852403366e-01,1.926060419058570616e+00,-7.103890521813077674e-01,-5.752567881263277033e-02,-3.801429606348526863e-02,-1.147078669352808861e-01,-1.711160802546210780e-01,1.362266211417295203e+01,-7.197411700355742237e-02,-1.244624194945742751e-01,-7.051263942166730025e-02,-2.872721242393142319e-02,-2.030901712371240009e-02,-2.019004323808653023e-01,-1.435916317235476011e-02,-1.435916317235476011e-02,-5.183686688943279358e-02,-3.801429606348527557e-02,-3.801429606348527557e-02,-1.558271304830920190e-01,-4.064318733121485144e-02,-8.148853797899899276e-02,-1.210011918676099085e-01,-5.569323991926412171e-02,-7.051263942166730025e-02,-4.979810447122927364e-02,-3.212131358814808435e-02,-2.030901712371240009e-02,-3.801429606348527557e-02,-6.749673070628271765e-02,-3.519076715388935045e-02,-1.435916317235476185e-02,-3.524455202264515918e-01,-3.753330286669139260e-01,-2.907009498669055336e-01,-4.311306135592269523e-02,-3.519076715388935045e-02,-3.801429606348527557e-02,-1.435916317235476011e-02,-1.286658602907498339e-01,-4.767312946227962589e-02,5.913962991410492975e-01,-2.487592975524973576e-02,-4.967123990818995694e-01,-1.786283982422259831e-01,-4.979810447122926670e-02,5.840947806181536750e-01,-2.030901712371240009e-02,-4.892821642774447533e-01,-1.767766952966368654e-01
-1.478942924849736829e-01,-5.537123258831522232e-01,-5.507016019503075954e-01,7.082331122151057645e-01,2.281842980668271903e-01,-1.520542238341859032e-01,-4.966680157416004104e-01,-4.963069089824175273e-01,-6.623362709603883292e-02,-6.302706439077716549e-01,8.414777418280475763e-01,1.417862610549974756e+00,-2.865945335768058100e-02,-6.744934182984452242e-01,-1.761860997889140579e-01,-1.793962463029842302e-01,4.323751863546776431e-01,-5.407952618425498903e-01,4.016635395896914762e-01,-1.131498666018180055e+00,3.600260422021904771e-01,6.897882347921728829e-01,1.915767474232064616e-01,1.569967603992103999e-01,2.837148505570266099e-01,5.774176121584963933e-02,-6.959068119763496263e-01,-8.468517624932668797e-01,-1.127666788305871748e+00,1.181512957228009419e+00,9.276940622890612609e-01,0.000000000000000000e+00,0.000000000000000000e+00,5.339616623415676111e-01,7.108409781372613256e-01,1.019699523791156359e+00,1.394310342778689149e+00,2.872637440754529092e-01,1.069559787497829983e+00,4.575092059528056976e-01,-3.774647335768301359e-01,-4.668062001933125371e-01,1.561118647626119849e+00,1.161234086461132353e+00,-3.669621702617922865e-01,1.739375798511208382e+00,-5.183686688943279358e-02,-5.183686688943279358e-02,-7.051398600435393460e-01,-1.040941436780788015e-01,-2.030901712371240009e-02,-8.401389803667852485e-02,-3.271524934852403366e-01,-5.191945123345532709e-01,1.407679351095596942e+00,-5.752567881263277033e-02,-3.801429606348526863e-02,-1.147078669352808861e-01,-1.711160802546210780e-01,-7.340709118518067011e-02,-7.197411700355742237e-02,-1.244624194945742751e-01,-7.051263942166730025e-02,-2.872721242393142319e-02,-2.030901712371240009e-02,-2.019004323808653023e-01,-1.435916317235476011e-02,-1.435916317235476011e-02,-5.183686688943279358e-02,-3.801429606348527557e-02,-3.801429606348527557e-02,-1.558271304830920190e-01,-4.064318733121485144e-02,-8.148853797899899276e-02,-1.210011918676099085e-01,-5.569323991926412171e-02,-7.051263942166730025e-02,-4.979810447122927364e-02,-3.212131358814808435e-02,-2.030901712371240009e-02,-3.801429606348527557e-02,-6.749673070628271765e-02,-3.519076715388935045e-02,-1.435916317235476185e-02,-3.524455202264515918e-01,-3.753330286669139260e-01,-2.907009498669055336e-01,-4.311306135592269523e-02,-3.519076715388935045e-02,-3.801429606348527557e-02,-1.435916317235476011e-02,-1.286658602907498339e-01,-4.767312946227962589e-02,5.913962991410492975e-01,-2.487592975524973576e-02,-4.967123990818995694e-01,-1.786283982422259831e-01,-4.979810447122926670e-02,-1.712050908829709783e+00,-2.030901712371240009e-02,2.043810449286999731e+00,-1.767766952966368654e-01
-9.779411216479033664e-01,-7.448690342834912714e-02,-5.507016019503075954e-01,7.082331122151057645e-01,6.228344886202245023e-01,-7.258504430637744420e-01,-4.966680157416004104e-01,-4.963069089824175273e-01,-6.623362709603883292e-02,-3.636176791775609651e-02,8.414777418280475763e-01,1.862399238684066816e-01,-4.420709462787833499e-02,5.296834793502996908e-01,6.450939483302627897e-01,-2.616117579530339854e-01,-5.831215192808524295e-01,-2.707201460312350788e-02,2.723082679861580160e-02,1.166458308299073154e+00,-4.872757218968044035e-01,1.879773786041834815e-01,-3.237752486542516683e-01,-1.676029998896397810e+00,-5.527726332672054932e-01,-5.315990820683696993e-01,3.113400884372377608e-01,-1.541644506859289665e+00,-8.270870051246449473e-01,-2.828396964044327944e-01,-5.809668599935657873e-02,0.000000000000000000e+00,0.000000000000000000e+00,1.473574796521728292e-01,1.213393822839661657e-01,1.247180890325345903e-01,-6.797162664296669821e-01,-5.244252923710536196e-01,-7.298116194175201521e-01,-1.191009481073873166e+00,-3.774647335768301359e-01,-4.668062001933125371e-01,-5.099556053266109945e-01,-2.472873054599261933e-01,-3.669621702617922865e-01,-4.602362970513234064e-01,-5.183686688943279358e-02,-5.183686688943279358e-02,-7.051398600435393460e-01,-1.040941436780788015e-01,-2.030901712371240009e-02,-8.401389803667852485e-02,-3.271524934852403366e-01,-5.191945123345532709e-01,1.407679351095596942e+00,-5.752567881263277033e-02,-3.801429606348526863e-02,-1.147078669352808861e-01,-1.711160802546210780e-01,-7.340709118518067011e-02,-7.197411700355742237e-02,-1.244624194945742751e-01,-7.051263942166730025e-02,-2.872721242393142319e-02,-2.030901712371240009e-02,-2.019004323808653023e-01,-1.435916317235476011e-02,-1.435916317235476011e-02,-5.183686688943279358e-02,-3.801429606348527557e-02,-3.801429606348527557e-02,-1.558271304830920190e-01,-4.064318733121485144e-02,-8.148853797899899276e-02,-1.210011918676099085e-01,-5.569323991926412171e-02,-7.051263942166730025e-02,-4.979810447122927364e-02,-3.212131358814808435e-02,-2.030901712371240009e-02,-3.801429606348527557e-02,-6.749673070628271765e-02,-3.519076715388935045e-02,-1.435916317235476185e-02,-3.524455202264515918e-01,-3.753330286669139260e-01,-2.907009498669055336e-01,-4.311306135592269523e-02,-3.519076715388935045e-02,-3.801429606348527557e-02,-1.435916317235476011e-02,-1.286658602907498339e-01,-4.767312946227962589e-02,5.913962991410492975e-01,-2.487592975524973576e-02,-4.967123990818995694e-01,-1.786283982422259831e-01,-4.979810447122926670e-02,5.840947806181536750e-01,-2.030901712371240009e-02,-4.892821642774447533e-01,-1.767766952966368654e-01
1.756552487351719094e-01,4.047385190264539689e-01,-5.507016019503075954e-01,-2.878929612425566442e-01,-7.046252432412027922e-01,-8.334372341693222497e-01,1.677823450289539942e+00,-4.963069089824175273e-01,-6.493539992246850634e-01,-3.636176791775609651e-02,-1.468394436311788676e+00,-1.045382762813161337e+00,2.435829182714591319e-03,6.000574538882131881e-01,2.800805936106286476e-01,3.138968235973142451e-01,1.899203761161553983e+00,7.668639129487173633e-01,-6.904318727176127490e-01,-8.697276860124680820e-02,-6.362483984730694930e-02,-6.292804948981121915e-02,-1.304830984284317992e-02,-1.190356242159954725e+00,1.399031495656002821e+00,-3.632159839871641482e-01,-8.078231342445260088e-01,2.858709540792188086e+00,1.573117847938731162e-01,1.870620088349158827e+00,-5.809668599935657873e-02,0.000000000000000000e+00,0.000000000000000000e+00,1.473574796521728292e-01,1.213393822839661657e-01,1.247180890325345903e-01,5.156142374891065083e-02,1.008097052985560405e+00,1.387095918129950478e+00,2.577033232129964269e+00,6.138839261374069878e+00,-4.668062001933125371e-01,6.291352337973910025e-01,3.978276870303249613e+00,2.194380977853250148e+00,-4.602362970513234064e-01,-5.183686688943279358e-02,-5.183686688943279358e-02,-7.051398600435393460e-01,-1.040941436780788015e-01,-2.030901712371240009e-02,-8.401389803667852485e-02,-3.271524934852403366e-01,1.926060419058570616e+00,-7.103890521813077674e-01,-5.752567881263277033e-02,-3.801429606348526863e-02,-1.147078669352808861e-01,-1.711160802546210780e-01,-7.340709118518067011e-02,-7.197411700355742237e-02,-1.244624194945742751e-01,-7.051263942166730025e-02,-2.872721242393142319e-02,-2.030901712371240009e-02,4.952936396459016066e+00,-1.435916317235476011e-02,-1.435916317235476011e-02,-5.183686688943279358e-02,-3.801429606348527557e-02,-3.801429606348527557e-02,-1.558271304830920190e-01,-4.064318733121485144e-02,-8.148853797899899276e-02,-1.210011918676099085e-01,-5.569323991926412171e-02,-7.051263942166730025e-02,-4.979810447122927364e-02,-3.212131358814808435e-02,-2.030901712371240009e-02,-3.801429606348527557e-02,-6.749673070628271765e-02,-3.519076715388935045e-02,-1.435916317235476185e-02,-3.524455202264515918e-01,-3.753330286669139260e-01,-2.907009498669055336e-01,-4.311306135592269523e-02,-3.519076715388935045e-02,-3.801429606348527557e-02,-1.435916317235476011e-02,-1.286658602907498339e-01,-4.767312946227962589e-02,5.913962991410492975e-01,-2.487592975524973576e-02,-4.967123990818995694e-01,-1.786283982422259831e-01,-4.979810447122926670e-02,5.840947806181536750e-01,-2.030901712371240009e-02,-4.892821642774447533e-01,-1.767766952966368654e-01
2.608433948130732261e-01,1.363189363936059939e+00,-5.507016019503075954e-01,7.082331122151057645e-01,-3.099750526878054524e-01,-2.955032786415830448e-01,2.765069183305110201e+00,-4.963069089824175273e-01,1.100007117161253767e+00,-3.636176791775609651e-02,-7.326126981053655562e-01,-6.008461346790693741e-02,-4.406719470179210063e-01,6.626120979219143337e-01,6.450939483302627897e-01,3.138968235973142451e-01,-2.446226174023423960e-01,2.998427790946933125e-01,3.548594504908069713e-01,8.739910570223318187e-01,1.772195649033848630e+00,1.442504519074156999e+00,-9.073355971537265807e-01,2.196643419135902164e-01,4.696009580735226452e-01,4.786995064188634408e-01,-1.363252006354677692e-01,8.669703402762560795e-01,6.232104487247749347e-01,8.800285873625066646e-01,9.276940622890612609e-01,0.000000000000000000e+00,0.000000000000000000e+00,9.205658450309623930e-01,1.213393822839661657e-01,1.019699523791156359e+00,1.525901046203840483e+00,3.480569147064258018e-01,4.344875262335887722e-01,-1.426512150649113186e+00,-3.774647335768301359e-01,1.696017942249628430e+00,4.220278085021179071e-01,-2.472873054599261933e-01,-3.669621702617922865e-01,-4.602362970513234064e-01,-5.183686688943279358e-02,-5.183686688943279358e-02,-7.051398600435393460e-01,-1.040941436780788015e-01,-2.030901712371240009e-02,-8.401389803667852485e-02,-3.271524934852403366e-01,1.926060419058570616e+00,-7.103890521813077674e-01,-5.752567881263277033e-02,-3.801429606348526863e-02,-1.147078669352808861e-01,-1.711160802546210780e-01,-7.340709118518067011e-02,-7.197411700355742237e-02,-1.244624194945742751e-01,-7.051263942166730025e-02,-2.872721242393142319e-02,-2.030901712371240009e-02,-2.019004323808653023e-01,-1.435916317235476011e-02,-1.435916317235476011e-02,-5.183686688943279358e-02,-3.801429606348527557e-02,-3.801429606348527557e-02,-1.558271304830920190e-01,-4.064318733121485144e-02,-8.148853797899899276e-02,-1.210011918676099085e-01,-5.569323991926412171e-02,-7.051263942166730025e-02,-4.979810447122927364e-02,-3.212131358814808435e-02,-2.030901712371240009e-02,-3.801429606348527557e-02,-6.749673070628271765e-02,-3.519076715388935045e-02,-1.435916317235476185e-02,-3.524455202264515918e-01,-3.753330286669139260e-01,3.439961240091715222e+00,-4.311306135592269523e-02,-3.519076715388935045e-02,-3.801429606348527557e-02,-1.435916317235476011e-02,-1.286658602907498339e-01,-4.767312946227962589e-02,5.913962991410492975e-01,-2.487592975524973576e-02,-4.967123990818995694e-01,-1.786283982422259831e-01,-4.979810447122926670e-02,5.840947806181536750e-01,-2.030901712371240009e-02,-4.892821642774447533e-01,-1.767766952966368654e-01
-9.987832700087103666e-01,-7.448690342834912714e-02,4.511560658017802483e-01,-1.284019034700219164e+00,-9.916435636436735646e-01,-1.120335343784116588e+00,-4.966680157416004104e-01,1.810913805415002020e+00,-6.493539992246850634e-01,-3.636176791775609651e-02,3.831219049125710319e-01,-6.008461346790693741e-02,-7.049818486112825466e-01,-1.745741697375575496e+00,3.747707463447153220e+00,-1.988137502604078621e+00,1.786370793868717222e+00,2.868459015291825676e+00,2.312830511127473176e+00,-2.384929742918500128e+00,1.772195649033848630e+00,-6.292804948981121915e-02,9.646047415393940172e-01,-1.174689346781359722e+00,3.766579043152746276e-01,-1.289323023433794457e+00,1.990084922459883554e+00,1.005928889149460659e+00,-4.964492436252954666e-01,-5.412548705748637667e-01,9.276940622890612609e-01,0.000000000000000000e+00,0.000000000000000000e+00,2.080378393099147072e+00,1.300342573990556527e+00,7.213723788716157603e-01,-4.014772168988742229e-01,5.437975630017561901e-01,-8.356569962948936503e-01,-1.349613319767399566e-02,9.257960654133498002e-01,-4.668062001933125371e-01,1.043350084387937082e+00,2.100248347741838106e+00,2.194380977853250148e+00,-4.602362970513234064e-01,-5.183686688943279358e-02,-5.183686688943279358e-02,-7.051398600435393460e-01,-1.040941436780788015e-01,-2.030901712371240009e-02,-8.401389803667852485e-02,-3.271524934852403366e-01,1.926060419058570616e+00,-7.103890521813077674e-01,-5.752567881263277033e-02,-3.801429606348526863e-02,-1.147078669352808861e-01,-1.711160802546210780e-01,-7.340709118518067011e-02,-7.197411700355742237e-02,-1.244624194945742751e-01,-7.051263942166730025e-02,-2.872721242393142319e-02,-2.030901712371240009e-02,-2.019004323808653023e-01,-1.435916317235476011e-02,-1.435916317235476011e-02,-5.183686688943279358e-02,-3.801429606348527557e-02,-3.801429606348527557e-02,-1.558271304830920190e-01,-4.064318733121485144e-02,-8.148853797899899276e-02,-1.210011918676099085e-01,1.795550054997075051e+01,-7.051263942166730025e-02,-4.979810447122927364e-02,-3.212131358814808435e-02,-2.030901712371240009e-02,-3.801429606348527557e-02,-6.749673070628271765e-02,-3.519076715388935045e-02,-1.435916317235476185e-02,-3.524455202264515918e-01,-3.753330286669139260e-01,-2.907009498669055336e-01,-4.311306135592269523e-02,-3.519076715388935045e-02,-3.801429606348527557e-02,-1.435916317235476011e-02,-1.286658602907498339e-01,-4.767312946227962589e-02,5.913962991410492975e-01,-2.487592975524973576e-02,-4.967123990818995694e-01,-1.786283982422259831e-01,-4.979810447122926670e-02,5.840947806181536750e-01,-2.030901712371240009e-02,-4.892821642774447533e-01,-1.767766952966368654e-01
-1.459130086581136299e+00,-5.537123258831522232e-01,1.453013733553867981e+00,-1.284019034700219164e+00,-1.027520853693982383e+00,-1.520542238341859032e-01,-4.966680157416004104e-01,-4.963069089824175273e-01,-6.493539992246850634e-01,1.745364860052290412e+00,5.278658534121953849e-01,-6.008461346790693741e-02,1.238473310163435537e+00,-1.941224959980891063e+00,7.363472870101713808e-01,2.316813119472644900e-01,4.945693878068143867e+00,-1.801752323248414722e+00,-1.236479578871264806e+00,-1.549309024984953487e+00,1.772195649033848630e+00,9.406936628861676253e-01,-5.814512466929810941e-01,2.509981326707801386e-01,-3.668865257507094579e-01,2.261248592970551696e-01,-3.601578451718204787e-01,1.005928889149460659e+00,1.464833841632209976e+00,1.095374565837865966e+00,9.276940622890612609e-01,0.000000000000000000e+00,0.000000000000000000e+00,9.205658450309623930e-01,4.160901802106137248e-01,7.213723788716157603e-01,-3.551103175131389844e-02,-5.798740084410618500e-01,1.169513956014681527e-01,-7.200041419233935702e-01,-3.774647335768301359e-01,1.696017942249628430e+00,1.113666705592083056e-01,-7.167944361002790421e-01,9.137094037957288473e-01,-4.602362970513234064e-01,-5.183686688943279358e-02,-5.183686688943279358e-02,1.418158377741196352e+00,-1.040941436780788015e-01,-2.030901712371240009e-02,-8.401389803667852485e-02,-3.271524934852403366e-01,-5.191945123345532709e-01,-7.103890521813077674e-01,-5.752567881263277033e-02,-3.801429606348526863e-02,-1.147078669352808861e-01,-1.711160802546210780e-01,-7.340709118518067011e-02,-7.197411700355742237e-02,-1.244624194945742751e-01,-7.051263942166730025e-02,-2.872721242393142319e-02,-2.030901712371240009e-02,-2.019004323808653023e-01,-1.435916317235476011e-02,-1.435916317235476011e-02,-5.183686688943279358e-02,-3.801429606348527557e-02,-3.801429606348527557e-02,-1.558271304830920190e-01,-4.064318733121485144e-02,-8.148853797899899276e-02,8.264381404557756383e+00,-5.569323991926412171e-02,-7.051263942166730025e-02,-4.979810447122927364e-02,-3.212131358814808435e-02,-2.030901712371240009e-02,-3.801429606348527557e-02,-6.749673070628271765e-02,-3.519076715388935045e-02,-1.435916317235476185e-02,-3.524455202264515918e-01,-3.753330286669139260e-01,-2.907009498669055336e-01,-4.311306135592269523e-02,-3.519076715388935045e-02,-3.801429606348527557e-02,-1.435916317235476011e-02,-1.286658602907498339e-01,-4.767312946227962589e-02,5.913962991410492975e-01,-2.487592975524973576e-02,-4.967123990818995694e-01,-1.786283982422259831e-01,-4.979810447122926670e-02,5.840947806181536750e-01,-2.030901712371240009e-02,-4.892821642774447533e-01,-1.767766952966368654e-01
-4.165264269131518371e-01,2.321640208845666020e+00,-5.507016019503075954e-01,-2.878929612425566442e-01,-5.252387929896585872e-01,-7.617127067656237482e-01,5.905777172739697933e-01,-4.963069089824175273e-01,5.168867450326074531e-01,-6.302706439077716549e-01,-9.376666251465000101e-01,-2.277005449494729383e+00,-5.339577946391075303e-01,-1.128014587542777614e+00,6.320577570903027943e-03,1.494658002972147348e-01,1.447871891990207383e+00,5.333533460217053657e-01,1.860390983171590795e+00,-2.384929742918500128e+00,-1.334577485995799284e+00,-2.571982330429758434e+00,8.660815658187035471e-01,1.825521118219571637e+00,7.484301193482666426e-01,1.068040349703082814e+00,7.590053775099431244e-01,-9.394907950754033399e-01,-1.808404712850071039e-01,-2.828396964044327944e-01,-1.325541933798751071e+00,0.000000000000000000e+00,0.000000000000000000e+00,-2.558871799173590755e+00,-1.647165405275919259e+00,-1.963571925404249408e+00,-1.617872873435845626e+00,-4.202084284322428753e-01,-1.259038503804387865e+00,-9.555068114986333683e-01,-3.774647335768301359e-01,-4.668062001933125371e-01,-1.027724168564793761e+00,-1.186301566740631808e+00,-3.669621702617922865e-01,-4.602362970513234064e-01,-5.183686688943279358e-02,-5.183686688943279358e-02,-7.051398600435393460e-01,-1.040941436780788015e-01,-2.030901712371240009e-02,-8.401389803667852485e-02,-3.271524934852403366e-01,1.926060419058570616e+00,-7.103890521813077674e-01,-5.752567881263277033e-02,-3.801429606348526863e-02,-1.147078669352808861e-01,-1.711160802546210780e-01,-7.340709118518067011e-02,-7.197411700355742237e-02,-1.244624194945742751e-01,-7.051263942166730025e-02,-2.872721242393142319e-02,-2.030901712371240009e-02,-2.019004323808653023e-01,-1.435916317235476011e-02,-1.435916317235476011e-02,-5.183686688943279358e-02,-3.801429606348527557e-02,-3.801429606348527557e-02,-1.558271304830920190e-01,-4.064318733121485144e-02,-8.148853797899899276e-02,-1.210011918676099085e-01,-5.569323991926412171e-02,-7.051263942166730025e-02,-4.979810447122927364e-02,-3.212131358814808435e-02,-2.030901712371240009e-02,-3.801429606348527557e-02,-6.749673070628271765e-02,-3.519076715388935045e-02,-1.435916317235476185e-02,-3.524455202264515918e-01,-3.753330286669139260e-01,3.439961240091715222e+00,-4.311306135592269523e-02,-3.519076715388935045e-02,-3.801429606348527557e-02,-1.435916317235476011e-02,-1.286658602907498339e-01,-4.767312946227962589e-02,-1.690913523558418063e+00,-2.487592975524973576e-02,-4.967123990818995694e-01,-1.786283982422259831e-01,-4.979810447122926670e-02,5.840947806181536750e-01,-2.030901712371240009e-02,-4.892821642774447533e-01,-1.767766952966368654e-01
1.024137285575187593e-02,-5.537123258831522232e-01,9.520848996778241702e-01,7.082331122151057645e-01,-3.099750526878054524e-01,-2.955032786415830448e-01,5.905777172739697933e-01,6.573034482162921632e-01,-6.493539992246850634e-01,5.575471080722594897e-01,8.414777418280475763e-01,9.252135358773474483e-01,4.066745022078559479e-01,1.968440292125423152e+00,1.888272549307201120e-01,7.249743818475629098e-01,8.837070555260241322e-01,1.597364389384861028e-01,-7.684386878824200906e-01,7.904289852289771989e-01,-4.872757218968044035e-01,-3.138334775838059199e-01,-8.088124214330361106e-01,-3.130101009586379601e-01,4.885689282282582209e-03,6.470826045000689364e-01,-5.839904897081731328e-01,-1.310046925403953073e-02,1.013964166860369831e+00,2.770598476315010439e-01,-4.805784352658213909e-01,0.000000000000000000e+00,0.000000000000000000e+00,-2.392467030372219805e-01,1.213393822839661657e-01,-4.719362008065465242e-01,1.798787265913468214e-01,1.275987837853913565e+00,7.520236568657093779e-01,-9.555068114986333683e-01,-3.774647335768301359e-01,-4.668062001933125371e-01,-9.574075473606477593e-02,6.917269558207794766e-01,-3.669621702617922865e-01,-4.602362970513234064e-01,-5.183686688943279358e-02,-5.183686688943279358e-02,-7.051398600435393460e-01,-1.040941436780788015e-01,-2.030901712371240009e-02,-8.401389803667852485e-02,3.056678521220304923e+00,-5.191945123345532709e-01,-7.103890521813077674e-01,-5.752567881263277033e-02,-3.801429606348526863e-02,-1.147078669352808861e-01,-1.711160802546210780e-01,-7.340709118518067011e-02,-7.197411700355742237e-02,-1.244624194945742751e-01,-7.051263942166730025e-02,-2.872721242393142319e-02,-2.030901712371240009e-02,-2.019004323808653023e-01,-1.435916317235476011e-02,-1.435916317235476011e-02,-5.183686688943279358e-02,-3.801429606348527557e-02,-3.801429606348527557e-02,-1.558271304830920190e-01,-4.064318733121485144e-02,-8.148853797899899276e-02,-1.210011918676099085e-01,-5.569323991926412171e-02,-7.051263942166730025e-02,-4.979810447122927364e-02,-3.212131358814808435e-02,-2.030901712371240009e-02,-3.801429606348527557e-02,-6.749673070628271765e-02,-3.519076715388935045e-02,-1.435916317235476185e-02,-3.524455202264515918e-01,-3.753330286669139260e-01,-2.907009498669055336e-01,-4.311306135592269523e-02,-3.519076715388935045e-02,-3.801429606348527557e-02,-1.435916317235476011e-02,-1.286658602907498339e-01,-4.767312946227962589e-02,5.913962991410492975e-01,-2.487592975524973576e-02,-4.967123990818995694e-01,-1.786283982422259831e-01,-4.979810447122926670e-02,5.840947806181536750e-01,-2.030901712371240009e-02,-4.892821642774447533e-01,-1.767766952966368654e-01
-9.987832700087103666e-01,4.047385190264539689e-01,-5.507016019503075954e-01,-1.284019034700219164e+00,-7.046252432412027922e-01,-9.051617615730208621e-01,-4.966680157416004104e-01,6.573034482162921632e-01,1.100007117161253767e+00,-6.302706439077716549e-01,-2.143866195976701583e+00,-6.008461346790693741e-02,-2.353031823252243360e+00,-2.340010815695734880e+00,-3.826319646985255396e+00,-4.454602852105570499e+00,-8.087874538665257296e-01,-1.801752323248414722e+00,-1.236479578871264806e+00,-2.384929742918500128e+00,1.348544766984351106e+00,-6.292804948981121915e-02,-5.469604018174498671e-03,-8.926852299666506729e-01,-6.457156870254534553e-01,1.419333102564523941e-01,-8.078231342445260088e-01,2.858709540792188086e+00,-5.490507056820100873e-01,1.009236174447722290e+00,1.716326660919795577e+00,0.000000000000000000e+00,0.000000000000000000e+00,1.307170027720357286e+00,-4.681622135693289666e-01,1.019699523791156359e+00,9.033002553714079008e-01,7.522312908793775676e-01,-7.298116194175201521e-01,1.635022553829005076e+00,-3.774647335768301359e-01,-4.668062001933125371e-01,-1.131277881212430225e+00,-4.820408707801026038e-01,9.137094037957288473e-01,-4.602362970513234064e-01,-5.183686688943279358e-02,-5.183686688943279358e-02,-7.051398600435393460e-01,-1.040941436780788015e-01,-2.030901712371240009e-02,-8.401389803667852485e-02,-3.271524934852403366e-01,1.926060419058570616e+00,-7.103890521813077674e-01,-5.752567881263277033e-02,-3.801429606348526863e-02,-1.147078669352808861e-01,5.843986132174123327e+00,-7.340709118518067011e-02,-7.197411700355742237e-02,-1.244624194945742751e-01,-7.051263942166730025e-02,-2.872721242393142319e-02,-2.030901712371240009e-02,-2.019004323808653023e-01,-1.435916317235476011e-02,-1.435916317235476011e-02,-5.183686688943279358e-02,-3.801429606348527557e-02,-3.801429606348527557e-02,-1.558271304830920190e-01,-4.064318733121485144e-02,-8.148853797899899276e-02,-1.210011918676099085e-01,-5.569323991926412171e-02,-7.051263942166730025e-02,-4.979810447122927364e-02,-3.212131358814808435e-02,-2.030901712371240009e-02,-3.801429606348527557e-02,-6.749673070628271765e-02,-3.519076715388935045e-02,-1.435916317235476185e-02,-3.524455202264515918e-01,-3.753330286669139260e-01,-2.907009498669055336e-01,-4.311306135592269523e-02,-3.519076715388935045e-02,-3.801429606348527557e-02,-1.435916317235476011e-02,-1.286658602907498339e-01,-4.767312946227962589e-02,5.913962991410492975e-01,-2.487592975524973576e-02,-4.967123990818995694e-01,-1.786283982422259831e-01,-4.979810447122926670e-02,5.840947806181536750e-01,-2.030901712371240009e-02,-4.892821642774447533e-01,-1.767766952966368654e-01
-2.995788166664018481e-01,4.047385190264539689e-01,-5.507016019503075954e-01,7.082331122151057645e-01,4.879784781528296450e-02,-8.605169026788763234e-03,5.905777172739697933e-01,-4.963069089824175273e-01,5.168867450326074531e-01,5.575471080722594897e-01,8.414777418280475763e-01,-3.064091508042205425e-01,-3.240646374914379901e-01,-9.586296098671048815e-02,2.800805936106286476e-01,3.961123352473639447e-01,3.195422190618408820e-01,-3.072846949155379481e-01,5.843355286453862790e-02,-4.212210557746654538e-01,-7.697096432631360674e-01,-8.156443337717953490e-01,2.143128648972121852e-01,-6.968490377342138054e-01,-8.805736447596543282e-02,5.774176121584963933e-02,-2.482415229036441240e-01,3.321904703702865946e-02,6.758119107814894999e-01,8.369593916674348266e-01,-4.805784352658213909e-01,0.000000000000000000e+00,0.000000000000000000e+00,-6.258508857266168457e-01,-7.629130114959765674e-01,-7.702633457260871230e-01,5.523917129043375285e-01,6.012442523445518661e-02,1.169513956014681527e-01,-1.349613319767399566e-02,-3.774647335768301359e-01,-4.668062001933125371e-01,5.255815211497544270e-01,-2.472873054599261933e-01,9.137094037957288473e-01,-4.602362970513234064e-01,-5.183686688943279358e-02,-5.183686688943279358e-02,-7.051398600435393460e-01,-1.040941436780788015e-01,-2.030901712371240009e-02,-8.401389803667852485e-02,-3.271524934852403366e-01,-5.191945123345532709e-01,1.407679351095596942e+00,-5.752567881263277033e-02,-3.801429606348526863e-02,-1.147078669352808861e-01,-1.711160802546210780e-01,-7.340709118518067011e-02,-7.197411700355742237e-02,-1.244624194945742751e-01,-7.051263942166730025e-02,-2.872721242393142319e-02,-2.030901712371240009e-02,-2.019004323808653023e-01,-1.435916317235476011e-02,-1.435916317235476011e-02,-5.183686688943279358e-02,-3.801429606348527557e-02,-3.801429606348527557e-02,-1.558271304830920190e-01,-4.064318733121485144e-02,-8.148853797899899276e-02,-1.210011918676099085e-01,-5.569323991926412171e-02,-7.051263942166730025e-02,-4.979810447122927364e-02,-3.212131358814808435e-02,-2.030901712371240009e-02,-3.801429606348527557e-02,-6.749673070628271765e-02,-3.519076715388935045e-02,-1.435916317235476185e-02,-3.524455202264515918e-01,-3.753330286669139260e-01,-2.907009498669055336e-01,-4.311306135592269523e-02,-3.519076715388935045e-02,-3.801429606348527557e-02,-1.435916317235476011e-02,-1.286658602907498339e-01,-4.767312946227962589e-02,5.913962991410492975e-01,-2.487592975524973576e-02,-4.967123990818995694e-01,-1.786283982422259831e-01,-4.979810447122926670e-02,5.840947806181536750e-01,-2.030901712371240009e-02,-4.892821642774447533e-01,-1.767766952966368654e-01
-4.896393600518554878e-01,-5.537123258831522232e-01,-5.507016019503075954e-01,7.082331122151057645e-01,1.292055776497412142e-02,2.725709467506052044e-02,-4.966680157416004104e-01,-4.963069089824175273e-01,5.168867450326074531e-01,-6.302706439077716549e-01,8.414777418280475763e-01,-6.008461346790693741e-02,-5.495054359093053398e-01,-6.901320793068704829e-01,1.888272549307201120e-01,7.249743818475629098e-01,-2.446226174023423960e-01,2.531406657092908907e-01,1.657573263743090886e+00,1.082896236505718424e+00,3.600260422021904771e-01,6.897882347921728829e-01,7.827158017473496709e-01,-6.733486946663216344e-01,-1.668089278366181594e+00,-1.106413368653558910e-01,5.351727329735904704e-01,1.700721633515483555e+00,1.422827956348117762e-01,4.062674347167165023e-01,3.643850632671082335e-01,0.000000000000000000e+00,0.000000000000000000e+00,5.339616623415676111e-01,4.160901802106137248e-01,1.019699523791156359e+00,-3.425560064100004465e-01,-1.114987521357647671e+00,-8.356569962948936503e-01,-7.200041419233935702e-01,-3.774647335768301359e-01,-4.668062001933125371e-01,-3.028481800313378436e-01,-4.820408707801026038e-01,-3.669621702617922865e-01,-4.602362970513234064e-01,-5.183686688943279358e-02,-5.183686688943279358e-02,-7.051398600435393460e-01,-1.040941436780788015e-01,-2.030901712371240009e-02,-8.401389803667852485e-02,3.056678521220304923e+00,-5.191945123345532709e-01,-7.103890521813077674e-01,-5.752567881263277033e-02,-3.801429606348526863e-02,-1.147078669352808861e-01,-1.711160802546210780e-01,-7.340709118518067011e-02,-7.197411700355742237e-02,-1.244624194945742751e-01,-7.051263942166730025e-02,-2.872721242393142319e-02,-2.030901712371240009e-02,-2.019004323808653023e-01,-1.435916317235476011e-02,-1.435916317235476011e-02,-5.183686688943279358e-02,-3.801429606348527557e-02,-3.801429606348527557e-02,-1.558271304830920190e-01,-4.064318733121485144e-02,-8.148853797899899276e-02,-1.210011918676099085e-01,-5.569323991926412171e-02,-7.051263942166730025e-02,-4.979810447122927364e-02,-3.212131358814808435e-02,-2.030901712371240009e-02,-3.801429606348527557e-02,-6.749673070628271765e-02,-3.519076715388935045e-02,-1.435916317235476185e-02,-3.524455202264515918e-01,-3.753330286669139260e-01,-2.907009498669055336e-01,-4.311306135592269523e-02,-3.519076715388935045e-02,-3.801429606348527557e-02,-1.435916317235476011e-02,-1.286658602907498339e-01,-4.767312946227962589e-02,-1.690913523558418063e+00,-2.487592975524973576e-02,2.013237442528823973e+00,-1.786283982422259831e-01,-4.979810447122926670e-02,-1.712050908829709783e+00,-2.030901712371240009e-02,2.043810449286999731e+00,-1.767766952966368654e-01
3.700165528934904469e-01,-5.537123258831522232e-01,-5.507016019503075954e-01,-1.284019034700219164e+00,-1.099275433794600021e+00,-6.182636519582266343e-01,-4.966680157416004104e-01,-4.963069089824175273e-01,-6.493539992246850634e-01,-6.302706439077716549e-01,-1.462363438457637832e+00,-6.008461346790693741e-02,6.462639426350562377e-02,-3.539008676257273112e-01,5.538406096503543097e-01,-8.371203395033821604e-01,-1.895668281666913063e-02,6.633221216768130091e-02,-1.131814404980377026e-01,9.575531288156864385e-01,1.489761727667517022e+00,1.191599090980162368e+00,-3.465113661282573365e-01,1.178295219527231708e-01,4.885689282282582209e-03,3.103164083376579452e-01,-4.720741674399969168e-01,-1.057395018361759059e-01,-7.669710484883995871e-01,9.230977830575785026e-01,1.913484810577479101e+00,0.000000000000000000e+00,0.000000000000000000e+00,1.307170027720357286e+00,1.213393822839661657e-01,1.318026668710696736e+00,1.491857680143602316e+00,-1.461040954180108820e+00,1.169513956014681527e-01,-1.349613319767399566e-02,9.257960654133498002e-01,-4.668062001933125371e-01,9.397963717403006179e-01,2.335001913062014545e+00,-3.669621702617922865e-01,3.938987894073740392e+00,-5.183686688943279358e-02,-5.183686688943279358e-02,1.418158377741196352e+00,-1.040941436780788015e-01,-2.030901712371240009e-02,-8.401389803667852485e-02,-3.271524934852403366e-01,-5.191945123345532709e-01,-7.103890521813077674e-01,-5.752567881263277033e-02,-3.801429606348526863e-02,-1.147078669352808861e-01,-1.711160802546210780e-01,-7.340709118518067011e-02,-7.197411700355742237e-02,-1.244624194945742751e-01,-7.051263942166730025e-02,-2.872721242393142319e-02,-2.030901712371240009e-02,-2.019004323808653023e-01,-1.435916317235476011e-02,-1.435916317235476011e-02,-5.183686688943279358e-02,-3.801429606348527557e-02,-3.801429606348527557e-02,-1.558271304830920190e-01,-4.064318733121485144e-02,-8.148853797899899276e-02,-1.210011918676099085e-01,-5.569323991926412171e-02,-7.051263942166730025e-02,-4.979810447122927364e-02,-3.212131358814808435e-02,-2.030901712371240009e-02,-3.801429606348527557e-02,-6.749673070628271765e-02,-3.519076715388935045e-02,-1.435916317235476185e-02,-3.524455202264515918e-01,2.664300564093018409e+00,-2.907009498669055336e-01,-4.311306135592269523e-02,-3.519076715388935045e-02,-3.801429606348527557e-02,-1.435916317235476011e-02,-1.286658602907498339e-01,-4.767312946227962589e-02,5.913962991410492975e-01,-2.487592975524973576e-02,-4.967123990818995694e-01,-1.786283982422259831e-01,-4.979810447122926670e-02,5.840947806181536750e-01,-2.030901712371240009e-02,-4.892821642774447533e-01,-1.767766952966368654e-01
-7.283315829458585355e-01,3.280091053755272323e+00,-5.507016019503075954e-01,7.082331122151057645e-01,1.053361969223930661e+00,-1.048610816380417976e+00,5.905777172739697933e-01,-4.963069089824175273e-01,1.683127489289899970e+00,-6.302706439077716549e-01,8.414777418280475763e-01,-5.527336881405341407e-01,-2.618740724106469742e-01,8.580953605272300111e-01,1.010107303049897043e+00,1.494658002972147348e-01,-2.446226174023423960e-01,-7.377412798852590881e-02,4.718696732380180392e-01,1.041115200609041169e+00,-7.697096432631360674e-01,-8.156443337717953490e-01,1.335961326948150951e+00,-1.563411471726883772e-01,-1.668089278366181594e+00,-1.948328859059586526e-01,-2.482415229036441240e-01,-5.689346647468578322e-01,-9.773768967152584031e-01,-6.273932619650074427e-01,-7.622329347767978769e-01,0.000000000000000000e+00,0.000000000000000000e+00,-6.258508857266168457e-01,-7.629130114959765674e-01,-1.736090558870059808e-01,2.551669399937966376e-01,7.609160295409451713e-01,-3.064301119080259928e-01,-4.845014723481537167e-01,-3.774647335768301359e-01,-4.668062001933125371e-01,1.113666705592083056e-01,9.264805211409559149e-01,9.137094037957288473e-01,-4.602362970513234064e-01,-5.183686688943279358e-02,-5.183686688943279358e-02,-7.051398600435393460e-01,-1.040941436780788015e-01,-2.030901712371240009e-02,-8.401389803667852485e-02,-3.271524934852403366e-01,-5.191945123345532709e-01,1.407679351095596942e+00,-5.752567881263277033e-02,-3.801429606348526863e-02,-1.147078669352808861e-01,-1.711160802546210780e-01,-7.340709118518067011e-02,-7.197411700355742237e-02,-1.244624194945742751e-01,-7.051263942166730025e-02,-2.872721242393142319e-02,-2.030901712371240009e-02,-2.019004323808653023e-01,-1.435916317235476011e-02,-1.435916317235476011e-02,-5.183686688943279358e-02,-3.801429606348527557e-02,-3.801429606348527557e-02,-1.558271304830920190e-01,-4.064318733121485144e-02,-8.148853797899899276e-02,-1.210011918676099085e-01,-5.569323991926412171e-02,-7.051263942166730025e-02,-4.979810447122927364e-02,-3.212131358814808435e-02,-2.030901712371240009e-02,-3.801429606348527557e-02,-6.749673070628271765e-02,-3.519076715388935045e-02,-1.435916317235476185e-02,-3.524455202264515918e-01,-3.753330286669139260e-01,-2.907009498669055336e-01,-4.311306135592269523e-02,-3.519076715388935045e-02,-3.801429606348527557e-02,-1.435916317235476011e-02,-1.286658602907498339e-01,-4.767312946227962589e-02,5.913962991410492975e-01,-2.487592975524973576e-02,-4.967123990818995694e-01,-1.786283982422259831e-01,-4.979810447122926670e-02,5.840947806181536750e-01,-2.030901712371240009e-02,-4.892821642774447533e-01,-1.767766952966368654e-01
-2.896171572767067270e-02,4.047385190264539689e-01,-4.977276807426366662e-02,7.082331122151057645e-01,8.467513786559180411e-02,7.445023687120462252e-01,5.905777172739697933e-01,-4.963069089824175273e-01,1.683127489289899970e+00,-3.636176791775609651e-02,8.414777418280475763e-01,-5.527336881405341407e-01,1.533878494297192585e+00,1.084855945149396206e+00,-7.237061318683652988e-01,1.494658002972147348e-01,-2.446226174023423960e-01,-6.341994886133547338e-01,5.186737623369025441e-01,1.166458308299073154e+00,-7.697096432631360674e-01,9.406936628861676253e-01,-2.176733671088924849e-01,-3.835111301623150837e-01,-4.598295795089574756e-01,-1.948328859059586526e-01,-2.482415229036441240e-01,-7.078932136200624115e-01,-1.958694604440684439e-01,-4.551164791847201463e-01,-7.622329347767978769e-01,0.000000000000000000e+00,0.000000000000000000e+00,-6.258508857266168457e-01,-1.734114156426813935e-01,1.318026668710696736e+00,-2.338791070638555347e-01,-9.934011800957017746e-01,-9.473935815327891308e-02,2.220065363775658440e-01,-3.774647335768301359e-01,-4.668062001933125371e-01,-1.234831593860066690e+00,-1.421055132060808246e+00,-3.669621702617922865e-01,-4.602362970513234064e-01,-5.183686688943279358e-02,-5.183686688943279358e-02,-7.051398600435393460e-01,-1.040941436780788015e-01,-2.030901712371240009e-02,-8.401389803667852485e-02,-3.271524934852403366e-01,-5.191945123345532709e-01,1.407679351095596942e+00,-5.752567881263277033e-02,-3.801429606348526863e-02,-1.147078669352808861e-01,-1.711160802546210780e-01,-7.340709118518067011e-02,-7.197411700355742237e-02,-1.244624194945742751e-01,-7.051263942166730025e-02,-2.872721242393142319e-02,-2.030901712371240009e-02,-2.019004323808653023e-01,-1.435916317235476011e-02,-1.435916317235476011e-02,-5.183686688943279358e-02,-3.801429606348527557e-02,-3.801429606348527557e-02,-1.558271304830920190e-01,-4.064318733121485144e-02,-8.148853797899899276e-02,-1.210011918676099085e-01,-5.569323991926412171e-02,-7.051263942166730025e-02,-4.979810447122927364e-02,-3.212131358814808435e-02,-2.030901712371240009e-02,-3.801429606348527557e-02,-6.749673070628271765e-02,-3.519076715388935045e-02,-1.435916317235476185e-02,-3.524455202264515918e-01,-3.753330286669139260e-01,-2.907009498669055336e-01,-4.311306135592269523e-02,-3.519076715388935045e-02,-3.801429606348527557e-02,-1.435916317235476011e-02,-1.286658602907498339e-01,-4.767312946227962589e-02,5.913962991410492975e-01,-2.487592975524973576e-02,-4.967123990818995694e-01,-1.786283982422259831e-01,-4.979810447122926670e-02,-1.712050908829709783e+00,-2.030901712371240009e-02,2.043810449286999731e+00,-1.767766952966368654e-01
-1.038942015010479447e-01,8.839639414812570095e-01,1.953942567429912014e+00,2.700485259130430471e+00,8.022209388717687073e-01,8.162268961157447267e-01,-4.966680157416004104e-01,-4.963069089824175273e-01,5.168867450326074531e-01,2.933182612032321668e+00,8.414777418280475763e-01,-3.064091508042205425e-01,2.575729108801140185e-02,6.547927674177018709e-01,9.757391625081156261e-02,4.783278468974136999e-01,-5.831215192808524295e-01,-7.377412798852590881e-02,-6.202257390692859085e-01,2.054944826754944998e-01,3.600260422021904771e-01,1.944315375262146484e+00,-6.117660699916547262e-01,6.975046509607358836e-01,3.766579043152746276e-01,1.419333102564523941e-01,-4.720741674399969168e-01,3.574556610745059926e-01,7.659858457358575956e-01,1.478522605462855299e-01,-5.809668599935657873e-02,0.000000000000000000e+00,0.000000000000000000e+00,1.473574796521728292e-01,-4.681622135693289666e-01,1.318026668710696736e+00,-1.367130388799860707e+00,-3.620874850817523138e-01,-2.005847350306524668e-01,-7.200041419233935702e-01,-3.774647335768301359e-01,1.696017942249628430e+00,3.184740958544813871e-01,2.222198251804266556e-01,-3.669621702617922865e-01,-4.602362970513234064e-01,-5.183686688943279358e-02,-5.183686688943279358e-02,-7.051398600435393460e-01,-1.040941436780788015e-01,-2.030901712371240009e-02,-8.401389803667852485e-02,3.056678521220304923e+00,-5.191945123345532709e-01,-7.103890521813077674e-01,-5.752567881263277033e-02,-3.801429606348526863e-02,-1.147078669352808861e-01,-1.711160802546210780e-01,-7.340709118518067011e-02,-7.197411700355742237e-02,-1.244624194945742751e-01,-7.051263942166730025e-02,-2.872721242393142319e-02,-2.030901712371240009e-02,-2.019004323808653023e-01,-1.435916317235476011e-02,-1.435916317235476011e-02,-5.183686688943279358e-02,-3.801429606348527557e-02,-3.801429606348527557e-02,-1.558271304830920190e-01,-4.064318733121485144e-02,-8.148853797899899276e-02,-1.210011918676099085e-01,-5.569323991926412171e-02,-7.051263942166730025e-02,-4.979810447122927364e-02,-3.212131358814808435e-02,-2.030901712371240009e-02,-3.801429606348527557e-02,-6.749673070628271765e-02,-3.519076715388935045e-02,-1.435916317235476185e-02,-3.524455202264515918e-01,-3.753330286669139260e-01,-2.907009498669055336e-01,-4.311306135592269523e-02,-3.519076715388935045e-02,-3.801429606348527557e-02,-1.435916317235476011e-02,-1.286658602907498339e-01,-4.767312946227962589e-02,-1.690913523558418063e+00,-2.487592975524973576e-02,2.013237442528823973e+00,-1.786283982422259831e-01,-4.979810447122926670e-02,5.840947806181536750e-01,-2.030901712371240009e-02,-4.892821642774447533e-01,-1.767766952966368654e-01
-1.489235411991190805e+00,8.839639414812570095e-01,-5.507016019503075954e-01,7.082331122151057645e-01,8.380982289220775261e-01,2.725709467506052044e-02,2.765069183305110201e+00,6.573034482162921632e-01,2.849368233547192375e+00,-6.302706439077716549e-01,8.414777418280475763e-01,-3.064091508042205425e-01,-1.452667628841639302e-01,6.834297960175468589e-02,-1.761860997889140579e-01,3.961123352473639447e-01,-3.574555846951790183e-01,-1.204762413739283167e-01,-3.706039305419021046e-01,2.890565544688492028e-01,-7.697096432631360674e-01,-6.292804948981121915e-02,3.810443930399191048e-01,-1.025853840684707752e+00,-7.386587407837015284e-01,-1.457706121515000008e+00,-2.482415229036441240e-01,-1.773242088314630704e+00,-1.202811734101178587e+00,-8.427392404403666326e-01,-4.805784352658213909e-01,0.000000000000000000e+00,0.000000000000000000e+00,-2.392467030372219805e-01,-7.629130114959765674e-01,4.230452339520751615e-01,-1.139956388359425254e+00,-1.129684771400300436e+00,1.069559787497829983e+00,2.106027892979484673e+00,-3.774647335768301359e-01,-4.668062001933125371e-01,-1.027724168564793761e+00,-9.515480014204554804e-01,-3.669621702617922865e-01,-4.602362970513234064e-01,-5.183686688943279358e-02,-5.183686688943279358e-02,-7.051398600435393460e-01,-1.040941436780788015e-01,-2.030901712371240009e-02,-8.401389803667852485e-02,-3.271524934852403366e-01,-5.191945123345532709e-01,1.407679351095596942e+00,-5.752567881263277033e-02,-3.801429606348526863e-02,-1.147078669352808861e-01,-1.711160802546210780e-01,-7.340709118518067011e-02,-7.197411700355742237e-02,-1.244624194945742751e-01,-7.051263942166730025e-02,-2.872721242393142319e-02,-2.030901712371240009e-02,-2.019004323808653023e-01,-1.435916317235476011e-02,-1.435916317235476011e-02,-5.183686688943279358e-02,-3.801429606348527557e-02,-3.801429606348527557e-02,-1.558271304830920190e-01,-4.064318733121485144e-02,-8.148853797899899276e-02,-1.210011918676099085e-01,-5.569323991926412171e-02,-7.051263942166730025e-02,-4.979810447122927364e-02,-3.212131358814808435e-02,-2.030901712371240009e-02,-3.801429606348527557e-02,-6.749673070628271765e-02,-3.519076715388935045e-02,-1.435916317235476185e-02,-3.524455202264515918e-01,-3.753330286669139260e-01,-2.907009498669055336e-01,-4.311306135592269523e-02,-3.519076715388935045e-02,-3.801429606348527557e-02,-1.435916317235476011e-02,-1.286658602907498339e-01,-4.767312946227962589e-02,5.913962991410492975e-01,-2.487592975524973576e-02,-4.967123990818995694e-01,-1.786283982422259831e-01,-4.979810447122926670e-02,5.840947806181536750e-01,-2.030901712371240009e-02,-4.892821642774447533e-01,-1.767766952966368654e-01
3.700165528934904469e-01,-5.537123258831522232e-01,9.520848996778241702e-01,7.082331122151057645e-01,-7.046252432412027922e-01,1.533472170152730518e+00,-4.966680157416004104e-01,6.573034482162921632e-01,-6.493539992246850634e-01,1.151455984062275117e+00,8.414777418280475763e-01,-6.008461346790693741e-02,9.897110498402713619e-01,-1.190569231576478648e+00,3.713339322905371831e-01,-1.248197897753630770e+00,2.012036728454390744e+00,1.000374479875729250e+00,-5.032155163220748406e-01,-5.465641634646974945e-01,9.248938849348538049e-01,4.388828066981781961e-01,-1.115714855635336622e-01,-2.973432055800430129e-01,3.766579043152746276e-01,4.786995064188634408e-01,-1.363252006354677692e-01,-1.520590181272440944e-01,6.532684270428975593e-01,-1.105629136241454841e-01,9.276940622890612609e-01,0.000000000000000000e+00,0.000000000000000000e+00,9.205658450309623930e-01,7.108409781372613256e-01,1.318026668710696736e+00,2.148501837036273177e+00,-4.769932581424923268e-01,1.069559787497829983e+00,2.106027892979484673e+00,2.229056864403530014e+00,-4.668062001933125371e-01,-9.574075473606477593e-02,9.264805211409559149e-01,9.137094037957288473e-01,-4.602362970513234064e-01,-5.183686688943279358e-02,-5.183686688943279358e-02,1.418158377741196352e+00,-1.040941436780788015e-01,-2.030901712371240009e-02,-8.401389803667852485e-02,-3.271524934852403366e-01,-5.191945123345532709e-01,-7.103890521813077674e-01,-5.752567881263277033e-02,-3.801429606348526863e-02,-1.147078669352808861e-01,-1.711160802546210780e-01,-7.340709118518067011e-02,-7.197411700355742237e-02,-1.244624194945742751e-01,-7.051263942166730025e-02,-2.872721242393142319e-02,-2.030901712371240009e-02,-2.019004323808653023e-01,-1.435916317235476011e-02,-1.435916317235476011e-02,-5.183686688943279358e-02,-3.801429606348527557e-02,-3.801429606348527557e-02,-1.558271304830920190e-01,-4.064318733121485144e-02,-8.148853797899899276e-02,-1.210011918676099085e-01,-5.569323991926412171e-02,-7.051263942166730025e-02,-4.979810447122927364e-02,-3.212131358814808435e-02,-2.030901712371240009e-02,-3.801429606348527557e-02,-6.749673070628271765e-02,-3.519076715388935045e-02,-1.435916317235476185e-02,-3.524455202264515918e-01,-3.753330286669139260e-01,-2.907009498669055336e-01,-4.311306135592269523e-02,-3.519076715388935045e-02,-3.801429606348527557e-02,-1.435916317235476011e-02,-1.286658602907498339e-01,-4.767312946227962589e-02,5.913962991410492975e-01,-2.487592975524973576e-02,-4.967123990818995694e-01,-1.786283982422259831e-01,-4.979810447122926670e-02,5.840947806181536750e-01,-2.030901712371240009e-02,-4.892821642774447533e-01,-1.767766952966368654e-01
-1.336889232306244901e+00,-7.448690342834912714e-02,-4.977276807426366662e-02,7.082331122151057645e-01,-2.023431825368789405e-01,-1.879164875360351816e-01,-4.966680157416004104e-01,-4.963069089824175273e-01,-6.623362709603883292e-02,-3.636176791775609651e-02,8.414777418280475763e-01,-3.064091508042205425e-01,1.423646006144944076e-01,-1.427789440119863196e-01,5.538406096503543097e-01,-5.082582929031832508e-01,-5.831215192808524295e-01,-8.677100555403667315e-01,-7.060332357505740841e-01,-5.883451993613747488e-01,-6.362483984730694930e-02,4.388828066981781961e-01,-1.191501913882020008e-01,-7.800667027971361356e-02,4.885689282282582209e-03,-1.948328859059586526e-01,8.750744390088503744e-02,1.258580796191650364e-01,-3.461593520346820663e-01,-1.536321093192173082e-01,3.643850632671082335e-01,0.000000000000000000e+00,0.000000000000000000e+00,5.339616623415676111e-01,1.213393822839661657e-01,1.247180890325345903e-01,-1.042409050994512087e+00,-1.157075101025244246e+00,6.461782799883358797e-01,9.285145451032854602e-01,-3.774647335768301359e-01,-4.668062001933125371e-01,4.220278085021179071e-01,9.264805211409559149e-01,-3.669621702617922865e-01,-4.602362970513234064e-01,-5.183686688943279358e-02,-5.183686688943279358e-02,-7.051398600435393460e-01,-1.040941436780788015e-01,-2.030901712371240009e-02,-8.401389803667852485e-02,3.056678521220304923e+00,-5.191945123345532709e-01,-7.103890521813077674e-01,-5.752567881263277033e-02,-3.801429606348526863e-02,-1.147078669352808861e-01,-1.711160802546210780e-01,-7.340709118518067011e-02,-7.197411700355742237e-02,-1.244624194945742751e-01,-7.051263942166730025e-02,-2.872721242393142319e-02,-2.030901712371240009e-02,-2.019004323808653023e-01,-1.435916317235476011e-02,-1.435916317235476011e-02,-5.183686688943279358e-02,-3.801429606348527557e-02,-3.801429606348527557e-02,-1.558271304830920190e-01,-4.064318733121485144e-02,-8.148853797899899276e-02,-1.210011918676099085e-01,-5.569323991926412171e-02,-7.051263942166730025e-02,-4.979810447122927364e-02,-3.212131358814808435e-02,-2.030901712371240009e-02,-3.801429606348527557e-02,-6.749673070628271765e-02,-3.519076715388935045e-02,-1.435916317235476185e-02,-3.524455202264515918e-01,-3.753330286669139260e-01,-2.907009498669055336e-01,-4.311306135592269523e-02,-3.519076715388935045e-02,-3.801429606348527557e-02,-1.435916317235476011e-02,-1.286658602907498339e-01,-4.767312946227962589e-02,5.913962991410492975e-01,-2.487592975524973576e-02,-4.967123990818995694e-01,-1.786283982422259831e-01,-4.979810447122926670e-02,-1.712050908829709783e+00,-2.030901712371240009e-02,2.043810449286999731e+00,-1.767766952966368654e-01
-1.660438773526390355e+00,-5.537123258831522232e-01,9.520848996778241702e-01,7.082331122151057645e-01,4.075707483183714230e-01,-7.617127067656237482e-01,-4.966680157416004104e-01,-4.963069089824175273e-01,-6.493539992246850634e-01,1.745364860052290412e+00,8.414777418280475763e-01,-6.008461346790693741e-02,-1.987662253402596724e+00,-2.019418265023017245e+00,3.713339322905371831e-01,4.783278468974136999e-01,2.067092517690042597e-01,5.333533460217053657e-01,-5.422189239044785669e-01,-1.549309024984953487e+00,1.376788159120984290e+00,-6.292804948981121915e-02,-1.293849594211820220e+00,-7.438497238699987024e-01,2.607291194513226884e+00,-2.973154004245849968e+00,5.351727329735904704e-01,5.427337262387786909e-01,-3.236158682960900146e-01,-2.436299481158024527e+00,2.054312060332967427e+00,0.000000000000000000e+00,0.000000000000000000e+00,1.307170027720357286e+00,1.005591776063908815e+00,1.019699523791156359e+00,2.147847156919730160e+00,5.164072333768123801e-01,-6.239662425401465429e-01,1.399519884253765056e+00,-3.774647335768301359e-01,-4.668062001933125371e-01,1.871779785569029464e+00,6.917269558207794766e-01,9.137094037957288473e-01,3.938987894073740392e+00,-5.183686688943279358e-02,-5.183686688943279358e-02,-7.051398600435393460e-01,-1.040941436780788015e-01,-2.030901712371240009e-02,-8.401389803667852485e-02,3.056678521220304923e+00,-5.191945123345532709e-01,-7.103890521813077674e-01,-5.752567881263277033e-02,-3.801429606348526863e-02,-1.147078669352808861e-01,-1.711160802546210780e-01,-7.340709118518067011e-02,-7.197411700355742237e-02,-1.244624194945742751e-01,-7.051263942166730025e-02,-2.872721242393142319e-02,-2.030901712371240009e-02,-2.019004323808653023e-01,-1.435916317235476011e-02,-1.435916317235476011e-02,-5.183686688943279358e-02,-3.801429606348527557e-02,-3.801429606348527557e-02,-1.558271304830920190e-01,-4.064318733121485144e-02,-8.148853797899899276e-02,-1.210011918676099085e-01,-5.569323991926412171e-02,-7.051263942166730025e-02,-4.979810447122927364e-02,-3.212131358814808435e-02,-2.030901712371240009e-02,-3.801429606348527557e-02,-6.749673070628271765e-02,-3.519076715388935045e-02,-1.435916317235476185e-02,-3.524455202264515918e-01,-3.753330286669139260e-01,-2.907009498669055336e-01,-4.311306135592269523e-02,-3.519076715388935045e-02,-3.801429606348527557e-02,-1.435916317235476011e-02,-1.286658602907498339e-01,-4.767312946227962589e-02,5.913962991410492975e-01,-2.487592975524973576e-02,-4.967123990818995694e-01,-1.786283982422259831e-01,-4.979810447122926670e-02,5.840947806181536750e-01,-2.030901712371240009e-02,-4.892821642774447533e-01,-1.767766952966368654e-01
1.627529664165771606e-01,-7.448690342834912714e-02,-5.507016019503075954e-01,7.082331122151057645e-01,5.152026184692979349e-01,2.725709467506052044e-02,2.765069183305110201e+00,-4.963069089824175273e-01,5.168867450326074531e-01,1.151455984062275117e+00,-2.698594916969761226e-02,-5.527336881405341407e-01,4.130493235820915932e-02,4.202128522913227693e-01,9.757391625081156261e-02,-3.438272696030836850e-01,-4.702885519880157239e-01,-2.605825815301355264e-01,-9.868577703438808912e-01,8.015137498546251460e-02,-4.872757218968044035e-01,-6.292804948981121915e-02,-3.578442731684854800e-02,-7.017322259041630650e-02,-3.668865257507094579e-01,2.261248592970551696e-01,-5.839904897081731328e-01,1.258580796191650364e-01,3.301451601230785959e-01,1.478522605462855299e-01,-4.805784352658213909e-01,0.000000000000000000e+00,0.000000000000000000e+00,-2.392467030372219805e-01,1.213393822839661657e-01,-7.702633457260871230e-01,4.627005369379408317e-01,1.990802438195361235e-01,-2.005847350306524668e-01,-7.200041419233935702e-01,-3.774647335768301359e-01,-4.668062001933125371e-01,-1.992944673837013236e-01,2.222198251804266556e-01,-3.669621702617922865e-01,1.739375798511208382e+00,-5.183686688943279358e-02,-5.183686688943279358e-02,-7.051398600435393460e-01,-1.040941436780788015e-01,-2.030901712371240009e-02,-8.401389803667852485e-02,-3.271524934852403366e-01,1.926060419058570616e+00,-7.103890521813077674e-01,-5.752567881263277033e-02,-3.801429606348526863e-02,-1.147078669352808861e-01,-1.711160802546210780e-01,-7.340709118518067011e-02,-7.197411700355742237e-02,-1.244624194945742751e-01,-7.051263942166730025e-02,-2.872721242393142319e-02,-2.030901712371240009e-02,-2.019004323808653023e-01,-1.435916317235476011e-02,-1.435916317235476011e-02,-5.183686688943279358e-02,-3.801429606348527557e-02,-3.801429606348527557e-02,-1.558271304830920190e-01,-4.064318733121485144e-02,-8.148853797899899276e-02,-1.210011918676099085e-01,-5.569323991926412171e-02,-7.051263942166730025e-02,-4.979810447122927364e-02,-3.212131358814808435e-02,-2.030901712371240009e-02,-3.801429606348527557e-02,-6.749673070628271765e-02,-3.519076715388935045e-02,-1.435916317235476185e-02,-3.524455202264515918e-01,-3.753330286669139260e-01,3.439961240091715222e+00,-4.311306135592269523e-02,-3.519076715388935045e-02,-3.801429606348527557e-02,-1.435916317235476011e-02,-1.286658602907498339e-01,-4.767312946227962589e-02,5.913962991410492975e-01,-2.487592975524973576e-02,-4.967123990818995694e-01,-1.786283982422259831e-01,-4.979810447122926670e-02,-1.712050908829709783e+00,-2.030901712371240009e-02,-4.892821642774447533e-01,5.656854249492379694e+00
-9.767832245167474836e-01,-5.537123258831522232e-01,-5.507016019503075954e-01,7.082331122151057645e-01,1.196871129425165936e+00,6.010533139046491113e-01,-4.966680157416004104e-01,-4.963069089824175273e-01,-6.493539992246850634e-01,-6.302706439077716549e-01,8.414777418280475763e-01,6.788889985410339056e-01,1.743771651444861792e+00,1.507099792376878300e+00,-5.411994545085482278e-01,-1.496522300288474598e-02,-8.087874538665257296e-01,-9.611142823111715749e-01,-8.620468660801889893e-01,7.486479493322998335e-01,3.600260422021904771e-01,9.406936628861676253e-01,9.342899182407199410e-01,-5.636804270161569486e-01,2.837148505570266099e-01,-1.205131474393191793e+00,-5.839904897081731328e-01,-4.299761158736532529e-01,-5.490507056820100873e-01,-2.397705007093609841e-01,9.276940622890612609e-01,0.000000000000000000e+00,0.000000000000000000e+00,9.205658450309623930e-01,7.108409781372613256e-01,4.230452339520751615e-01,2.924837066367499960e-01,1.016113734827007287e+00,-3.064301119080259928e-01,4.575092059528056976e-01,-3.774647335768301359e-01,1.696017942249628430e+00,1.043350084387937082e+00,1.395987651781308791e+00,-3.669621702617922865e-01,1.739375798511208382e+00,-5.183686688943279358e-02,-5.183686688943279358e-02,-7.051398600435393460e-01,-1.040941436780788015e-01,-2.030901712371240009e-02,1.190279255419648408e+01,-3.271524934852403366e-01,-5.191945123345532709e-01,-7.103890521813077674e-01,-5.752567881263277033e-02,-3.801429606348526863e-02,-1.147078669352808861e-01,-1.711160802546210780e-01,-7.340709118518067011e-02,-7.197411700355742237e-02,-1.244624194945742751e-01,-7.051263942166730025e-02,-2.872721242393142319e-02,-2.030901712371240009e-02,-2.019004323808653023e-01,-1.435916317235476011e-02,-1.435916317235476011e-02,-5.183686688943279358e-02,-3.801429606348527557e-02,-3.801429606348527557e-02,-1.558271304830920190e-01,-4.064318733121485144e-02,-8.148853797899899276e-02,-1.210011918676099085e-01,-5.569323991926412171e-02,-7.051263942166730025e-02,-4.979810447122927364e-02,-3.212131358814808435e-02,-2.030901712371240009e-02,-3.801429606348527557e-02,-6.749673070628271765e-02,-3.519076715388935045e-02,-1.435916317235476185e-02,-3.524455202264515918e-01,-3.753330286669139260e-01,-2.907009498669055336e-01,-4.311306135592269523e-02,-3.519076715388935045e-02,-3.801429606348527557e-02,-1.435916317235476011e-02,-1.286658602907498339e-01,-4.767312946227962589e-02,5.913962991410492975e-01,-2.487592975524973576e-02,-4.967123990818995694e-01,-1.786283982422259831e-01,-4.979810447122926670e-02,5.840947806181536750e-01,-2.030901712371240009e-02,-4.892821642774447533e-01,-1.767766952966368654e-01
-4.807070107543667814e-01,-5.537123258831522232e-01,-5.507016019503075954e-01,-1.284019034700219164e+00,-1.027520853693982383e+00,-9.410240252748701684e-01,-4.966680157416004104e-01,-4.963069089824175273e-01,-6.493539992246850634e-01,-6.302706439077716549e-01,-1.546797408415751640e+00,-1.045382762813161337e+00,-5.650530771795030383e-01,5.609608013671502080e-01,-8.493276110900550846e-02,8.894054051476624201e-01,2.067092517690042597e-01,3.465448924800957342e-01,2.222478647106343741e-01,8.015137498546251460e-02,-7.697096432631360674e-01,-5.647389056778006067e-01,3.734656872152507523e-01,6.583374125142485989e-01,-8.805736447596543282e-02,4.786995064188634408e-01,8.750744390088503744e-02,1.237526470604801476e+00,-2.785289008189059112e-01,2.770598476315010439e-01,-4.805784352658213909e-01,0.000000000000000000e+00,0.000000000000000000e+00,-2.392467030372219805e-01,-1.352414607349271769e+00,-1.068590490645627611e+00,-8.401128949827121328e-01,5.057183242548830560e-01,-3.064301119080259928e-01,-2.489988027729138353e-01,-3.774647335768301359e-01,-4.668062001933125371e-01,1.768226072921393000e+00,1.630741217101485230e+00,-3.669621702617922865e-01,1.739375798511208382e+00,-5.183686688943279358e-02,-5.183686688943279358e-02,1.418158377741196352e+00,-1.040941436780788015e-01,-2.030901712371240009e-02,-8.401389803667852485e-02,-3.271524934852403366e-01,-5.191945123345532709e-01,-7.103890521813077674e-01,-5.752567881263277033e-02,-3.801429606348526863e-02,-1.147078669352808861e-01,-1.711160802546210780e-01,-7.340709118518067011e-02,-7.197411700355742237e-02,-1.244624194945742751e-01,-7.051263942166730025e-02,-2.872721242393142319e-02,-2.030901712371240009e-02,-2.019004323808653023e-01,-1.435916317235476011e-02,-1.435916317235476011e-02,-5.183686688943279358e-02,-3.801429606348527557e-02,-3.801429606348527557e-02,-1.558271304830920190e-01,-4.064318733121485144e-02,-8.148853797899899276e-02,-1.210011918676099085e-01,-5.569323991926412171e-02,-7.051263942166730025e-02,-4.979810447122927364e-02,-3.212131358814808435e-02,-2.030901712371240009e-02,-3.801429606348527557e-02,-6.749673070628271765e-02,-3.519076715388935045e-02,-1.435916317235476185e-02,2.837317947345407543e+00,-3.753330286669139260e-01,-2.907009498669055336e-01,-4.311306135592269523e-02,-3.519076715388935045e-02,-3.801429606348527557e-02,-1.435916317235476011e-02,-1.286658602907498339e-01,-4.767312946227962589e-02,5.913962991410492975e-01,-2.487592975524973576e-02,-4.967123990818995694e-01,-1.786283982422259831e-01,-4.979810447122926670e-02,-1.712050908829709783e+00,-2.030901712371240009e-02,2.043810449286999731e+00,-1.767766952966368654e-01
6.032501178834727140e-01,-5.537123258831522232e-01,4.511560658017802483e-01,7.082331122151057645e-01,9.098528090226952747e-01,1.641058961258278215e+00,-4.966680157416004104e-01,-4.963069089824175273e-01,-6.493539992246850634e-01,2.339273736042306151e+00,8.414777418280475763e-01,1.862399238684066816e-01,1.345907799793956972e-01,-1.766965594458413599e-02,-4.499461158286396367e-01,-3.438272696030836850e-01,-8.087874538665257296e-01,1.280587160188143780e+00,3.080553613919224665e-01,-8.697276860124680820e-02,-7.697096432631360674e-01,-6.292804948981121915e-02,7.978732133966870421e-01,2.178026264237958198e+00,6.554870655900186804e-01,1.419333102564523941e-01,5.351727329735904704e-01,-5.941998554510771746e-02,2.205088236232090326e-02,5.354750218019320718e-01,-4.805784352658213909e-01,0.000000000000000000e+00,0.000000000000000000e+00,-6.258508857266168457e-01,-4.681622135693289666e-01,-4.719362008065465242e-01,-1.157632751506087354e+00,-1.804422159722087748e+00,-1.047347750049640647e+00,-1.349613319767399566e-02,-3.774647335768301359e-01,-4.668062001933125371e-01,7.326889464450275780e-01,-4.820408707801026038e-01,-3.669621702617922865e-01,1.739375798511208382e+00,-5.183686688943279358e-02,-5.183686688943279358e-02,-7.051398600435393460e-01,-1.040941436780788015e-01,-2.030901712371240009e-02,-8.401389803667852485e-02,-3.271524934852403366e-01,-5.191945123345532709e-01,1.407679351095596942e+00,-5.752567881263277033e-02,-3.801429606348526863e-02,-1.147078669352808861e-01,-1.711160802546210780e-01,-7.340709118518067011e-02,-7.197411700355742237e-02,-1.244624194945742751e-01,-7.051263942166730025e-02,-2.872721242393142319e-02,-2.030901712371240009e-02,-2.019004323808653023e-01,-1.435916317235476011e-02,-1.435916317235476011e-02,-5.183686688943279358e-02,-3.801429606348527557e-02,-3.801429606348527557e-02,-1.558271304830920190e-01,-4.064318733121485144e-02,-8.148853797899899276e-02,-1.210011918676099085e-01,-5.569323991926412171e-02,-7.051263942166730025e-02,-4.979810447122927364e-02,-3.212131358814808435e-02,-2.030901712371240009e-02,-3.801429606348527557e-02,-6.749673070628271765e-02,-3.519076715388935045e-02,-1.435916317235476185e-02,-3.524455202264515918e-01,-3.753330286669139260e-01,-2.907009498669055336e-01,-4.311306135592269523e-02,-3.519076715388935045e-02,-3.801429606348527557e-02,-1.435916317235476011e-02,-1.286658602907498339e-01,-4.767312946227962589e-02,5.913962991410492975e-01,-2.487592975524973576e-02,-4.967123990818995694e-01,-1.786283982422259831e-01,-4.979810447122926670e-02,-1.712050908829709783e+00,-2.030901712371240009e-02,2.043810449286999731e+00,-1.767766952966368654e-01
-6.133689392096616233e-01,3.280091053755272323e+00,-5.507016019503075954e-01,7.082331122151057645e-01,1.923070080165183438e-01,-3.672278060452816018e-01,-4.966680157416004104e-01,-4.963069089824175273e-01,1.100007117161253767e+00,1.151455984062275117e+00,8.414777418280475763e-01,-7.990582254768477943e-01,-4.873148708285142683e-01,6.938894199387648509e-01,9.188539643699884518e-01,5.605433585474633995e-01,-8.087874538665257296e-01,3.932470058654981004e-01,1.236336461853130952e+00,-2.958779480846334686e-01,-6.362483984730694930e-02,-3.138334775838059199e-01,-5.738725408683124085e-01,-1.174689346781359722e+00,-1.110430955816693599e+00,8.154657025812744875e-01,3.113400884372377608e-01,-3.373370832915168482e-01,6.758119107814894999e-01,-7.135316533551511187e-01,-5.809668599935657873e-02,0.000000000000000000e+00,0.000000000000000000e+00,1.473574796521728292e-01,-1.734114156426813935e-01,-1.736090558870059808e-01,1.861751945990421042e+00,-7.241742815871075045e-01,-3.064301119080259928e-01,-1.349613319767399566e-02,-3.774647335768301359e-01,-4.668062001933125371e-01,-1.027724168564793761e+00,-1.186301566740631808e+00,-3.669621702617922865e-01,1.739375798511208382e+00,-5.183686688943279358e-02,-5.183686688943279358e-02,-7.051398600435393460e-01,-1.040941436780788015e-01,-2.030901712371240009e-02,-8.401389803667852485e-02,-3.271524934852403366e-01,-5.191945123345532709e-01,1.407679351095596942e+00,-5.752567881263277033e-02,-3.801429606348526863e-02,-1.147078669352808861e-01,-1.711160802546210780e-01,-7.340709118518067011e-02,-7.197411700355742237e-02,-1.244624194945742751e-01,-7.051263942166730025e-02,-2.872721242393142319e-02,-2.030901712371240009e-02,-2.019004323808653023e-01,-1.435916317235476011e-02,-1.435916317235476011e-02,-5.183686688943279358e-02,-3.801429606348527557e-02,-3.801429606348527557e-02,-1.558271304830920190e-01,-4.064318733121485144e-02,-8.148853797899899276e-02,-1.210011918676099085e-01,-5.569323991926412171e-02,-7.051263942166730025e-02,-4.979810447122927364e-02,-3.212131358814808435e-02,-2.030901712371240009e-02,-3.801429606348527557e-02,-6.749673070628271765e-02,-3.519076715388935045e-02,-1.435916317235476185e-02,-3.524455202264515918e-01,-3.753330286669139260e-01,-2.907009498669055336e-01,-4.311306135592269523e-02,-3.519076715388935045e-02,-3.801429606348527557e-02,-1.435916317235476011e-02,-1.286658602907498339e-01,-4.767312946227962589e-02,-1.690913523558418063e+00,-2.487592975524973576e-02,2.013237442528823973e+00,-1.786283982422259831e-01,-4.979810447122926670e-02,5.840947806181536750e-01,-2.030901712371240009e-02,-4.892821642774447533e-01,-1.767766952966368654e-01
-2.267967112794570250e-01,-5.537123258831522232e-01,1.453013733553867981e+00,7.082331122151057645e-01,-5.611160830399674060e-01,2.424306768861562156e-01,-4.966680157416004104e-01,-4.963069089824175273e-01,-6.493539992246850634e-01,5.308818115992384179e+00,8.414777418280475763e-01,-1.538031837485788644e+00,-7.904938755973703879e-01,-7.057707403152957415e-01,2.800805936106286476e-01,2.316813119472644900e-01,-8.087874538665257296e-01,-7.743058287695619990e-01,-9.166516366955542727e-01,-5.047831275680201291e-01,-1.052143564629467676e+00,-1.568360618053779465e+00,-1.036173596173091349e+00,3.606664003209448244e-01,1.120202334381258824e+00,1.068040349703082814e+00,-2.482415229036441240e-01,8.206508239851878495e-01,1.314543950041596743e+00,3.631982390216446643e-01,-1.325541933798751071e+00,0.000000000000000000e+00,0.000000000000000000e+00,-1.012455068416011628e+00,-1.941916203202566749e+00,-2.261899070323790006e+00,9.805525091234867929e-01,-1.294026749149963518e+00,1.110601872409461635e-02,-2.489988027729138353e-01,-3.774647335768301359e-01,3.858842084692569063e+00,9.397963717403006179e-01,-9.515480014204554804e-01,9.137094037957288473e-01,-4.602362970513234064e-01,-5.183686688943279358e-02,-5.183686688943279358e-02,-7.051398600435393460e-01,-1.040941436780788015e-01,-2.030901712371240009e-02,-8.401389803667852485e-02,-3.271524934852403366e-01,-5.191945123345532709e-01,1.407679351095596942e+00,-5.752567881263277033e-02,-3.801429606348526863e-02,-1.147078669352808861e-01,-1.711160802546210780e-01,-7.340709118518067011e-02,-7.197411700355742237e-02,-1.244624194945742751e-01,-7.051263942166730025e-02,-2.872721242393142319e-02,-2.030901712371240009e-02,-2.019004323808653023e-01,-1.435916317235476011e-02,-1.435916317235476011e-02,-5.183686688943279358e-02,-3.801429606348527557e-02,-3.801429606348527557e-02,-1.558271304830920190e-01,-4.064318733121485144e-02,-8.148853797899899276e-02,-1.210011918676099085e-01,-5.569323991926412171e-02,-7.051263942166730025e-02,-4.979810447122927364e-02,-3.212131358814808435e-02,-2.030901712371240009e-02,-3.801429606348527557e-02,-6.749673070628271765e-02,-3.519076715388935045e-02,-1.435916317235476185e-02,-3.524455202264515918e-01,-3.753330286669139260e-01,-2.907009498669055336e-01,-4.311306135592269523e-02,-3.519076715388935045e-02,-3.801429606348527557e-02,-1.435916317235476011e-02,-1.286658602907498339e-01,-4.767312946227962589e-02,-1.690913523558418063e+00,-2.487592975524973576e-02,2.013237442528823973e+00,-1.786283982422259831e-01,-4.979810447122926670e-02,5.840947806181536750e-01,-2.030901712371240009e-02,-4.892821642774447533e-01,-1.767766952966368654e-01
-4.165264269131518371e-01,1.363189363936059939e+00,-5.507016019503075954e-01,-1.284019034700219164e+00,-4.893615029393497129e-01,-9.051617615730208621e-01,5.905777172739697933e-01,-4.963069089824175273e-01,-6.623362709603883292e-02,-3.636176791775609651e-02,4.253388898916277694e-01,-3.064091508042205425e-01,-6.039221803549972289e-01,-5.650227912394683027e-01,3.713339322905371831e-01,-7.549048278533324607e-01,1.335038924697370621e+00,-3.539868083009403144e-01,1.244137143369611787e+00,-2.958779480846334686e-01,-6.362483984730694930e-02,4.388828066981781961e-01,-3.844048952515997652e-01,3.528329526316471565e-01,1.120202334381258824e+00,1.068040349703082814e+00,-8.078231342445260088e-01,1.747041149806551674e+00,5.255220191908759331e-01,6.216134131920756367e-01,-5.809668599935657873e-02,0.000000000000000000e+00,0.000000000000000000e+00,1.473574796521728292e-01,1.213393822839661657e-01,7.213723788716157603e-01,1.417224146857695599e+00,1.750976236959646881e+00,-5.181208656627730447e-01,-1.426512150649113186e+00,-3.774647335768301359e-01,-4.668062001933125371e-01,-4.064018926789744190e-01,-2.472873054599261933e-01,-3.669621702617922865e-01,-4.602362970513234064e-01,-5.183686688943279358e-02,-5.183686688943279358e-02,-7.051398600435393460e-01,-1.040941436780788015e-01,-2.030901712371240009e-02,-8.401389803667852485e-02,-3.271524934852403366e-01,1.926060419058570616e+00,-7.103890521813077674e-01,-5.752567881263277033e-02,-3.801429606348526863e-02,-1.147078669352808861e-01,-1.711160802546210780e-01,-7.340709118518067011e-02,-7.197411700355742237e-02,-1.244624194945742751e-01,-7.051263942166730025e-02,-2.872721242393142319e-02,-2.030901712371240009e-02,-2.019004323808653023e-01,-1.435916317235476011e-02,-1.435916317235476011e-02,-5.183686688943279358e-02,-3.801429606348527557e-02,-3.801429606348527557e-02,-1.558271304830920190e-01,-4.064318733121485144e-02,-8.148853797899899276e-02,-1.210011918676099085e-01,-5.569323991926412171e-02,-7.051263942166730025e-02,-4.979810447122927364e-02,-3.212131358814808435e-02,-2.030901712371240009e-02,-3.801429606348527557e-02,-6.749673070628271765e-02,-3.519076715388935045e-02,-1.435916317235476185e-02,-3.524455202264515918e-01,-3.753330286669139260e-01,3.439961240091715222e+00,-4.311306135592269523e-02,-3.519076715388935045e-02,-3.801429606348527557e-02,-1.435916317235476011e-02,-1.286658602907498339e-01,-4.767312946227962589e-02,-1.690913523558418063e+00,-2.487592975524973576e-02,2.013237442528823973e+00,-1.786283982422259831e-01,-4.979810447122926670e-02,5.840947806181536750e-01,-2.030901712371240009e-02,-4.892821642774447533e-01,-1.767766952966368654e-01
-6.481058531443398829e-01,-5.537123258831522232e-01,3.957657902934087701e+00,7.082331122151057645e-01,-7.405025332915116110e-01,1.927957070873072665e+00,5.905777172739697933e-01,5.271744877011131258e+00,-6.493539992246850634e-01,1.151455984062275117e+00,8.414777418280475763e-01,-7.990582254768477943e-01,5.932461974502289959e-01,-6.979514098110829456e-01,-1.179972825267908032e+00,-9.193358511534318600e-01,7.708740882331873712e-01,-1.801752323248414722e+00,-1.236479578871264806e+00,1.637134467788171899e-01,-1.052143564629467676e+00,-1.317455189959784834e+00,2.109101806493844308e-03,1.880355252044654257e+00,-8.805736447596543282e-02,8.996572516218772630e-01,3.113400884372377608e-01,-5.941998554510771746e-02,5.962335525997429497e-02,1.267651348618153095e+00,-1.325541933798751071e+00,0.000000000000000000e+00,0.000000000000000000e+00,-1.012455068416011628e+00,1.213393822839661657e-01,-1.366917635565168210e+00,-5.284851595082242781e-01,-9.185788162421966163e-01,-9.415023731722672595e-01,-4.845014723481537167e-01,-3.774647335768301359e-01,-4.668062001933125371e-01,-9.574075473606477593e-02,-7.167944361002790421e-01,-3.669621702617922865e-01,-4.602362970513234064e-01,-5.183686688943279358e-02,-5.183686688943279358e-02,-7.051398600435393460e-01,-1.040941436780788015e-01,-2.030901712371240009e-02,-8.401389803667852485e-02,-3.271524934852403366e-01,-5.191945123345532709e-01,1.407679351095596942e+00,-5.752567881263277033e-02,-3.801429606348526863e-02,-1.147078669352808861e-01,-1.711160802546210780e-01,-7.340709118518067011e-02,-7.197411700355742237e-02,-1.244624194945742751e-01,-7.051263942166730025e-02,-2.872721242393142319e-02,-2.030901712371240009e-02,-2.019004323808653023e-01,-1.435916317235476011e-02,-1.435916317235476011e-02,-5.183686688943279358e-02,-3.801429606348527557e-02,-3.801429606348527557e-02,-1.558271304830920190e-01,-4.064318733121485144e-02,-8.148853797899899276e-02,-1.210011918676099085e-01,-5.569323991926412171e-02,-7.051263942166730025e-02,-4.979810447122927364e-02,-3.212131358814808435e-02,-2.030901712371240009e-02,-3.801429606348527557e-02,-6.749673070628271765e-02,-3.519076715388935045e-02,-1.435916317235476185e-02,-3.524455202264515918e-01,-3.753330286669139260e-01,-2.907009498669055336e-01,-4.311306135592269523e-02,-3.519076715388935045e-02,-3.801429606348527557e-02,-1.435916317235476011e-02,-1.286658602907498339e-01,-4.767312946227962589e-02,5.913962991410492975e-01,-2.487592975524973576e-02,-4.967123990818995694e-01,-1.786283982422259831e-01,-4.979810447122926670e-02,5.840947806181536750e-01,-2.030901712371240009e-02,-4.892821642774447533e-01,-1.767766952966368654e-01
2.970690336306662238e-01,-7.448690342834912714e-02,1.953942567429912014e+00,7.082331122151057645e-01,5.869571985699155725e-01,1.748645752363826134e+00,-4.966680157416004104e-01,-4.963069089824175273e-01,-6.623362709603883292e-02,-3.636176791775609651e-02,8.414777418280475763e-01,-3.064091508042205425e-01,-1.141714803437684222e-01,-1.662369355246243741e-01,-1.761860997889140579e-01,3.961123352473639447e-01,1.335038924697370621e+00,1.130343255530836949e-01,8.183559741398087339e-02,-4.212210557746654538e-01,-4.872757218968044035e-01,-6.292804948981121915e-02,1.461045124751957358e-01,-7.800667027971361356e-02,2.837148505570266099e-01,-2.644978782475312235e-02,5.351727329735904704e-01,7.280117914030515003e-01,-6.542536297954395508e-01,6.171386915614185398e-02,-5.809668599935657873e-02,0.000000000000000000e+00,0.000000000000000000e+00,-2.392467030372219805e-01,-7.629130114959765674e-01,-1.736090558870059808e-01,9.713869874918842351e-01,1.610010050726629893e-01,1.175405164375203482e+00,1.399519884253765056e+00,-3.774647335768301359e-01,1.696017942249628430e+00,4.220278085021179071e-01,2.222198251804266556e-01,-3.669621702617922865e-01,-4.602362970513234064e-01,-5.183686688943279358e-02,-5.183686688943279358e-02,-7.051398600435393460e-01,-1.040941436780788015e-01,-2.030901712371240009e-02,-8.401389803667852485e-02,-3.271524934852403366e-01,-5.191945123345532709e-01,1.407679351095596942e+00,-5.752567881263277033e-02,-3.801429606348526863e-02,-1.147078669352808861e-01,-1.711160802546210780e-01,-7.340709118518067011e-02,-7.197411700355742237e-02,-1.244624194945742751e-01,-7.051263942166730025e-02,-2.872721242393142319e-02,-2.030901712371240009e-02,-2.019004323808653023e-01,-1.435916317235476011e-02,-1.435916317235476011e-02,-5.183686688943279358e-02,-3.801429606348527557e-02,-3.801429606348527557e-02,-1.558271304830920190e-01,-4.064318733121485144e-02,-8.148853797899899276e-02,-1.210011918676099085e-01,-5.569323991926412171e-02,-7.051263942166730025e-02,-4.979810447122927364e-02,-3.212131358814808435e-02,-2.030901712371240009e-02,-3.801429606348527557e-02,-6.749673070628271765e-02,-3.519076715388935045e-02,-1.435916317235476185e-02,-3.524455202264515918e-01,-3.753330286669139260e-01,-2.907009498669055336e-01,-4.311306135592269523e-02,-3.519076715388935045e-02,-3.801429606348527557e-02,-1.435916317235476011e-02,-1.286658602907498339e-01,-4.767312946227962589e-02,-1.690913523558418063e+00,-2.487592975524973576e-02,2.013237442528823973e+00,-1.786283982422259831e-01,-4.979810447122926670e-02,5.840947806181536750e-01,-2.030901712371240009e-02,-4.892821642774447533e-01,-1.767766952966368654e-01
-5.852485803101602491e-01,-5.537123258831522232e-01,-5.507016019503075954e-01,-1.284019034700219164e+00,-5.611160830399674060e-01,-9.051617615730208621e-01,-4.966680157416004104e-01,-4.963069089824175273e-01,-6.493539992246850634e-01,-6.302706439077716549e-01,-7.265817002512147127e-01,6.788889985410339056e-01,-7.438509517867770704e-01,8.659146910314424739e-01,1.888272549307201120e-01,6.427588701975132102e-01,-1.895668281666913063e-02,1.280587160188143780e+00,-2.145903002122872827e-01,2.472755185721718374e-01,3.600260422021904771e-01,4.388828066981781961e-01,-2.934604253555775921e-01,6.299538812764064744e-02,1.584917603172498746e+00,1.419333102564523941e-01,6.470890552417668529e-01,2.184971122013014133e-01,7.133843836791426973e-01,-1.359569588781228688e+00,3.643850632671082335e-01,0.000000000000000000e+00,0.000000000000000000e+00,9.205658450309623930e-01,7.108409781372613256e-01,4.230452339520751615e-01,-2.967283982519875463e-01,5.892254267699557069e-01,1.175405164375203482e+00,-1.349613319767399566e-02,-3.774647335768301359e-01,1.696017942249628430e+00,1.457564934978483384e+00,2.222198251804266556e-01,-3.669621702617922865e-01,-4.602362970513234064e-01,-5.183686688943279358e-02,-5.183686688943279358e-02,1.418158377741196352e+00,-1.040941436780788015e-01,-2.030901712371240009e-02,-8.401389803667852485e-02,-3.271524934852403366e-01,-5.191945123345532709e-01,-7.103890521813077674e-01,-5.752567881263277033e-02,-3.801429606348526863e-02,-1.147078669352808861e-01,-1.711160802546210780e-01,-7.340709118518067011e-02,-7.197411700355742237e-02,-1.244624194945742751e-01,-7.051263942166730025e-02,-2.872721242393142319e-02,-2.030901712371240009e-02,-2.019004323808653023e-01,-1.435916317235476011e-02,-1.435916317235476011e-02,-5.183686688943279358e-02,-3.801429606348527557e-02,-3.801429606348527557e-02,-1.558271304830920190e-01,-4.064318733121485144e-02,-8.148853797899899276e-02,-1.210011918676099085e-01,-5.569323991926412171e-02,-7.051263942166730025e-02,-4.979810447122927364e-02,-3.212131358814808435e-02,-2.030901712371240009e-02,-3.801429606348527557e-02,-6.749673070628271765e-02,-3.519076715388935045e-02,-1.435916317235476185e-02,-3.524455202264515918e-01,2.664300564093018409e+00,-2.907009498669055336e-01,-4.311306135592269523e-02,-3.519076715388935045e-02,-3.801429606348527557e-02,-1.435916317235476011e-02,-1.286658602907498339e-01,-4.767312946227962589e-02,-1.690913523558418063e+00,-2.487592975524973576e-02,2.013237442528823973e+00,-1.786283982422259831e-01,-4.979810447122926670e-02,5.840947806181536750e-01,-2.030901712371240009e-02,-4.892821642774447533e-01,-1.767766952966368654e-01
-1.682401992181423445e-01,8.839639414812570095e-01,4.511560658017802483e-01,7.082331122151057645e-01,2.488453571236284301e+00,1.210711796836086984e+00,5.905777172739697933e-01,6.573034482162921632e-01,5.168867450326074531e-01,5.575471080722594897e-01,8.414777418280475763e-01,-2.030680912158415730e+00,8.575560990435905362e-01,1.256881216242073940e+00,7.363472870101713808e-01,5.605433585474633995e-01,-1.895668281666913063e-02,1.280587160188143780e+00,-1.989889371793257811e-01,-3.410696807892142027e-03,-1.334577485995799284e+00,-2.070171474241768728e+00,1.995308733694310943e+00,1.183178407697179413e+00,4.885689282282582209e-03,2.261248592970551696e-01,-3.601578451718204787e-01,7.953856332809684793e-02,-6.692826189545009186e-01,4.924058261068601783e-01,-1.325541933798751071e+00,0.000000000000000000e+00,0.000000000000000000e+00,-2.558871799173590755e+00,-1.647165405275919259e+00,-1.366917635565168210e+00,4.305058223385110905e-02,-2.485178256612534387e-01,-9.415023731722672595e-01,-4.845014723481537167e-01,-3.774647335768301359e-01,1.696017942249628430e+00,-1.131277881212430225e+00,2.222198251804266556e-01,-3.669621702617922865e-01,-4.602362970513234064e-01,-5.183686688943279358e-02,-5.183686688943279358e-02,-7.051398600435393460e-01,-1.040941436780788015e-01,-2.030901712371240009e-02,-8.401389803667852485e-02,3.056678521220304923e+00,-5.191945123345532709e-01,-7.103890521813077674e-01,-5.752567881263277033e-02,-3.801429606348526863e-02,-1.147078669352808861e-01,-1.711160802546210780e-01,-7.340709118518067011e-02,-7.197411700355742237e-02,-1.244624194945742751e-01,-7.051263942166730025e-02,-2.872721242393142319e-02,-2.030901712371240009e-02,-2.019004323808653023e-01,-1.435916317235476011e-02,-1.435916317235476011e-02,-5.183686688943279358e-02,-3.801429606348527557e-02,-3.801429606348527557e-02,-1.558271304830920190e-01,-4.064318733121485144e-02,-8.148853797899899276e-02,-1.210011918676099085e-01,-5.569323991926412171e-02,-7.051263942166730025e-02,-4.979810447122927364e-02,-3.212131358814808435e-02,-2.030901712371240009e-02,-3.801429606348527557e-02,-6.749673070628271765e-02,-3.519076715388935045e-02,-1.435916317235476185e-02,-3.524455202264515918e-01,-3.753330286669139260e-01,-2.907009498669055336e-01,-4.311306135592269523e-02,-3.519076715388935045e-02,-3.801429606348527557e-02,-1.435916317235476011e-02,-1.286658602907498339e-01,-4.767312946227962589e-02,5.913962991410492975e-01,-2.487592975524973576e-02,-4.967123990818995694e-01,-1.786283982422259831e-01,-4.979810447122926670e-02,5.840947806181536750e-01,-2.030901712371240009e-02,-4.892821642774447533e-01,-1.767766952966368654e-01
-1.129919646744160511e-01,-5.537123258831522232e-01,-4.977276807426366662e-02,7.082331122151057645e-01,2.022048800582269212e+00,6.267290978796835610e+00,-4.966680157416004104e-01,-4.963069089824175273e-01,-6.623362709603883292e-02,-3.636176791775609651e-02,8.414777418280475763e-01,-2.277005449494729383e+00,3.415143087991119319e+00,2.481875811986451186e-01,-2.674394384688225657e-01,-1.083766874453531370e+00,-8.087874538665257296e-01,-1.334731189394390727e+00,-6.514284651352089117e-01,9.575531288156864385e-01,-1.052143564629467676e+00,-2.571982330429758434e+00,1.525428972564863539e+00,2.828202422449648257e+00,8.413731731065147157e-01,-2.790244349465614282e-01,-2.482415229036441240e-01,9.132898565673241986e-01,1.201826531348636706e+00,7.938901959723629886e-01,-1.607196433309727501e+00,0.000000000000000000e+00,0.000000000000000000e+00,-2.172267616484195862e+00,-2.236667001129214238e+00,-2.858553360162871204e+00,1.550778890632476203e+00,-1.878576466755472296e+00,-5.181208656627730447e-01,-7.200041419233935702e-01,-3.774647335768301359e-01,-4.668062001933125371e-01,1.113666705592083056e-01,-2.472873054599261933e-01,-3.669621702617922865e-01,-4.602362970513234064e-01,-5.183686688943279358e-02,-5.183686688943279358e-02,-7.051398600435393460e-01,-1.040941436780788015e-01,-2.030901712371240009e-02,-8.401389803667852485e-02,-3.271524934852403366e-01,-5.191945123345532709e-01,1.407679351095596942e+00,-5.752567881263277033e-02,-3.801429606348526863e-02,-1.147078669352808861e-01,-1.711160802546210780e-01,-7.340709118518067011e-02,-7.197411700355742237e-02,-1.244624194945742751e-01,-7.051263942166730025e-02,-2.872721242393142319e-02,-2.030901712371240009e-02,-2.019004323808653023e-01,-1.435916317235476011e-02,-1.435916317235476011e-02,-5.183686688943279358e-02,-3.801429606348527557e-02,-3.801429606348527557e-02,-1.558271304830920190e-01,-4.064318733121485144e-02,-8.148853797899899276e-02,-1.210011918676099085e-01,-5.569323991926412171e-02,-7.051263942166730025e-02,-4.979810447122927364e-02,-3.212131358814808435e-02,-2.030901712371240009e-02,-3.801429606348527557e-02,-6.749673070628271765e-02,-3.519076715388935045e-02,-1.435916317235476185e-02,-3.524455202264515918e-01,-3.753330286669139260e-01,-2.907009498669055336e-01,-4.311306135592269523e-02,-3.519076715388935045e-02,-3.801429606348527557e-02,-1.435916317235476011e-02,-1.286658602907498339e-01,-4.767312946227962589e-02,5.913962991410492975e-01,-2.487592975524973576e-02,-4.967123990818995694e-01,-1.786283982422259831e-01,-4.979810447122926670e-02,5.840947806181536750e-01,-2.030901712371240009e-02,-4.892821642774447533e-01,-1.767766952966368654e-01
8.207693646649100172e-01,4.047385190264539689e-01,-5.507016019503075954e-01,-2.878929612425566442e-01,-6.687479531908938624e-01,2.725709467506052044e-02,-4.966680157416004104e-01,6.573034482162921632e-01,5.168867450326074531e-01,-6.302706439077716549e-01,-7.386436959595167329e-01,1.910511685222601841e+00,-1.763620454245594382e-01,-2.913462235920262211e-01,4.625872709704457186e-01,-8.371203395033821604e-01,-1.317896501095057737e-01,6.633221216768130091e-02,-1.989889371793257811e-01,3.308375903655265127e-01,9.248938849348538049e-01,1.693409947168151630e+00,7.296648609746706482e-01,3.684998480102421037e-01,1.120202334381258824e+00,-5.315990820683696993e-01,-3.601578451718204787e-01,-9.394907950754033399e-01,-7.970290268065223227e-01,5.785442174970039098e-01,9.276940622890612609e-01,0.000000000000000000e+00,0.000000000000000000e+00,9.205658450309623930e-01,1.300342573990556527e+00,7.213723788716157603e-01,8.869332524578318333e-01,1.672145532185418393e+00,5.403329031109622704e-01,1.399519884253765056e+00,-3.774647335768301359e-01,-4.668062001933125371e-01,-9.574075473606477593e-02,-4.820408707801026038e-01,-3.669621702617922865e-01,-4.602362970513234064e-01,-5.183686688943279358e-02,-5.183686688943279358e-02,1.418158377741196352e+00,-1.040941436780788015e-01,-2.030901712371240009e-02,-8.401389803667852485e-02,-3.271524934852403366e-01,-5.191945123345532709e-01,-7.103890521813077674e-01,-5.752567881263277033e-02,-3.801429606348526863e-02,-1.147078669352808861e-01,-1.711160802546210780e-01,-7.340709118518067011e-02,-7.197411700355742237e-02,-1.244624194945742751e-01,-7.051263942166730025e-02,-2.872721242393142319e-02,-2.030901712371240009e-02,-2.019004323808653023e-01,-1.435916317235476011e-02,-1.435916317235476011e-02,-5.183686688943279358e-02,-3.801429606348527557e-02,-3.801429606348527557e-02,-1.558271304830920190e-01,-4.064318733121485144e-02,-8.148853797899899276e-02,-1.210011918676099085e-01,-5.569323991926412171e-02,-7.051263942166730025e-02,-4.979810447122927364e-02,-3.212131358814808435e-02,-2.030901712371240009e-02,-3.801429606348527557e-02,-6.749673070628271765e-02,-3.519076715388935045e-02,-1.435916317235476185e-02,2.837317947345407543e+00,-3.753330286669139260e-01,-2.907009498669055336e-01,-4.311306135592269523e-02,-3.519076715388935045e-02,-3.801429606348527557e-02,-1.435916317235476011e-02,-1.286658602907498339e-01,-4.767312946227962589e-02,-1.690913523558418063e+00,-2.487592975524973576e-02,2.013237442528823973e+00,-1.786283982422259831e-01,-4.979810447122926670e-02,5.840947806181536750e-01,-2.030901712371240009e-02,-4.892821642774447533e-01,-1.767766952966368654e-01
-9.779411216479033664e-01,-5.537123258831522232e-01,-5.507016019503075954e-01,7.082331122151057645e-01,1.340380289626401433e+00,2.430028762698962730e+00,-4.966680157416004104e-01,-4.963069089824175273e-01,-6.623362709603883292e-02,-6.302706439077716549e-01,8.414777418280475763e-01,1.862399238684066816e-01,1.860378960971345030e+00,1.465362846438810485e-01,9.757391625081156261e-02,6.725028864716499355e-02,-4.702885519880157239e-01,-1.671783547593307107e-01,3.236567244248839681e-01,-7.136883070514067340e-01,-6.362483984730694930e-02,6.897882347921728829e-01,7.524009784486757058e-01,9.951756631540400466e-01,-9.245448483001975637e-01,4.786995064188634408e-01,-8.078231342445260088e-01,-2.446980507093804713e-01,-1.097608809987749012e+00,4.924058261068601783e-01,-5.809668599935657873e-02,0.000000000000000000e+00,0.000000000000000000e+00,1.473574796521728292e-01,4.160901802106137248e-01,-1.736090558870059808e-01,-1.755355697909884549e+00,-8.758231797544794306e-01,-1.259038503804387865e+00,-9.555068114986333683e-01,-3.774647335768301359e-01,-4.668062001933125371e-01,-6.135093179742474589e-01,-2.472873054599261933e-01,-3.669621702617922865e-01,-4.602362970513234064e-01,-5.183686688943279358e-02,-5.183686688943279358e-02,-7.051398600435393460e-01,-1.040941436780788015e-01,-2.030901712371240009e-02,-8.401389803667852485e-02,3.056678521220304923e+00,-5.191945123345532709e-01,-7.103890521813077674e-01,-5.752567881263277033e-02,-3.801429606348526863e-02,-1.147078669352808861e-01,-1.711160802546210780e-01,-7.340709118518067011e-02,-7.197411700355742237e-02,-1.244624194945742751e-01,-7.051263942166730025e-02,-2.872721242393142319e-02,-2.030901712371240009e-02,-2.019004323808653023e-01,-1.435916317235476011e-02,-1.435916317235476011e-02,-5.183686688943279358e-02,-3.801429606348527557e-02,-3.801429606348527557e-02,-1.558271304830920190e-01,-4.064318733121485144e-02,-8.148853797899899276e-02,-1.210011918676099085e-01,-5.569323991926412171e-02,-7.051263942166730025e-02,-4.979810447122927364e-02,-3.212131358814808435e-02,-2.030901712371240009e-02,-3.801429606348527557e-02,-6.749673070628271765e-02,-3.519076715388935045e-02,-1.435916317235476185e-02,-3.524455202264515918e-01,-3.753330286669139260e-01,-2.907009498669055336e-01,-4.311306135592269523e-02,-3.519076715388935045e-02,-3.801429606348527557e-02,-1.435916317235476011e-02,-1.286658602907498339e-01,-4.767312946227962589e-02,5.913962991410492975e-01,-2.487592975524973576e-02,-4.967123990818995694e-01,-1.786283982422259831e-01,-4.979810447122926670e-02,-1.712050908829709783e+00,-2.030901712371240009e-02,-4.892821642774447533e-01,-1.767766952966368654e-01
7.895061421236996280e-01,-5.537123258831522232e-01,-5.507016019503075954e-01,-1.284019034700219164e+00,-1.063398143744291202e+00,-1.120335343784116588e+00,-4.966680157416004104e-01,1.810913805415002020e+00,-6.623362709603883292e-02,-6.302706439077716549e-01,-1.552828406269902706e+00,-6.008461346790693741e-02,-9.862383907357066826e-02,-1.427789440119863196e-01,9.757391625081156261e-02,-2.616117579530339854e-01,-5.831215192808524295e-01,7.668639129487173633e-01,-8.386448215307468201e-01,2.890565544688492028e-01,2.619497413132843455e+00,2.195220803356141115e+00,-4.147197185502737860e-01,-1.660363103517802807e+00,1.907717967987786201e-01,-1.948328859059586526e-01,3.892662401018882168e+00,7.953856332809684793e-02,3.902611167593240116e-01,-1.015016023220653985e+00,2.617621059354920288e+00,0.000000000000000000e+00,0.000000000000000000e+00,1.307170027720357286e+00,-1.734114156426813935e-01,2.511335248388859132e+00,1.605772020422091773e+00,1.074902734997618348e+00,-5.181208656627730447e-01,1.635022553829005076e+00,9.257960654133498002e-01,1.696017942249628430e+00,-5.099556053266109945e-01,-1.186301566740631808e+00,-3.669621702617922865e-01,-4.602362970513234064e-01,-5.183686688943279358e-02,-5.183686688943279358e-02,-7.051398600435393460e-01,-1.040941436780788015e-01,-2.030901712371240009e-02,-8.401389803667852485e-02,-3.271524934852403366e-01,1.926060419058570616e+00,-7.103890521813077674e-01,-5.752567881263277033e-02,-3.801429606348526863e-02,-1.147078669352808861e-01,5.843986132174123327e+00,-7.340709118518067011e-02,-7.197411700355742237e-02,-1.244624194945742751e-01,-7.051263942166730025e-02,-2.872721242393142319e-02,-2.030901712371240009e-02,-2.019004323808653023e-01,-1.435916317235476011e-02,-1.435916317235476011e-02,-5.183686688943279358e-02,-3.801429606348527557e-02,-3.801429606348527557e-02,-1.558271304830920190e-01,-4.064318733121485144e-02,-8.148853797899899276e-02,-1.210011918676099085e-01,-5.569323991926412171e-02,-7.051263942166730025e-02,-4.979810447122927364e-02,-3.212131358814808435e-02,-2.030901712371240009e-02,-3.801429606348527557e-02,-6.749673070628271765e-02,-3.519076715388935045e-02,-1.435916317235476185e-02,-3.524455202264515918e-01,-3.753330286669139260e-01,-2.907009498669055336e-01,-4.311306135592269523e-02,-3.519076715388935045e-02,-3.801429606348527557e-02,-1.435916317235476011e-02,-1.286658602907498339e-01,-4.767312946227962589e-02,5.913962991410492975e-01,-2.487592975524973576e-02,-4.967123990818995694e-01,-1.786283982422259831e-01,-4.979810447122926670e-02,5.840947806181536750e-01,-2.030901712371240009e-02,-4.892821642774447533e-01,-1.767766952966368654e-01
7.508361220048452578e-02,-5.537123258831522232e-01,-5.507016019503075954e-01,-1.284019034700219164e+00,-1.063398143744291202e+00,-1.084473080082267282e+00,-4.966680157416004104e-01,1.810913805415002020e+00,-6.493539992246850634e-01,-6.302706439077716549e-01,-1.540766410561600797e+00,-6.008461346790693741e-02,-1.047029956555633134e+00,-1.683187053341874240e+00,5.299014221005598380e+00,1.136051940097811741e+00,-8.087874538665257296e-01,-1.801752323248414722e+00,-1.236479578871264806e+00,-2.958779480846334686e-01,-4.872757218968044035e-01,-5.647389056778006067e-01,-1.104381948595107632e+00,-1.448860015906771048e+00,9.343162268647626778e-01,-1.120939925352589128e+00,8.709216997781196179e-01,1.721775959102332110e-01,4.879495462932226801e-01,-7.135316533551511187e-01,-5.809668599935657873e-02,0.000000000000000000e+00,0.000000000000000000e+00,-2.392467030372219805e-01,-1.057663809422624057e+00,4.230452339520751615e-01,-1.418850118006760974e+00,-6.974520087822841941e-01,-8.356569962948936503e-01,2.220065363775658440e-01,2.229056864403530014e+00,-4.668062001933125371e-01,-8.206167432695206099e-01,-7.167944361002790421e-01,-3.669621702617922865e-01,-4.602362970513234064e-01,-5.183686688943279358e-02,-5.183686688943279358e-02,-7.051398600435393460e-01,-1.040941436780788015e-01,-2.030901712371240009e-02,-8.401389803667852485e-02,-3.271524934852403366e-01,1.926060419058570616e+00,-7.103890521813077674e-01,-5.752567881263277033e-02,-3.801429606348526863e-02,-1.147078669352808861e-01,-1.711160802546210780e-01,-7.340709118518067011e-02,-7.197411700355742237e-02,-1.244624194945742751e-01,-7.051263942166730025e-02,-2.872721242393142319e-02,-2.030901712371240009e-02,4.952936396459016066e+00,-1.435916317235476011e-02,-1.435916317235476011e-02,-5.183686688943279358e-02,-3.801429606348527557e-02,-3.801429606348527557e-02,-1.558271304830920190e-01,-4.064318733121485144e-02,-8.148853797899899276e-02,-1.210011918676099085e-01,-5.569323991926412171e-02,-7.051263942166730025e-02,-4.979810447122927364e-02,-3.212131358814808435e-02,-2.030901712371240009e-02,-3.801429606348527557e-02,-6.749673070628271765e-02,-3.519076715388935045e-02,-1.435916317235476185e-02,-3.524455202264515918e-01,-3.753330286669139260e-01,-2.907009498669055336e-01,-4.311306135592269523e-02,-3.519076715388935045e-02,-3.801429606348527557e-02,-1.435916317235476011e-02,-1.286658602907498339e-01,-4.767312946227962589e-02,5.913962991410492975e-01,-2.487592975524973576e-02,-4.967123990818995694e-01,-1.786283982422259831e-01,-4.979810447122926670e-02,-1.712050908829709783e+00,-2.030901712371240009e-02,2.043810449286999731e+00,-1.767766952966368654e-01
-1.296528246591666322e+00,4.047385190264539689e-01,9.520848996778241702e-01,-2.878929612425566442e-01,-5.611160830399674060e-01,6.311935837690980933e-02,-4.966680157416004104e-01,6.573034482162921632e-01,5.168867450326074531e-01,-6.302706439077716549e-01,4.374008855999300671e-01,-6.008461346790693741e-02,-4.095766644775254983e-01,-9.794473079627376011e-01,-7.237061318683652988e-01,1.053836428447761930e+00,2.012036728454390744e+00,-6.341994886133547338e-01,7.136908002489211755e-01,-1.799995240365017457e+00,-4.872757218968044035e-01,1.879773786041834815e-01,-5.208216000956329417e-01,-4.667287952252369143e-02,4.885689282282582209e-03,9.838488006624800386e-01,-2.440887836729143182e-02,6.816922751119832702e-01,-6.317101460568474991e-01,5.354750218019320718e-01,-4.805784352658213909e-01,0.000000000000000000e+00,0.000000000000000000e+00,-2.392467030372219805e-01,4.160901802106137248e-01,-4.719362008065465242e-01,-1.600196510289183527e+00,1.104297235082924100e+00,-4.122754887853995465e-01,-7.200041419233935702e-01,-3.774647335768301359e-01,-4.668062001933125371e-01,2.493102061454848695e+00,3.508769739662896736e+00,9.137094037957288473e-01,1.739375798511208382e+00,-5.183686688943279358e-02,-5.183686688943279358e-02,-7.051398600435393460e-01,-1.040941436780788015e-01,-2.030901712371240009e-02,-8.401389803667852485e-02,-3.271524934852403366e-01,1.926060419058570616e+00,-7.103890521813077674e-01,-5.752567881263277033e-02,-3.801429606348526863e-02,-1.147078669352808861e-01,-1.711160802546210780e-01,-7.340709118518067011e-02,-7.197411700355742237e-02,-1.244624194945742751e-01,-7.051263942166730025e-02,-2.872721242393142319e-02,-2.030901712371240009e-02,-2.019004323808653023e-01,-1.435916317235476011e-02,-1.435916317235476011e-02,-5.183686688943279358e-02,-3.801429606348527557e-02,-3.801429606348527557e-02,-1.558271304830920190e-01,-4.064318733121485144e-02,-8.148853797899899276e-02,-1.210011918676099085e-01,-5.569323991926412171e-02,-7.051263942166730025e-02,-4.979810447122927364e-02,-3.212131358814808435e-02,-2.030901712371240009e-02,-3.801429606348527557e-02,-6.749673070628271765e-02,-3.519076715388935045e-02,-1.435916317235476185e-02,-3.524455202264515918e-01,-3.753330286669139260e-01,3.439961240091715222e+00,-4.311306135592269523e-02,-3.519076715388935045e-02,-3.801429606348527557e-02,-1.435916317235476011e-02,-1.286658602907498339e-01,-4.767312946227962589e-02,-1.690913523558418063e+00,-2.487592975524973576e-02,-4.967123990818995694e-01,5.598214000911362120e+00,-4.979810447122926670e-02,-1.712050908829709783e+00,-2.030901712371240009e-02,2.043810449286999731e+00,-1.767766952966368654e-01
-1.650973355764333572e-01,-7.448690342834912714e-02,4.511560658017802483e-01,7.082331122151057645e-01,1.564297179662094972e-01,-8.032969643048733233e-02,1.677823450289539942e+00,-4.963069089824175273e-01,-6.623362709603883292e-02,5.575471080722594897e-01,8.414777418280475763e-01,-1.045382762813161337e+00,-3.862552025722290061e-01,9.675659875862072656e-01,6.450939483302627897e-01,7.249743818475629098e-01,3.195422190618408820e-01,2.868459015291825676e+00,-4.564114272231903913e-01,7.486479493322998335e-01,-1.334577485995799284e+00,-8.156443337717953490e-01,1.006322775271846631e-01,3.136657141851599273e-01,-4.598295795089574756e-01,1.320614996824891030e+00,-2.482415229036441240e-01,2.648166284923695879e-01,1.648262793734038001e-01,-2.828396964044327944e-01,-1.325541933798751071e+00,0.000000000000000000e+00,0.000000000000000000e+00,-2.558871799173590755e+00,-1.647165405275919259e+00,-1.366917635565168210e+00,-9.992001633026712515e-01,7.034631430105751093e-01,-3.064301119080259928e-01,-1.426512150649113186e+00,-3.774647335768301359e-01,-4.668062001933125371e-01,-6.135093179742474589e-01,-4.820408707801026038e-01,-3.669621702617922865e-01,3.938987894073740392e+00,-5.183686688943279358e-02,-5.183686688943279358e-02,-7.051398600435393460e-01,-1.040941436780788015e-01,-2.030901712371240009e-02,-8.401389803667852485e-02,3.056678521220304923e+00,-5.191945123345532709e-01,-7.103890521813077674e-01,-5.752567881263277033e-02,-3.801429606348526863e-02,-1.147078669352808861e-01,-1.711160802546210780e-01,-7.340709118518067011e-02,-7.197411700355742237e-02,-1.244624194945742751e-01,-7.051263942166730025e-02,-2.872721242393142319e-02,-2.030901712371240009e-02,-2.019004323808653023e-01,-1.435916317235476011e-02,-1.435916317235476011e-02,-5.183686688943279358e-02,-3.801429606348527557e-02,-3.801429606348527557e-02,-1.558271304830920190e-01,-4.064318733121485144e-02,-8.148853797899899276e-02,-1.210011918676099085e-01,-5.569323991926412171e-02,-7.051263942166730025e-02,-4.979810447122927364e-02,-3.212131358814808435e-02,-2.030901712371240009e-02,-3.801429606348527557e-02,-6.749673070628271765e-02,-3.519076715388935045e-02,-1.435916317235476185e-02,-3.524455202264515918e-01,-3.753330286669139260e-01,-2.907009498669055336e-01,-4.311306135592269523e-02,-3.519076715388935045e-02,-3.801429606348527557e-02,-1.435916317235476011e-02,-1.286658602907498339e-01,-4.767312946227962589e-02,5.913962991410492975e-01,-2.487592975524973576e-02,-4.967123990818995694e-01,-1.786283982422259831e-01,-4.979810447122926670e-02,5.840947806181536750e-01,-2.030901712371240009e-02,-4.892821642774447533e-01,-1.767766952966368654e-01
1.722440402083628586e+00,-5.537123258831522232e-01,2.955800235181999636e+00,7.082331122151057645e-01,-2.295673228533472165e-02,9.898162207875908780e-02,-4.966680157416004104e-01,-4.963069089824175273e-01,5.168867450326074531e-01,1.151455984062275117e+00,8.414777418280475763e-01,-5.527336881405341407e-01,-6.039221803549972289e-01,-3.304428761130895897e-01,9.757391625081156261e-02,4.783278468974136999e-01,-4.702885519880157239e-01,1.130343255530836949e-01,-7.606380063659393675e-01,-7.554693429480840994e-01,-6.362483984730694930e-02,-6.292804948981121915e-02,1.385258066505270502e-01,7.680056801644132847e-01,1.120202334381258824e+00,1.419333102564523941e-01,-1.363252006354677692e-01,2.184971122013014133e-01,2.205088236232090326e-02,-8.858084361354384706e-01,-4.805784352658213909e-01,0.000000000000000000e+00,0.000000000000000000e+00,1.473574796521728292e-01,-4.681622135693289666e-01,-1.736090558870059808e-01,6.532124508519659978e-01,-1.133025055500903377e+00,2.227967724788416926e-01,1.164017214678525258e+00,-3.774647335768301359e-01,-4.668062001933125371e-01,3.184740958544813871e-01,-4.820408707801026038e-01,-3.669621702617922865e-01,-4.602362970513234064e-01,-5.183686688943279358e-02,-5.183686688943279358e-02,-7.051398600435393460e-01,-1.040941436780788015e-01,-2.030901712371240009e-02,-8.401389803667852485e-02,3.056678521220304923e+00,-5.191945123345532709e-01,-7.103890521813077674e-01,-5.752567881263277033e-02,-3.801429606348526863e-02,-1.147078669352808861e-01,-1.711160802546210780e-01,-7.340709118518067011e-02,-7.197411700355742237e-02,-1.244624194945742751e-01,-7.051263942166730025e-02,-2.872721242393142319e-02,-2.030901712371240009e-02,-2.019004323808653023e-01,-1.435916317235476011e-02,-1.435916317235476011e-02,-5.183686688943279358e-02,-3.801429606348527557e-02,-3.801429606348527557e-02,-1.558271304830920190e-01,-4.064318733121485144e-02,-8.148853797899899276e-02,-1.210011918676099085e-01,-5.569323991926412171e-02,-7.051263942166730025e-02,-4.979810447122927364e-02,-3.212131358814808435e-02,-2.030901712371240009e-02,-3.801429606348527557e-02,-6.749673070628271765e-02,-3.519076715388935045e-02,-1.435916317235476185e-02,-3.524455202264515918e-01,-3.753330286669139260e-01,-2.907009498669055336e-01,-4.311306135592269523e-02,-3.519076715388935045e-02,-3.801429606348527557e-02,-1.435916317235476011e-02,-1.286658602907498339e-01,-4.767312946227962589e-02,5.913962991410492975e-01,-2.487592975524973576e-02,-4.967123990818995694e-01,-1.786283982422259831e-01,-4.979810447122926670e-02,5.840947806181536750e-01,-2.030901712371240009e-02,-4.892821642774447533e-01,-1.767766952966368654e-01
5.688808585374832694e-02,2.321640208845666020e+00,-5.507016019503075954e-01,7.082331122151057645e-01,-5.969933730902762248e-01,-7.258504430637744420e-01,-4.966680157416004104e-01,-4.963069089824175273e-01,2.849368233547192375e+00,-6.302706439077716549e-01,8.414777418280475763e-01,6.788889985410339056e-01,-6.039221803549972289e-01,-7.292287318279334629e-01,-3.586927771487311012e-01,4.783278468974136999e-01,-2.446226174023423960e-01,1.963009878227889651e-02,3.080553613919224665e-01,1.124677272402395900e+00,-6.362483984730694930e-02,4.388828066981781961e-01,-5.094183896618557222e-02,-3.208435486479352394e-01,2.837148505570266099e-01,-3.632159839871641482e-01,7.590053775099431244e-01,1.283845986895869817e+00,3.977756113388545289e-01,-2.828396964044327944e-01,-5.809668599935657873e-02,0.000000000000000000e+00,0.000000000000000000e+00,1.473574796521728292e-01,1.005591776063908815e+00,1.019699523791156359e+00,1.658801109862078071e+00,-1.429648480822015844e-01,1.810477425639444693e+00,1.164017214678525258e+00,-3.774647335768301359e-01,-4.668062001933125371e-01,-3.028481800313378436e-01,-1.253374013974976713e-02,-3.669621702617922865e-01,-4.602362970513234064e-01,-5.183686688943279358e-02,-5.183686688943279358e-02,-7.051398600435393460e-01,-1.040941436780788015e-01,-2.030901712371240009e-02,-8.401389803667852485e-02,-3.271524934852403366e-01,-5.191945123345532709e-01,1.407679351095596942e+00,-5.752567881263277033e-02,-3.801429606348526863e-02,-1.147078669352808861e-01,-1.711160802546210780e-01,-7.340709118518067011e-02,-7.197411700355742237e-02,-1.244624194945742751e-01,-7.051263942166730025e-02,-2.872721242393142319e-02,-2.030901712371240009e-02,-2.019004323808653023e-01,-1.435916317235476011e-02,-1.435916317235476011e-02,-5.183686688943279358e-02,-3.801429606348527557e-02,-3.801429606348527557e-02,-1.558271304830920190e-01,-4.064318733121485144e-02,-8.148853797899899276e-02,-1.210011918676099085e-01,-5.569323991926412171e-02,-7.051263942166730025e-02,-4.979810447122927364e-02,-3.212131358814808435e-02,-2.030901712371240009e-02,-3.801429606348527557e-02,-6.749673070628271765e-02,-3.519076715388935045e-02,-1.435916317235476185e-02,-3.524455202264515918e-01,-3.753330286669139260e-01,-2.907009498669055336e-01,-4.311306135592269523e-02,-3.519076715388935045e-02,-3.801429606348527557e-02,-1.435916317235476011e-02,-1.286658602907498339e-01,-4.767312946227962589e-02,-1.690913523558418063e+00,-2.487592975524973576e-02,2.013237442528823973e+00,-1.786283982422259831e-01,-4.979810447122926670e-02,5.840947806181536750e-01,-2.030901712371240009e-02,-4.892821642774447533e-01,-1.767766952966368654e-01
-1.459130086581136299e+00,8.839639414812570095e-01,-4.977276807426366662e-02,7.082331122151057645e-01,-1.664658924865700940e-01,-9.051617615730208621e-01,5.905777172739697933e-01,4.118134519812421956e+00,4.015608977804484780e+00,-3.636176791775609651e-02,8.414777418280475763e-01,-5.527336881405341407e-01,-4.562195882881187603e-01,-7.370480623321462588e-01,1.888272549307201120e-01,4.783278468974136999e-01,1.673537826575880905e+00,2.531406657092908907e-01,9.087078381609396960e-01,-7.554693429480840994e-01,-7.697096432631360674e-01,9.406936628861676253e-01,5.023036862346152986e-01,1.308513570725938546e+00,1.907717967987786201e-01,-2.644978782475312235e-02,7.590053775099431244e-01,-3.836565995825850228e-01,-3.236158682960900146e-01,-4.981856748797919843e-01,-5.809668599935657873e-02,0.000000000000000000e+00,0.000000000000000000e+00,-2.392467030372219805e-01,-1.057663809422624057e+00,4.230452339520751615e-01,-6.646586237491769467e-01,-1.368181056183348066e+00,1.387095918129950478e+00,1.635022553829005076e+00,-3.774647335768301359e-01,-4.668062001933125371e-01,2.149203832068448394e-01,9.264805211409559149e-01,-3.669621702617922865e-01,-4.602362970513234064e-01,-5.183686688943279358e-02,-5.183686688943279358e-02,-7.051398600435393460e-01,-1.040941436780788015e-01,-2.030901712371240009e-02,-8.401389803667852485e-02,-3.271524934852403366e-01,-5.191945123345532709e-01,1.407679351095596942e+00,-5.752567881263277033e-02,-3.801429606348526863e-02,-1.147078669352808861e-01,-1.711160802546210780e-01,-7.340709118518067011e-02,-7.197411700355742237e-02,-1.244624194945742751e-01,-7.051263942166730025e-02,-2.872721242393142319e-02,-2.030901712371240009e-02,-2.019004323808653023e-01,-1.435916317235476011e-02,-1.435916317235476011e-02,-5.183686688943279358e-02,-3.801429606348527557e-02,-3.801429606348527557e-02,-1.558271304830920190e-01,-4.064318733121485144e-02,-8.148853797899899276e-02,-1.210011918676099085e-01,-5.569323991926412171e-02,-7.051263942166730025e-02,-4.979810447122927364e-02,-3.212131358814808435e-02,-2.030901712371240009e-02,-3.801429606348527557e-02,-6.749673070628271765e-02,-3.519076715388935045e-02,-1.435916317235476185e-02,-3.524455202264515918e-01,-3.753330286669139260e-01,-2.907009498669055336e-01,-4.311306135592269523e-02,-3.519076715388935045e-02,-3.801429606348527557e-02,-1.435916317235476011e-02,-1.286658602907498339e-01,-4.767312946227962589e-02,5.913962991410492975e-01,-2.487592975524973576e-02,-4.967123990818995694e-01,-1.786283982422259831e-01,-4.979810447122926670e-02,-1.712050908829709783e+00,-2.030901712371240009e-02,2.043810449286999731e+00,-1.767766952966368654e-01
3.433849188769038108e-01,1.363189363936059939e+00,-4.977276807426366662e-02,-2.878929612425566442e-01,-4.176069228387320198e-01,-1.879164875360351816e-01,1.677823450289539942e+00,-4.963069089824175273e-01,-6.623362709603883292e-02,-6.302706439077716549e-01,-9.332692556535862605e-02,1.417862610549974756e+00,-2.865945335768058100e-02,-6.744934182984452242e-01,-1.761860997889140579e-01,-1.793962463029842302e-01,4.323751863546776431e-01,-5.407952618425498903e-01,4.016635395896914762e-01,-1.131498666018180055e+00,3.600260422021904771e-01,4.388828066981781961e-01,-9.641407391419663797e-02,-3.100598414392873731e-02,7.484301193482666426e-01,2.261248592970551696e-01,8.750744390088503744e-02,-1.983785344183122967e-01,-1.132100200692311570e-01,1.047830648512136920e-01,3.643850632671082335e-01,0.000000000000000000e+00,0.000000000000000000e+00,5.339616623415676111e-01,7.108409781372613256e-01,4.230452339520751615e-01,8.627100881457393511e-01,1.030142928049539552e+00,1.069559787497829983e+00,4.575092059528056976e-01,-3.774647335768301359e-01,-4.668062001933125371e-01,3.184740958544813871e-01,1.395987651781308791e+00,-3.669621702617922865e-01,-4.602362970513234064e-01,-5.183686688943279358e-02,-5.183686688943279358e-02,-7.051398600435393460e-01,-1.040941436780788015e-01,-2.030901712371240009e-02,-8.401389803667852485e-02,-3.271524934852403366e-01,1.926060419058570616e+00,-7.103890521813077674e-01,-5.752567881263277033e-02,-3.801429606348526863e-02,8.717797887081346175e+00,-1.711160802546210780e-01,-7.340709118518067011e-02,-7.197411700355742237e-02,-1.244624194945742751e-01,-7.051263942166730025e-02,-2.872721242393142319e-02,-2.030901712371240009e-02,-2.019004323808653023e-01,-1.435916317235476011e-02,-1.435916317235476011e-02,-5.183686688943279358e-02,-3.801429606348527557e-02,-3.801429606348527557e-02,-1.558271304830920190e-01,-4.064318733121485144e-02,-8.148853797899899276e-02,-1.210011918676099085e-01,-5.569323991926412171e-02,-7.051263942166730025e-02,-4.979810447122927364e-02,-3.212131358814808435e-02,-2.030901712371240009e-02,-3.801429606348527557e-02,-6.749673070628271765e-02,-3.519076715388935045e-02,-1.435916317235476185e-02,-3.524455202264515918e-01,-3.753330286669139260e-01,-2.907009498669055336e-01,-4.311306135592269523e-02,-3.519076715388935045e-02,-3.801429606348527557e-02,-1.435916317235476011e-02,-1.286658602907498339e-01,-4.767312946227962589e-02,5.913962991410492975e-01,-2.487592975524973576e-02,-4.967123990818995694e-01,-1.786283982422259831e-01,-4.979810447122926670e-02,5.840947806181536750e-01,-2.030901712371240009e-02,-4.892821642774447533e-01,-1.767766952966368654e-01
-4.136775641862717318e-02,-5.537123258831522232e-01,-4.977276807426366662e-02,7.082331122151057645e-01,1.304502999576092614e+00,6.311935837690980933e-02,-4.966680157416004104e-01,-4.963069089824175273e-01,5.168867450326074531e-01,-3.636176791775609651e-02,8.414777418280475763e-01,6.788889985410339056e-01,-9.537441089344464995e-01,3.185615557365586992e-01,-1.761860997889140579e-01,6.427588701975132102e-01,2.067092517690042597e-01,2.064385523238884967e-01,7.994982969302092402e-01,1.219324108821398522e-01,-6.362483984730694930e-02,-6.292804948981121915e-02,6.462990969033168831e-01,1.943022833559034046e+00,4.696009580735226452e-01,3.945079573782606652e-01,1.994237661690613783e-01,5.427337262387786909e-01,-5.309406343298572056e-02,1.478522605462855299e-01,-5.809668599935657873e-02,0.000000000000000000e+00,0.000000000000000000e+00,1.473574796521728292e-01,7.108409781372613256e-01,7.213723788716157603e-01,-1.197568238615212888e+00,-1.156407044205123746e+00,-9.473935815327891308e-02,-1.191009481073873166e+00,-3.774647335768301359e-01,-4.668062001933125371e-01,-7.170630306218840344e-01,-1.186301566740631808e+00,-3.669621702617922865e-01,-4.602362970513234064e-01,-5.183686688943279358e-02,-5.183686688943279358e-02,-7.051398600435393460e-01,-1.040941436780788015e-01,-2.030901712371240009e-02,-8.401389803667852485e-02,-3.271524934852403366e-01,-5.191945123345532709e-01,1.407679351095596942e+00,-5.752567881263277033e-02,-3.801429606348526863e-02,-1.147078669352808861e-01,-1.711160802546210780e-01,-7.340709118518067011e-02,-7.197411700355742237e-02,-1.244624194945742751e-01,-7.051263942166730025e-02,-2.872721242393142319e-02,-2.030901712371240009e-02,-2.019004323808653023e-01,-1.435916317235476011e-02,-1.435916317235476011e-02,-5.183686688943279358e-02,-3.801429606348527557e-02,-3.801429606348527557e-02,-1.558271304830920190e-01,-4.064318733121485144e-02,-8.148853797899899276e-02,-1.210011918676099085e-01,-5.569323991926412171e-02,-7.051263942166730025e-02,-4.979810447122927364e-02,-3.212131358814808435e-02,-2.030901712371240009e-02,-3.801429606348527557e-02,-6.749673070628271765e-02,-3.519076715388935045e-02,-1.435916317235476185e-02,-3.524455202264515918e-01,-3.753330286669139260e-01,-2.907009498669055336e-01,-4.311306135592269523e-02,-3.519076715388935045e-02,-3.801429606348527557e-02,-1.435916317235476011e-02,-1.286658602907498339e-01,-4.767312946227962589e-02,5.913962991410492975e-01,-2.487592975524973576e-02,-4.967123990818995694e-01,-1.786283982422259831e-01,-4.979810447122926670e-02,5.840947806181536750e-01,-2.030901712371240009e-02,-4.892821642774447533e-01,-1.767766952966368654e-01
-4.338948838804909114e-01,-5.537123258831522232e-01,-5.507016019503075954e-01,-1.284019034700219164e+00,-8.481344034424381784e-01,-6.899881793619251358e-01,-4.966680157416004104e-01,-4.963069089824175273e-01,-6.493539992246850634e-01,-6.302706439077716549e-01,-8.652946508966878891e-01,-7.990582254768477943e-01,-3.643327399277963147e-02,1.069217284140971280e+00,5.538406096503543097e-01,9.716209167977121197e-01,-4.702885519880157239e-01,1.514097727115155889e+00,-1.677862111134027778e-01,1.291801415989105140e+00,3.600260422021904771e-01,6.897882347921728829e-01,-7.254466573616825675e-01,8.855073955038750277e-01,1.907717967987786201e-01,6.470826045000689364e-01,-2.440887836729143182e-02,1.283845986895869817e+00,-2.184129441826604956e-01,2.770598476315010439e-01,3.643850632671082335e-01,0.000000000000000000e+00,0.000000000000000000e+00,5.339616623415676111e-01,-4.681622135693289666e-01,7.213723788716157603e-01,2.551130108710244038e+00,2.028887874129808644e+00,-9.415023731722672595e-01,-9.555068114986333683e-01,-3.774647335768301359e-01,-4.668062001933125371e-01,1.146903797035573769e+00,-1.253374013974976713e-02,-3.669621702617922865e-01,1.739375798511208382e+00,-5.183686688943279358e-02,-5.183686688943279358e-02,1.418158377741196352e+00,-1.040941436780788015e-01,-2.030901712371240009e-02,-8.401389803667852485e-02,-3.271524934852403366e-01,-5.191945123345532709e-01,-7.103890521813077674e-01,-5.752567881263277033e-02,-3.801429606348526863e-02,-1.147078669352808861e-01,-1.711160802546210780e-01,-7.340709118518067011e-02,-7.197411700355742237e-02,-1.244624194945742751e-01,-7.051263942166730025e-02,-2.872721242393142319e-02,-2.030901712371240009e-02,-2.019004323808653023e-01,-1.435916317235476011e-02,-1.435916317235476011e-02,-5.183686688943279358e-02,-3.801429606348527557e-02,-3.801429606348527557e-02,-1.558271304830920190e-01,-4.064318733121485144e-02,-8.148853797899899276e-02,-1.210011918676099085e-01,-5.569323991926412171e-02,-7.051263942166730025e-02,-4.979810447122927364e-02,-3.212131358814808435e-02,-2.030901712371240009e-02,-3.801429606348527557e-02,-6.749673070628271765e-02,-3.519076715388935045e-02,-1.435916317235476185e-02,2.837317947345407543e+00,-3.753330286669139260e-01,-2.907009498669055336e-01,-4.311306135592269523e-02,-3.519076715388935045e-02,-3.801429606348527557e-02,-1.435916317235476011e-02,-1.286658602907498339e-01,-4.767312946227962589e-02,-1.690913523558418063e+00,-2.487592975524973576e-02,2.013237442528823973e+00,-1.786283982422259831e-01,-4.979810447122926670e-02,-1.712050908829709783e+00,-2.030901712371240009e-02,2.043810449286999731e+00,-1.767766952966368654e-01
3.670391031276609151e-01,8.839639414812570095e-01,-4.977276807426366662e-02,-1.284019034700219164e+00,-8.840116934927469972e-01,-9.768862889767194746e-01,5.905777172739697933e-01,6.573034482162921632e-01,-6.623362709603883292e-02,-6.302706439077716549e-01,5.338968512663462285e-01,-1.045382762813161337e+00,8.653299196786893299e-01,9.206500045609311567e-01,9.188539643699884518e-01,-8.371203395033821604e-01,4.607194976189633806e+00,1.373991386958948624e+00,3.646747050445680483e+00,-2.958779480846334686e-01,-1.052143564629467676e+00,-1.568360618053779465e+00,-3.010391311802462777e-01,9.432917888483056956e-02,1.306088441897754748e+00,5.628910554594662718e-01,-3.601578451718204787e-01,7.743313076941197304e-01,1.013964166860369831e+00,4.493366304117883403e-01,-1.325541933798751071e+00,0.000000000000000000e+00,0.000000000000000000e+00,-2.172267616484195862e+00,-1.057663809422624057e+00,-1.366917635565168210e+00,-8.924873043061555267e-01,-1.883927118504011289e-01,-6.239662425401465429e-01,-1.191009481073873166e+00,-3.774647335768301359e-01,-4.668062001933125371e-01,-5.099556053266109945e-01,-2.472873054599261933e-01,-3.669621702617922865e-01,-4.602362970513234064e-01,-5.183686688943279358e-02,-5.183686688943279358e-02,-7.051398600435393460e-01,-1.040941436780788015e-01,-2.030901712371240009e-02,-8.401389803667852485e-02,-3.271524934852403366e-01,1.926060419058570616e+00,-7.103890521813077674e-01,-5.752567881263277033e-02,-3.801429606348526863e-02,-1.147078669352808861e-01,5.843986132174123327e+00,-7.340709118518067011e-02,-7.197411700355742237e-02,-1.244624194945742751e-01,-7.051263942166730025e-02,-2.872721242393142319e-02,-2.030901712371240009e-02,-2.019004323808653023e-01,-1.435916317235476011e-02,-1.435916317235476011e-02,-5.183686688943279358e-02,-3.801429606348527557e-02,-3.801429606348527557e-02,-1.558271304830920190e-01,-4.064318733121485144e-02,-8.148853797899899276e-02,-1.210011918676099085e-01,-5.569323991926412171e-02,-7.051263942166730025e-02,-4.979810447122927364e-02,-3.212131358814808435e-02,-2.030901712371240009e-02,-3.801429606348527557e-02,-6.749673070628271765e-02,-3.519076715388935045e-02,-1.435916317235476185e-02,-3.524455202264515918e-01,-3.753330286669139260e-01,-2.907009498669055336e-01,-4.311306135592269523e-02,-3.519076715388935045e-02,-3.801429606348527557e-02,-1.435916317235476011e-02,-1.286658602907498339e-01,-4.767312946227962589e-02,5.913962991410492975e-01,-2.487592975524973576e-02,-4.967123990818995694e-01,-1.786283982422259831e-01,-4.979810447122926670e-02,5.840947806181536750e-01,-2.030901712371240009e-02,-4.892821642774447533e-01,-1.767766952966368654e-01
-1.038942015010479447e-01,-5.537123258831522232e-01,-4.977276807426366662e-02,7.082331122151057645e-01,-1.664658924865700940e-01,6.369155776064983066e-01,-4.966680157416004104e-01,-4.963069089824175273e-01,-6.623362709603883292e-02,5.575471080722594897e-01,8.414777418280475763e-01,4.325644612047202520e-01,-2.088563272258187400e-02,-1.221846553593329165e+00,-8.149594705482737789e-01,-3.438272696030836850e-01,3.195422190618408820e-01,-2.707201460312350788e-02,7.136908002489211755e-01,1.219324108821398522e-01,-6.362483984730694930e-02,1.879773786041834815e-01,-7.330253631863509201e-01,-1.406742517940934301e-01,1.907717967987786201e-01,8.154657025812744875e-01,-8.078231342445260088e-01,-1.057395018361759059e-01,5.180075246113453602e-01,4.062674347167165023e-01,-5.809668599935657873e-02,0.000000000000000000e+00,0.000000000000000000e+00,1.473574796521728292e-01,-1.734114156426813935e-01,4.230452339520751615e-01,-1.376411299320283999e-01,5.344385703324937287e-02,-9.415023731722672595e-01,-7.200041419233935702e-01,-3.774647335768301359e-01,-4.668062001933125371e-01,-1.027724168564793761e+00,-4.820408707801026038e-01,-3.669621702617922865e-01,-4.602362970513234064e-01,-5.183686688943279358e-02,-5.183686688943279358e-02,-7.051398600435393460e-01,-1.040941436780788015e-01,-2.030901712371240009e-02,-8.401389803667852485e-02,3.056678521220304923e+00,-5.191945123345532709e-01,-7.103890521813077674e-01,-5.752567881263277033e-02,-3.801429606348526863e-02,-1.147078669352808861e-01,-1.711160802546210780e-01,-7.340709118518067011e-02,-7.197411700355742237e-02,-1.244624194945742751e-01,-7.051263942166730025e-02,-2.872721242393142319e-02,-2.030901712371240009e-02,-2.019004323808653023e-01,-1.435916317235476011e-02,-1.435916317235476011e-02,-5.183686688943279358e-02,-3.801429606348527557e-02,-3.801429606348527557e-02,-1.558271304830920190e-01,-4.064318733121485144e-02,-8.148853797899899276e-02,-1.210011918676099085e-01,-5.569323991926412171e-02,-7.051263942166730025e-02,-4.979810447122927364e-02,-3.212131358814808435e-02,-2.030901712371240009e-02,-3.801429606348527557e-02,-6.749673070628271765e-02,-3.519076715388935045e-02,-1.435916317235476185e-02,-3.524455202264515918e-01,-3.753330286669139260e-01,-2.907009498669055336e-01,-4.311306135592269523e-02,-3.519076715388935045e-02,-3.801429606348527557e-02,-1.435916317235476011e-02,-1.286658602907498339e-01,-4.767312946227962589e-02,-1.690913523558418063e+00,-2.487592975524973576e-02,-4.967123990818995694e-01,-1.786283982422259831e-01,-4.979810447122926670e-02,5.840947806181536750e-01,-2.030901712371240009e-02,-4.892821642774447533e-01,-1.767766952966368654e-01
-5.693688482257359684e-01,8.839639414812570095e-01,-5.507016019503075954e-01,-2.878929612425566442e-01,-5.611160830399674060e-01,-3.672278060452816018e-01,5.905777172739697933e-01,-4.963069089824175273e-01,-6.623362709603883292e-02,5.575471080722594897e-01,-2.802878590440399109e-01,-5.527336881405341407e-01,-8.449106200430623881e-01,-4.242748421636408640e-01,9.757391625081156261e-02,7.249743818475629098e-01,9.387628447616762351e-02,7.201617995633149416e-01,1.025718060908150875e+00,4.979617339522358077e-01,-4.872757218968044035e-01,-5.647389056778006067e-01,-1.494650146868760632e-01,-3.678442347837201365e-01,-1.110430955816693599e+00,8.154657025812744875e-01,-3.601578451718204787e-01,6.353727588209151511e-01,3.151161709640172282e-01,3.631982390216446643e-01,-4.805784352658213909e-01,0.000000000000000000e+00,0.000000000000000000e+00,-2.392467030372219805e-01,-7.629130114959765674e-01,-4.719362008065465242e-01,-8.669146973049187202e-03,-5.511475651758768191e-01,-2.005847350306524668e-01,-2.489988027729138353e-01,-3.774647335768301359e-01,-4.668062001933125371e-01,-7.170630306218840344e-01,6.917269558207794766e-01,-3.669621702617922865e-01,1.739375798511208382e+00,-5.183686688943279358e-02,-5.183686688943279358e-02,-7.051398600435393460e-01,-1.040941436780788015e-01,-2.030901712371240009e-02,-8.401389803667852485e-02,-3.271524934852403366e-01,1.926060419058570616e+00,-7.103890521813077674e-01,-5.752567881263277033e-02,-3.801429606348526863e-02,-1.147078669352808861e-01,-1.711160802546210780e-01,-7.340709118518067011e-02,-7.197411700355742237e-02,-1.244624194945742751e-01,-7.051263942166730025e-02,-2.872721242393142319e-02,-2.030901712371240009e-02,-2.019004323808653023e-01,-1.435916317235476011e-02,-1.435916317235476011e-02,-5.183686688943279358e-02,-3.801429606348527557e-02,-3.801429606348527557e-02,-1.558271304830920190e-01,-4.064318733121485144e-02,-8.148853797899899276e-02,-1.210011918676099085e-01,-5.569323991926412171e-02,-7.051263942166730025e-02,-4.979810447122927364e-02,-3.212131358814808435e-02,-2.030901712371240009e-02,-3.801429606348527557e-02,-6.749673070628271765e-02,-3.519076715388935045e-02,-1.435916317235476185e-02,-3.524455202264515918e-01,-3.753330286669139260e-01,3.439961240091715222e+00,-4.311306135592269523e-02,-3.519076715388935045e-02,-3.801429606348527557e-02,-1.435916317235476011e-02,-1.286658602907498339e-01,-4.767312946227962589e-02,5.913962991410492975e-01,-2.487592975524973576e-02,-4.967123990818995694e-01,-1.786283982422259831e-01,-4.979810447122926670e-02,5.840947806181536750e-01,-2.030901712371240009e-02,-4.892821642774447533e-01,-1.767766952966368654e-01
5.177311440538124865e-01,-5.537123258831522232e-01,-4.977276807426366662e-02,-2.878929612425566442e-01,-3.099750526878054524e-01,-3.672278060452816018e-01,1.677823450289539942e+00,-4.963069089824175273e-01,-6.493539992246850634e-01,5.575471080722594897e-01,-1.251278513562352313e+00,4.325644612047202520e-01,2.575729108801140185e-02,-7.526867233405715174e-01,-5.411994545085482278e-01,-4.260427812531334402e-01,1.222205957404534304e+00,7.201617995633149416e-01,6.623423438101938565e-02,-4.212210557746654538e-01,3.600260422021904771e-01,4.388828066981781961e-01,-1.021016184523754200e+00,-1.010186945306112749e+00,-9.245448483001975637e-01,1.152231898743685479e+00,-2.482415229036441240e-01,3.574556610745059926e-01,9.388192210650631031e-01,4.062674347167165023e-01,3.643850632671082335e-01,0.000000000000000000e+00,0.000000000000000000e+00,5.339616623415676111e-01,7.108409781372613256e-01,7.213723788716157603e-01,-1.513894123794322921e-01,-1.060874918927880550e+00,-4.122754887853995465e-01,2.220065363775658440e-01,-3.774647335768301359e-01,1.696017942249628430e+00,-1.027724168564793761e+00,-1.186301566740631808e+00,-3.669621702617922865e-01,-4.602362970513234064e-01,-5.183686688943279358e-02,-5.183686688943279358e-02,-7.051398600435393460e-01,-1.040941436780788015e-01,-2.030901712371240009e-02,-8.401389803667852485e-02,-3.271524934852403366e-01,1.926060419058570616e+00,-7.103890521813077674e-01,-5.752567881263277033e-02,-3.801429606348526863e-02,-1.147078669352808861e-01,-1.711160802546210780e-01,-7.340709118518067011e-02,-7.197411700355742237e-02,-1.244624194945742751e-01,-7.051263942166730025e-02,-2.872721242393142319e-02,-2.030901712371240009e-02,4.952936396459016066e+00,-1.435916317235476011e-02,-1.435916317235476011e-02,-5.183686688943279358e-02,-3.801429606348527557e-02,-3.801429606348527557e-02,-1.558271304830920190e-01,-4.064318733121485144e-02,-8.148853797899899276e-02,-1.210011918676099085e-01,-5.569323991926412171e-02,-7.051263942166730025e-02,-4.979810447122927364e-02,-3.212131358814808435e-02,-2.030901712371240009e-02,-3.801429606348527557e-02,-6.749673070628271765e-02,-3.519076715388935045e-02,-1.435916317235476185e-02,-3.524455202264515918e-01,-3.753330286669139260e-01,-2.907009498669055336e-01,-4.311306135592269523e-02,-3.519076715388935045e-02,-3.801429606348527557e-02,-1.435916317235476011e-02,-1.286658602907498339e-01,-4.767312946227962589e-02,5.913962991410492975e-01,-2.487592975524973576e-02,-4.967123990818995694e-01,-1.786283982422259831e-01,-4.979810447122926670e-02,-1.712050908829709783e+00,-2.030901712371240009e-02,2.043810449286999731e+00,-1.767766952966368654e-01
-9.939862676082071857e-01,-5.537123258831522232e-01,4.511560658017802483e-01,7.082331122151057645e-01,6.587117786705333211e-01,6.311935837690980933e-02,-4.966680157416004104e-01,-4.963069089824175273e-01,-6.493539992246850634e-01,1.151455984062275117e+00,8.414777418280475763e-01,9.252135358773474483e-01,-7.283033105165793719e-01,1.856329371649440563e-01,7.363472870101713808e-01,8.071898934976127205e-01,9.387628447616762351e-02,7.201617995633149416e-01,-4.297530684971095222e-02,3.726186262622038226e-01,-6.362483984730694930e-02,-3.138334775838059199e-01,1.385258066505270502e-01,-1.250073564154984829e-01,5.625440118317706073e-01,-5.315990820683696993e-01,-5.839904897081731328e-01,-8.468517624932668797e-01,-6.918261026930928592e-01,-5.843240662699356047e-01,-5.809668599935657873e-02,0.000000000000000000e+00,0.000000000000000000e+00,1.473574796521728292e-01,7.108409781372613256e-01,1.247180890325345903e-01,1.024416076931870645e+00,1.059537428134845083e+00,4.344875262335887722e-01,6.930118755280455511e-01,9.257960654133498002e-01,-4.668062001933125371e-01,6.291352337973910025e-01,9.264805211409559149e-01,-3.669621702617922865e-01,-4.602362970513234064e-01,-5.183686688943279358e-02,-5.183686688943279358e-02,-7.051398600435393460e-01,-1.040941436780788015e-01,-2.030901712371240009e-02,-8.401389803667852485e-02,-3.271524934852403366e-01,-5.191945123345532709e-01,1.407679351095596942e+00,-5.752567881263277033e-02,-3.801429606348526863e-02,-1.147078669352808861e-01,-1.711160802546210780e-01,-7.340709118518067011e-02,-7.197411700355742237e-02,-1.244624194945742751e-01,-7.051263942166730025e-02,-2.872721242393142319e-02,-2.030901712371240009e-02,-2.019004323808653023e-01,-1.435916317235476011e-02,-1.435916317235476011e-02,-5.183686688943279358e-02,-3.801429606348527557e-02,-3.801429606348527557e-02,-1.558271304830920190e-01,-4.064318733121485144e-02,-8.148853797899899276e-02,-1.210011918676099085e-01,-5.569323991926412171e-02,-7.051263942166730025e-02,-4.979810447122927364e-02,-3.212131358814808435e-02,-2.030901712371240009e-02,-3.801429606348527557e-02,-6.749673070628271765e-02,-3.519076715388935045e-02,-1.435916317235476185e-02,-3.524455202264515918e-01,-3.753330286669139260e-01,-2.907009498669055336e-01,-4.311306135592269523e-02,-3.519076715388935045e-02,-3.801429606348527557e-02,-1.435916317235476011e-02,-1.286658602907498339e-01,-4.767312946227962589e-02,-1.690913523558418063e+00,-2.487592975524973576e-02,2.013237442528823973e+00,-1.786283982422259831e-01,-4.979810447122926670e-02,5.840947806181536750e-01,-2.030901712371240009e-02,-4.892821642774447533e-01,-1.767766952966368654e-01
4.082271582216364658e-01,8.839639414812570095e-01,4.511560658017802483e-01,7.082331122151057645e-01,-9.471131238595241475e-02,9.898162207875908780e-02,-4.966680157416004104e-01,-4.963069089824175273e-01,1.683127489289899970e+00,-6.302706439077716549e-01,-9.617906165631040505e-01,6.788889985410339056e-01,-1.116994342271522722e+00,-4.086361811552155499e-01,6.320577570903027943e-03,8.071898934976127205e-01,-5.831215192808524295e-01,-7.377412798852590881e-02,-3.517462533323020141e-02,2.054944826754944998e-01,-4.872757218968044035e-01,-3.138334775838059199e-01,-7.254466573616825675e-01,-1.955083856191756064e-01,-3.668865257507094579e-01,9.838488006624800386e-01,-2.482415229036441240e-01,-2.446980507093804713e-01,-8.346014997041756311e-01,1.864467346107001947e-02,-4.805784352658213909e-01,0.000000000000000000e+00,0.000000000000000000e+00,-2.392467030372219805e-01,1.213393822839661657e-01,-4.719362008065465242e-01,8.429542957606273035e-02,3.366999487643759226e-01,5.403329031109622704e-01,1.635022553829005076e+00,9.257960654133498002e-01,-4.668062001933125371e-01,7.812957911571764835e-03,6.917269558207794766e-01,-3.669621702617922865e-01,-4.602362970513234064e-01,-5.183686688943279358e-02,-5.183686688943279358e-02,1.418158377741196352e+00,-1.040941436780788015e-01,-2.030901712371240009e-02,-8.401389803667852485e-02,-3.271524934852403366e-01,-5.191945123345532709e-01,-7.103890521813077674e-01,-5.752567881263277033e-02,-3.801429606348526863e-02,-1.147078669352808861e-01,-1.711160802546210780e-01,-7.340709118518067011e-02,-7.197411700355742237e-02,-1.244624194945742751e-01,-7.051263942166730025e-02,-2.872721242393142319e-02,-2.030901712371240009e-02,-2.019004323808653023e-01,-1.435916317235476011e-02,-1.435916317235476011e-02,-5.183686688943279358e-02,-3.801429606348527557e-02,-3.801429606348527557e-02,-1.558271304830920190e-01,-4.064318733121485144e-02,-8.148853797899899276e-02,-1.210011918676099085e-01,-5.569323991926412171e-02,-7.051263942166730025e-02,-4.979810447122927364e-02,-3.212131358814808435e-02,-2.030901712371240009e-02,-3.801429606348527557e-02,-6.749673070628271765e-02,-3.519076715388935045e-02,-1.435916317235476185e-02,2.837317947345407543e+00,-3.753330286669139260e-01,-2.907009498669055336e-01,-4.311306135592269523e-02,-3.519076715388935045e-02,-3.801429606348527557e-02,-1.435916317235476011e-02,-1.286658602907498339e-01,-4.767312946227962589e-02,5.913962991410492975e-01,-2.487592975524973576e-02,-4.967123990818995694e-01,-1.786283982422259831e-01,-4.979810447122926670e-02,-1.712050908829709783e+00,-2.030901712371240009e-02,-4.892821642774447533e-01,5.656854249492379694e+00
1.912997187096720619e+00,-7.448690342834912714e-02,-5.507016019503075954e-01,-1.284019034700219164e+00,-1.027520853693982383e+00,-9.051617615730208621e-01,5.905777172739697933e-01,-4.963069089824175273e-01,-6.623362709603883292e-02,-6.302706439077716549e-01,3.951839006208728300e-01,1.910511685222601841e+00,1.967813450601863801e-01,5.270431859332941338e-02,5.538406096503543097e-01,-9.718073465293448898e-02,2.237702663040064266e+00,1.963009878227889651e-02,1.095924194556477715e+00,-1.925338348055049442e+00,1.913412609717014545e+00,-6.292804948981121915e-02,-9.641407391419663797e-02,-1.250073564154984829e-01,9.782874304053058856e-02,-2.790244349465614282e-01,-5.839904897081731328e-01,7.743313076941197304e-01,-8.195725105451143744e-01,3.201290433265728819e-01,2.617621059354920288e+00,0.000000000000000000e+00,0.000000000000000000e+00,1.307170027720357286e+00,1.005591776063908815e+00,-1.736090558870059808e-01,2.736404581691924687e+00,3.586128321830884147e+00,4.139075716941662542e+00,9.285145451032854602e-01,9.257960654133498002e-01,-4.668062001933125371e-01,-5.099556053266109945e-01,1.630741217101485230e+00,9.137094037957288473e-01,1.739375798511208382e+00,-5.183686688943279358e-02,-5.183686688943279358e-02,-7.051398600435393460e-01,-1.040941436780788015e-01,-2.030901712371240009e-02,-8.401389803667852485e-02,-3.271524934852403366e-01,1.926060419058570616e+00,-7.103890521813077674e-01,-5.752567881263277033e-02,-3.801429606348526863e-02,-1.147078669352808861e-01,-1.711160802546210780e-01,-7.340709118518067011e-02,-7.197411700355742237e-02,-1.244624194945742751e-01,-7.051263942166730025e-02,-2.872721242393142319e-02,-2.030901712371240009e-02,-2.019004323808653023e-01,-1.435916317235476011e-02,-1.435916317235476011e-02,-5.183686688943279358e-02,-3.801429606348527557e-02,-3.801429606348527557e-02,-1.558271304830920190e-01,-4.064318733121485144e-02,-8.148853797899899276e-02,-1.210011918676099085e-01,-5.569323991926412171e-02,-7.051263942166730025e-02,-4.979810447122927364e-02,-3.212131358814808435e-02,-2.030901712371240009e-02,-3.801429606348527557e-02,-6.749673070628271765e-02,-3.519076715388935045e-02,-1.435916317235476185e-02,-3.524455202264515918e-01,-3.753330286669139260e-01,3.439961240091715222e+00,-4.311306135592269523e-02,-3.519076715388935045e-02,-3.801429606348527557e-02,-1.435916317235476011e-02,-1.286658602907498339e-01,-4.767312946227962589e-02,5.913962991410492975e-01,-2.487592975524973576e-02,-4.967123990818995694e-01,-1.786283982422259831e-01,-4.979810447122926670e-02,5.840947806181536750e-01,-2.030901712371240009e-02,-4.892821642774447533e-01,-1.767766952966368654e-01
1.083281185685549541e+00,-7.448690342834912714e-02,-5.507016019503075954e-01,7.082331122151057645e-01,1.591521319978563165e+00,2.143130653084168280e+00,-4.966680157416004104e-01,-4.963069089824175273e-01,-6.623362709603883292e-02,-6.302706439077716549e-01,8.414777418280475763e-01,-1.784356374822102298e+00,1.448366467311104744e+00,5.453221403587249494e-01,-5.411994545085482278e-01,-3.438272696030836850e-01,2.067092517690042597e-01,-4.006889216863427361e-01,-3.003977968935755416e-01,7.904289852289771989e-01,-1.617011407362130893e+00,-1.317455189959784834e+00,1.290489092000140170e+00,1.433848733754698124e+00,-3.668865257507094579e-01,-1.106413368653558910e-01,-2.482415229036441240e-01,-3.836565995825850228e-01,-9.398044238176049836e-01,-7.996700447452947946e-01,-1.607196433309727501e+00,0.000000000000000000e+00,0.000000000000000000e+00,-2.945475981862985648e+00,-1.941916203202566749e+00,-1.068590490645627611e+00,8.155731197546403077e-01,1.937357892585714891e-01,-4.122754887853995465e-01,2.220065363775658440e-01,-3.774647335768301359e-01,-4.668062001933125371e-01,-1.027724168564793761e+00,-1.253374013974976713e-02,-3.669621702617922865e-01,-4.602362970513234064e-01,-5.183686688943279358e-02,-5.183686688943279358e-02,-7.051398600435393460e-01,-1.040941436780788015e-01,-2.030901712371240009e-02,-8.401389803667852485e-02,3.056678521220304923e+00,-5.191945123345532709e-01,-7.103890521813077674e-01,-5.752567881263277033e-02,-3.801429606348526863e-02,-1.147078669352808861e-01,-1.711160802546210780e-01,-7.340709118518067011e-02,-7.197411700355742237e-02,-1.244624194945742751e-01,-7.051263942166730025e-02,-2.872721242393142319e-02,-2.030901712371240009e-02,-2.019004323808653023e-01,-1.435916317235476011e-02,-1.435916317235476011e-02,-5.183686688943279358e-02,-3.801429606348527557e-02,-3.801429606348527557e-02,-1.558271304830920190e-01,-4.064318733121485144e-02,-8.148853797899899276e-02,-1.210011918676099085e-01,-5.569323991926412171e-02,-7.051263942166730025e-02,-4.979810447122927364e-02,-3.212131358814808435e-02,-2.030901712371240009e-02,-3.801429606348527557e-02,-6.749673070628271765e-02,-3.519076715388935045e-02,-1.435916317235476185e-02,-3.524455202264515918e-01,-3.753330286669139260e-01,-2.907009498669055336e-01,-4.311306135592269523e-02,-3.519076715388935045e-02,-3.801429606348527557e-02,-1.435916317235476011e-02,-1.286658602907498339e-01,-4.767312946227962589e-02,5.913962991410492975e-01,-2.487592975524973576e-02,-4.967123990818995694e-01,-1.786283982422259831e-01,-4.979810447122926670e-02,5.840947806181536750e-01,-2.030901712371240009e-02,-4.892821642774447533e-01,-1.767766952966368654e-01
1.647838744062010141e+00,-7.448690342834912714e-02,-4.977276807426366662e-02,-1.284019034700219164e+00,-7.046252432412027922e-01,-9.768862889767194746e-01,-4.966680157416004104e-01,1.810913805415002020e+00,5.168867450326074531e-01,-6.302706439077716549e-01,-1.355439105444158632e-01,-3.064091508042205425e-01,9.352943053945796947e-01,1.308976236354557621e-01,-1.179972825267908032e+00,4.783278468974136999e-01,-1.317896501095057737e-01,8.602681397195220958e-01,4.874710362709795408e-01,-2.958779480846334686e-01,-6.362483984730694930e-02,1.879773786041834815e-01,-4.450345418489478622e-01,-1.566361731246233235e+00,-3.668865257507094579e-01,-1.289323023433794457e+00,3.444997111946176194e+00,-1.773242088314630704e+00,-1.202811734101178587e+00,-7.996700447452947946e-01,-5.809668599935657873e-02,0.000000000000000000e+00,0.000000000000000000e+00,1.473574796521728292e-01,-1.734114156426813935e-01,1.247180890325345903e-01,2.237422943997306179e-01,-6.399991222519142431e-01,-4.122754887853995465e-01,-4.845014723481537167e-01,-3.774647335768301359e-01,-4.668062001933125371e-01,7.326889464450275780e-01,6.917269558207794766e-01,9.137094037957288473e-01,-4.602362970513234064e-01,-5.183686688943279358e-02,-5.183686688943279358e-02,-7.051398600435393460e-01,-1.040941436780788015e-01,-2.030901712371240009e-02,-8.401389803667852485e-02,-3.271524934852403366e-01,1.926060419058570616e+00,-7.103890521813077674e-01,-5.752567881263277033e-02,-3.801429606348526863e-02,-1.147078669352808861e-01,-1.711160802546210780e-01,-7.340709118518067011e-02,-7.197411700355742237e-02,-1.244624194945742751e-01,-7.051263942166730025e-02,-2.872721242393142319e-02,-2.030901712371240009e-02,4.952936396459016066e+00,-1.435916317235476011e-02,-1.435916317235476011e-02,-5.183686688943279358e-02,-3.801429606348527557e-02,-3.801429606348527557e-02,-1.558271304830920190e-01,-4.064318733121485144e-02,-8.148853797899899276e-02,-1.210011918676099085e-01,-5.569323991926412171e-02,-7.051263942166730025e-02,-4.979810447122927364e-02,-3.212131358814808435e-02,-2.030901712371240009e-02,-3.801429606348527557e-02,-6.749673070628271765e-02,-3.519076715388935045e-02,-1.435916317235476185e-02,-3.524455202264515918e-01,-3.753330286669139260e-01,-2.907009498669055336e-01,-4.311306135592269523e-02,-3.519076715388935045e-02,-3.801429606348527557e-02,-1.435916317235476011e-02,-1.286658602907498339e-01,-4.767312946227962589e-02,5.913962991410492975e-01,-2.487592975524973576e-02,-4.967123990818995694e-01,-1.786283982422259831e-01,-4.979810447122926670e-02,5.840947806181536750e-01,-2.030901712371240009e-02,-4.892821642774447533e-01,-1.767766952966368654e-01
-9.630538728187556519e-01,-5.537123258831522232e-01,-5.507016019503075954e-01,-1.284019034700219164e+00,-7.763798233418204298e-01,-6.899881793619251358e-01,-4.966680157416004104e-01,-4.963069089824175273e-01,-6.493539992246850634e-01,-6.302706439077716549e-01,-6.240547367306475968e-01,-3.064091508042205425e-01,1.378402081595214934e+00,7.251667419556153682e-01,7.363472870101713808e-01,-1.083766874453531370e+00,-8.087874538665257296e-01,-1.801752323248414722e+00,-1.236479578871264806e+00,1.793173846749233080e+00,-6.362483984730694930e-02,-3.138334775838059199e-01,6.766139202019908483e-01,-8.613514392094607786e-01,1.907717967987786201e-01,-1.120939925352589128e+00,-4.720741674399969168e-01,-8.468517624932668797e-01,-8.007095955801646694e-03,-1.230362001696013063e+00,-5.809668599935657873e-02,0.000000000000000000e+00,0.000000000000000000e+00,1.473574796521728292e-01,1.213393822839661657e-01,-1.736090558870059808e-01,4.476428942574509073e-01,7.061353702910574404e-01,-7.298116194175201521e-01,-7.200041419233935702e-01,9.257960654133498002e-01,-4.668062001933125371e-01,7.812957911571764835e-03,-1.253374013974976713e-02,2.194380977853250148e+00,1.739375798511208382e+00,-5.183686688943279358e-02,1.929128938546737260e+01,-7.051398600435393460e-01,-1.040941436780788015e-01,-2.030901712371240009e-02,-8.401389803667852485e-02,-3.271524934852403366e-01,-5.191945123345532709e-01,-7.103890521813077674e-01,-5.752567881263277033e-02,-3.801429606348526863e-02,-1.147078669352808861e-01,-1.711160802546210780e-01,-7.340709118518067011e-02,-7.197411700355742237e-02,-1.244624194945742751e-01,-7.051263942166730025e-02,-2.872721242393142319e-02,-2.030901712371240009e-02,-2.019004323808653023e-01,-1.435916317235476011e-02,-1.435916317235476011e-02,-5.183686688943279358e-02,-3.801429606348527557e-02,-3.801429606348527557e-02,-1.558271304830920190e-01,-4.064318733121485144e-02,-8.148853797899899276e-02,-1.210011918676099085e-01,-5.569323991926412171e-02,-7.051263942166730025e-02,-4.979810447122927364e-02,-3.212131358814808435e-02,-2.030901712371240009e-02,-3.801429606348527557e-02,-6.749673070628271765e-02,-3.519076715388935045e-02,-1.435916317235476185e-02,-3.524455202264515918e-01,-3.753330286669139260e-01,-2.907009498669055336e-01,-4.311306135592269523e-02,-3.519076715388935045e-02,-3.801429606348527557e-02,-1.435916317235476011e-02,-1.286658602907498339e-01,-4.767312946227962589e-02,5.913962991410492975e-01,-2.487592975524973576e-02,-4.967123990818995694e-01,-1.786283982422259831e-01,-4.979810447122926670e-02,5.840947806181536750e-01,-2.030901712371240009e-02,-4.892821642774447533e-01,-1.767766952966368654e-01
-7.860610256277761332e-01,4.047385190264539689e-01,1.453013733553867981e+00,-2.878929612425566442e-01,-5.883402233564356820e-02,-3.672278060452816018e-01,-4.966680157416004104e-01,5.271744877011131258e+00,5.168867450326074531e-01,-3.636176791775609651e-02,-6.723027195638554554e-01,6.788889985410339056e-01,-6.972080279761838639e-01,-1.034182621492226062e+00,1.888272549307201120e-01,-1.412628921053730391e+00,1.109372990111697543e+00,-6.341994886133547338e-01,2.690519538095186847e-01,-1.089717630121502800e+00,3.600260422021904771e-01,1.879773786041834815e-01,-1.873585438102187695e-01,-5.480135316375619459e-01,-1.810004182342134504e-01,1.419333102564523941e-01,9.828380220462961114e-01,-1.078449343948607808e+00,-4.137898032504579993e-01,6.171386915614185398e-02,3.643850632671082335e-01,0.000000000000000000e+00,0.000000000000000000e+00,5.339616623415676111e-01,4.160901802106137248e-01,7.213723788716157603e-01,-4.453407847072580195e-01,-1.049517952985830727e+00,-8.356569962948936503e-01,-7.200041419233935702e-01,-3.774647335768301359e-01,-4.668062001933125371e-01,-9.241704559171570743e-01,-9.515480014204554804e-01,-3.669621702617922865e-01,-4.602362970513234064e-01,-5.183686688943279358e-02,-5.183686688943279358e-02,-7.051398600435393460e-01,-1.040941436780788015e-01,-2.030901712371240009e-02,-8.401389803667852485e-02,-3.271524934852403366e-01,1.926060419058570616e+00,-7.103890521813077674e-01,-5.752567881263277033e-02,-3.801429606348526863e-02,-1.147078669352808861e-01,-1.711160802546210780e-01,-7.340709118518067011e-02,-7.197411700355742237e-02,-1.244624194945742751e-01,-7.051263942166730025e-02,-2.872721242393142319e-02,-2.030901712371240009e-02,-2.019004323808653023e-01,-1.435916317235476011e-02,-1.435916317235476011e-02,-5.183686688943279358e-02,-3.801429606348527557e-02,-3.801429606348527557e-02,-1.558271304830920190e-01,-4.064318733121485144e-02,-8.148853797899899276e-02,-1.210011918676099085e-01,-5.569323991926412171e-02,-7.051263942166730025e-02,-4.979810447122927364e-02,-3.212131358814808435e-02,-2.030901712371240009e-02,-3.801429606348527557e-02,-6.749673070628271765e-02,-3.519076715388935045e-02,-1.435916317235476185e-02,-3.524455202264515918e-01,-3.753330286669139260e-01,3.439961240091715222e+00,-4.311306135592269523e-02,-3.519076715388935045e-02,-3.801429606348527557e-02,-1.435916317235476011e-02,-1.286658602907498339e-01,-4.767312946227962589e-02,5.913962991410492975e-01,-2.487592975524973576e-02,-4.967123990818995694e-01,-1.786283982422259831e-01,-4.979810447122926670e-02,5.840947806181536750e-01,-2.030901712371240009e-02,-4.892821642774447533e-01,-1.767766952966368654e-01
1.096845123507662167e+00,-7.448690342834912714e-02,6.462302072314307644e+00,7.082331122151057645e-01,4.879784781528296450e-02,4.576042590972519419e-01,1.677823450289539942e+00,1.810913805415002020e+00,-6.493539992246850634e-01,2.339273736042306151e+00,8.414777418280475763e-01,1.171538073213661102e+00,-9.692917502046441980e-01,-1.518981112753408969e+00,4.625872709704457186e-01,-3.438272696030836850e-01,3.195422190618408820e-01,-1.801752323248414722e+00,-1.236479578871264806e+00,-1.340403845501566771e+00,1.489761727667517022e+00,1.442504519074156999e+00,7.372435667993390007e-01,7.082883581693830144e-02,4.885689282282582209e-03,-5.315990820683696993e-01,-3.601578451718204787e-01,-1.057395018361759059e-01,-6.317101460568474991e-01,5.354750218019320718e-01,2.617621059354920288e+00,0.000000000000000000e+00,0.000000000000000000e+00,1.307170027720357286e+00,1.005591776063908815e+00,1.616353813630237335e+00,9.936461114543476691e-01,-2.765762121063178869e-01,1.916322802516818191e+00,2.106027892979484673e+00,9.257960654133498002e-01,1.696017942249628430e+00,1.871779785569029464e+00,9.264805211409559149e-01,-3.669621702617922865e-01,-4.602362970513234064e-01,-5.183686688943279358e-02,-5.183686688943279358e-02,-7.051398600435393460e-01,-1.040941436780788015e-01,-2.030901712371240009e-02,-8.401389803667852485e-02,-3.271524934852403366e-01,-5.191945123345532709e-01,1.407679351095596942e+00,-5.752567881263277033e-02,-3.801429606348526863e-02,-1.147078669352808861e-01,-1.711160802546210780e-01,-7.340709118518067011e-02,-7.197411700355742237e-02,-1.244624194945742751e-01,-7.051263942166730025e-02,-2.872721242393142319e-02,-2.030901712371240009e-02,-2.019004323808653023e-01,-1.435916317235476011e-02,-1.435916317235476011e-02,-5.183686688943279358e-02,-3.801429606348527557e-02,-3.801429606348527557e-02,-1.558271304830920190e-01,-4.064318733121485144e-02,-8.148853797899899276e-02,-1.210011918676099085e-01,-5.569323991926412171e-02,-7.051263942166730025e-02,-4.979810447122927364e-02,-3.212131358814808435e-02,-2.030901712371240009e-02,-3.801429606348527557e-02,-6.749673070628271765e-02,-3.519076715388935045e-02,-1.435916317235476185e-02,-3.524455202264515918e-01,-3.753330286669139260e-01,-2.907009498669055336e-01,-4.311306135592269523e-02,-3.519076715388935045e-02,-3.801429606348527557e-02,-1.435916317235476011e-02,-1.286658602907498339e-01,-4.767312946227962589e-02,5.913962991410492975e-01,-2.487592975524973576e-02,-4.967123990818995694e-01,-1.786283982422259831e-01,-4.979810447122926670e-02,5.840947806181536750e-01,-2.030901712371240009e-02,-4.892821642774447533e-01,-1.767766952966368654e-01
1.912997187096720619e+00,1.363189363936059939e+00,-5.507016019503075954e-01,-2.878929612425566442e-01,-7.763798233418204298e-01,-9.768862889767194746e-01,5.905777172739697933e-01,6.573034482162921632e-01,-6.623362709603883292e-02,-3.636176791775609651e-02,-7.205507023970635361e-01,1.417862610549974756e+00,1.034954974390001892e-01,3.967548607786850479e-01,6.450939483302627897e-01,-9.718073465293448898e-02,-4.702885519880157239e-01,6.267575727925100981e-01,-9.758007746507620095e-02,-1.705348403946014557e-01,9.248938849348538049e-01,1.191599090980162368e+00,-5.208216000956329417e-01,1.841188013598167084e+00,1.584917603172498746e+00,-7.841737291901780260e-01,1.542419633387178024e+00,-2.446980507093804713e-01,-6.016521677387247635e-01,-4.551164791847201463e-01,9.276940622890612609e-01,0.000000000000000000e+00,0.000000000000000000e+00,9.205658450309623930e-01,1.005591776063908815e+00,1.318026668710696736e+00,1.377943339865113082e+00,-7.956563613400097212e-01,5.403329031109622704e-01,2.220065363775658440e-01,-3.774647335768301359e-01,-4.668062001933125371e-01,8.362426590926641534e-01,-2.472873054599261933e-01,-3.669621702617922865e-01,-4.602362970513234064e-01,-5.183686688943279358e-02,-5.183686688943279358e-02,-7.051398600435393460e-01,-1.040941436780788015e-01,-2.030901712371240009e-02,-8.401389803667852485e-02,-3.271524934852403366e-01,1.926060419058570616e+00,-7.103890521813077674e-01,-5.752567881263277033e-02,-3.801429606348526863e-02,8.717797887081346175e+00,-1.711160802546210780e-01,-7.340709118518067011e-02,-7.197411700355742237e-02,-1.244624194945742751e-01,-7.051263942166730025e-02,-2.872721242393142319e-02,-2.030901712371240009e-02,-2.019004323808653023e-01,-1.435916317235476011e-02,-1.435916317235476011e-02,-5.183686688943279358e-02,-3.801429606348527557e-02,-3.801429606348527557e-02,-1.558271304830920190e-01,-4.064318733121485144e-02,-8.148853797899899276e-02,-1.210011918676099085e-01,-5.569323991926412171e-02,-7.051263942166730025e-02,-4.979810447122927364e-02,-3.212131358814808435e-02,-2.030901712371240009e-02,-3.801429606348527557e-02,-6.749673070628271765e-02,-3.519076715388935045e-02,-1.435916317235476185e-02,-3.524455202264515918e-01,-3.753330286669139260e-01,-2.907009498669055336e-01,-4.311306135592269523e-02,-3.519076715388935045e-02,-3.801429606348527557e-02,-1.435916317235476011e-02,-1.286658602907498339e-01,-4.767312946227962589e-02,5.913962991410492975e-01,-2.487592975524973576e-02,-4.967123990818995694e-01,-1.786283982422259831e-01,-4.979810447122926670e-02,5.840947806181536750e-01,-2.030901712371240009e-02,-4.892821642774447533e-01,-1.767766952966368654e-01
-4.769024916091401112e-01,-5.537123258831522232e-01,-5.507016019503075954e-01,7.082331122151057645e-01,-2.382204725871877871e-01,3.398309882648893332e+00,-4.966680157416004104e-01,-4.963069089824175273e-01,-6.493539992246850634e-01,-6.302706439077716549e-01,3.710599092042687341e-01,-1.291707300149474991e+00,1.323985337149523378e+00,-4.164555116594284012e-01,-8.149594705482737789e-01,-5.082582929031832508e-01,-1.317896501095057737e-01,-6.341994886133547338e-01,-3.971899267307199902e-03,-1.549309024984953487e+00,-1.617011407362130893e+00,-1.819266046147774096e+00,-1.949372496348871220e-01,2.428696590295477353e+00,3.766579043152746276e-01,8.996572516218772630e-01,-8.078231342445260088e-01,1.283845986895869817e+00,-1.097608809987749012e+00,1.009236174447722290e+00,-1.325541933798751071e+00,0.000000000000000000e+00,0.000000000000000000e+00,-2.945475981862985648e+00,-1.647165405275919259e+00,-1.366917635565168210e+00,6.198237649082708467e-01,-4.749890876821305508e-01,-6.239662425401465429e-01,-2.489988027729138353e-01,-3.774647335768301359e-01,-4.668062001933125371e-01,-3.028481800313378436e-01,-9.515480014204554804e-01,-3.669621702617922865e-01,-4.602362970513234064e-01,-5.183686688943279358e-02,-5.183686688943279358e-02,1.418158377741196352e+00,-1.040941436780788015e-01,-2.030901712371240009e-02,-8.401389803667852485e-02,-3.271524934852403366e-01,-5.191945123345532709e-01,-7.103890521813077674e-01,-5.752567881263277033e-02,-3.801429606348526863e-02,-1.147078669352808861e-01,-1.711160802546210780e-01,-7.340709118518067011e-02,-7.197411700355742237e-02,-1.244624194945742751e-01,-7.051263942166730025e-02,-2.872721242393142319e-02,-2.030901712371240009e-02,-2.019004323808653023e-01,-1.435916317235476011e-02,-1.435916317235476011e-02,-5.183686688943279358e-02,-3.801429606348527557e-02,-3.801429606348527557e-02,-1.558271304830920190e-01,-4.064318733121485144e-02,-8.148853797899899276e-02,-1.210011918676099085e-01,-5.569323991926412171e-02,-7.051263942166730025e-02,-4.979810447122927364e-02,-3.212131358814808435e-02,-2.030901712371240009e-02,-3.801429606348527557e-02,-6.749673070628271765e-02,-3.519076715388935045e-02,-1.435916317235476185e-02,-3.524455202264515918e-01,2.664300564093018409e+00,-2.907009498669055336e-01,-4.311306135592269523e-02,-3.519076715388935045e-02,-3.801429606348527557e-02,-1.435916317235476011e-02,-1.286658602907498339e-01,-4.767312946227962589e-02,-1.690913523558418063e+00,-2.487592975524973576e-02,-4.967123990818995694e-01,-1.786283982422259831e-01,-4.979810447122926670e-02,5.840947806181536750e-01,-2.030901712371240009e-02,-4.892821642774447533e-01,-1.767766952966368654e-01
-1.529596397705769162e+00,4.047385190264539689e-01,-5.507016019503075954e-01,-1.284019034700219164e+00,4.434480383686802418e-01,-9.410240252748701684e-01,-4.966680157416004104e-01,-4.963069089824175273e-01,-6.623362709603883292e-02,-6.302706439077716549e-01,3.228119263710606535e-01,2.895809834567856456e+00,-7.593985930569748799e-01,1.163049250191523054e+00,1.375120657769531185e+00,8.071898934976127205e-01,-2.446226174023423960e-01,3.932470058654981004e-01,3.782614950402490295e-01,1.584268667265846364e+00,9.248938849348538049e-01,9.406936628861676253e-01,5.856694503059687307e-01,5.643360402426789157e-01,4.885689282282582209e-03,5.628910554594662718e-01,-8.078231342445260088e-01,-1.983785344183122967e-01,1.051536639758023028e+00,1.482997327093512396e+00,9.276940622890612609e-01,0.000000000000000000e+00,0.000000000000000000e+00,9.205658450309623930e-01,1.595093371917204017e+00,7.213723788716157603e-01,-1.772377380940003633e+00,8.250494842725210054e-01,6.461782799883358797e-01,-1.426512150649113186e+00,-3.774647335768301359e-01,1.696017942249628430e+00,-6.135093179742474589e-01,-4.820408707801026038e-01,-3.669621702617922865e-01,-4.602362970513234064e-01,-5.183686688943279358e-02,1.929128938546737260e+01,-7.051398600435393460e-01,-1.040941436780788015e-01,-2.030901712371240009e-02,-8.401389803667852485e-02,-3.271524934852403366e-01,-5.191945123345532709e-01,-7.103890521813077674e-01,-5.752567881263277033e-02,-3.801429606348526863e-02,-1.147078669352808861e-01,-1.711160802546210780e-01,-7.340709118518067011e-02,-7.197411700355742237e-02,-1.244624194945742751e-01,-7.051263942166730025e-02,-2.872721242393142319e-02,-2.030901712371240009e-02,-2.019004323808653023e-01,-1.435916317235476011e-02,-1.435916317235476011e-02,-5.183686688943279358e-02,-3.801429606348527557e-02,-3.801429606348527557e-02,-1.558271304830920190e-01,-4.064318733121485144e-02,-8.148853797899899276e-02,-1.210011918676099085e-01,-5.569323991926412171e-02,-7.051263942166730025e-02,-4.979810447122927364e-02,-3.212131358814808435e-02,-2.030901712371240009e-02,-3.801429606348527557e-02,-6.749673070628271765e-02,-3.519076715388935045e-02,-1.435916317235476185e-02,-3.524455202264515918e-01,-3.753330286669139260e-01,-2.907009498669055336e-01,-4.311306135592269523e-02,-3.519076715388935045e-02,-3.801429606348527557e-02,-1.435916317235476011e-02,-1.286658602907498339e-01,-4.767312946227962589e-02,5.913962991410492975e-01,-2.487592975524973576e-02,-4.967123990818995694e-01,-1.786283982422259831e-01,-4.979810447122926670e-02,5.840947806181536750e-01,-2.030901712371240009e-02,-4.892821642774447533e-01,-1.767766952966368654e-01
-1.056347298814748425e+00,-5.537123258831522232e-01,-5.507016019503075954e-01,7.082331122151057645e-01,-6.328706631405850436e-01,9.898162207875908780e-02,-4.966680157416004104e-01,-4.963069089824175273e-01,5.168867450326074531e-01,-6.302706439077716549e-01,-1.263340509270654444e+00,-6.008461346790693741e-02,-5.495054359093053398e-01,-6.901320793068704829e-01,1.888272549307201120e-01,7.249743818475629098e-01,-2.446226174023423960e-01,2.531406657092908907e-01,1.657573263743090886e+00,1.082896236505718424e+00,3.600260422021904771e-01,9.406936628861676253e-01,-5.094183896618557222e-02,4.703346679711091771e-01,1.907717967987786201e-01,1.419333102564523941e-01,-2.482415229036441240e-01,-8.931712787843351098e-01,-9.999203804538504547e-01,1.864467346107001947e-02,3.643850632671082335e-01,0.000000000000000000e+00,0.000000000000000000e+00,5.339616623415676111e-01,4.160901802106137248e-01,1.019699523791156359e+00,2.420733376629357891e-01,-1.024131793821248637e+00,-8.356569962948936503e-01,-7.200041419233935702e-01,-3.774647335768301359e-01,-4.668062001933125371e-01,6.291352337973910025e-01,1.395987651781308791e+00,-3.669621702617922865e-01,-4.602362970513234064e-01,-5.183686688943279358e-02,-5.183686688943279358e-02,1.418158377741196352e+00,-1.040941436780788015e-01,-2.030901712371240009e-02,-8.401389803667852485e-02,-3.271524934852403366e-01,-5.191945123345532709e-01,-7.103890521813077674e-01,-5.752567881263277033e-02,-3.801429606348526863e-02,-1.147078669352808861e-01,-1.711160802546210780e-01,-7.340709118518067011e-02,-7.197411700355742237e-02,-1.244624194945742751e-01,-7.051263942166730025e-02,-2.872721242393142319e-02,-2.030901712371240009e-02,-2.019004323808653023e-01,-1.435916317235476011e-02,-1.435916317235476011e-02,-5.183686688943279358e-02,-3.801429606348527557e-02,-3.801429606348527557e-02,-1.558271304830920190e-01,-4.064318733121485144e-02,-8.148853797899899276e-02,-1.210011918676099085e-01,-5.569323991926412171e-02,-7.051263942166730025e-02,-4.979810447122927364e-02,-3.212131358814808435e-02,-2.030901712371240009e-02,-3.801429606348527557e-02,-6.749673070628271765e-02,-3.519076715388935045e-02,-1.435916317235476185e-02,-3.524455202264515918e-01,-3.753330286669139260e-01,-2.907009498669055336e-01,-4.311306135592269523e-02,-3.519076715388935045e-02,-3.801429606348527557e-02,-1.435916317235476011e-02,-1.286658602907498339e-01,-4.767312946227962589e-02,-1.690913523558418063e+00,-2.487592975524973576e-02,2.013237442528823973e+00,-1.786283982422259831e-01,-4.979810447122926670e-02,5.840947806181536750e-01,-2.030901712371240009e-02,-4.892821642774447533e-01,-1.767766952966368654e-01
-1.031866045184594238e+00,-5.537123258831522232e-01,4.511560658017802483e-01,-1.284019034700219164e+00,-1.135152723844908840e+00,-9.410240252748701684e-01,-4.966680157416004104e-01,6.573034482162921632e-01,-6.493539992246850634e-01,-3.636176791775609651e-02,-1.383960466353674423e+00,-6.008461346790693741e-02,-2.353031823252243360e+00,-2.340010815695734880e+00,-3.826319646985255396e+00,-4.454602852105570499e+00,-8.087874538665257296e-01,-1.801752323248414722e+00,-1.236479578871264806e+00,-2.384929742918500128e+00,1.623222972457583624e-01,-6.292804948981121915e-02,2.631920022966465211e+00,4.076670864567296659e-01,-2.739434719924614403e-01,-9.525568272713834661e-01,-2.482415229036441240e-01,-1.773242088314630704e+00,-1.202811734101178587e+00,4.062674347167165023e-01,3.643850632671082335e-01,0.000000000000000000e+00,0.000000000000000000e+00,-2.392467030372219805e-01,1.213393822839661657e-01,4.230452339520751615e-01,-2.862535163872988453e-01,-8.410842251082092380e-01,-1.894110765068629076e+00,-1.426512150649113186e+00,-3.774647335768301359e-01,-4.668062001933125371e-01,-4.064018926789744190e-01,4.569733905006030938e-01,9.137094037957288473e-01,-4.602362970513234064e-01,-5.183686688943279358e-02,-5.183686688943279358e-02,-7.051398600435393460e-01,-1.040941436780788015e-01,-2.030901712371240009e-02,-8.401389803667852485e-02,-3.271524934852403366e-01,1.926060419058570616e+00,-7.103890521813077674e-01,-5.752567881263277033e-02,-3.801429606348526863e-02,-1.147078669352808861e-01,-1.711160802546210780e-01,-7.340709118518067011e-02,-7.197411700355742237e-02,-1.244624194945742751e-01,-7.051263942166730025e-02,-2.872721242393142319e-02,-2.030901712371240009e-02,-2.019004323808653023e-01,-1.435916317235476011e-02,-1.435916317235476011e-02,-5.183686688943279358e-02,-3.801429606348527557e-02,-3.801429606348527557e-02,-1.558271304830920190e-01,-4.064318733121485144e-02,-8.148853797899899276e-02,-1.210011918676099085e-01,-5.569323991926412171e-02,-7.051263942166730025e-02,-4.979810447122927364e-02,-3.212131358814808435e-02,-2.030901712371240009e-02,-3.801429606348527557e-02,1.481553239002905542e+01,-3.519076715388935045e-02,-1.435916317235476185e-02,-3.524455202264515918e-01,-3.753330286669139260e-01,-2.907009498669055336e-01,-4.311306135592269523e-02,-3.519076715388935045e-02,-3.801429606348527557e-02,-1.435916317235476011e-02,-1.286658602907498339e-01,-4.767312946227962589e-02,-1.690913523558418063e+00,-2.487592975524973576e-02,2.013237442528823973e+00,-1.786283982422259831e-01,-4.979810447122926670e-02,5.840947806181536750e-01,-2.030901712371240009e-02,-4.892821642774447533e-01,-1.767766952966368654e-01
-5.422409725815110493e-01,-5.537123258831522232e-01,-5.507016019503075954e-01,-2.878929612425566442e-01,-1.063398143744291202e+00,-5.465391245545280219e-01,5.905777172739697933e-01,-4.963069089824175273e-01,-6.493539992246850634e-01,5.575471080722594897e-01,-1.468394436311788676e+00,4.325644612047202520e-01,-1.452667628841639302e-01,-1.975142575414745860e-01,2.800805936106286476e-01,4.783278468974136999e-01,8.837070555260241322e-01,-1.671783547593307107e-01,1.676430940952691184e-01,5.397427698489131176e-01,-6.362483984730694930e-02,1.191599090980162368e+00,5.098823920592839842e-01,2.039974465349952693e-01,-3.668865257507094579e-01,-6.157906311089724749e-01,-8.078231342445260088e-01,-8.468517624932668797e-01,1.873697631119958518e-01,-2.828396964044327944e-01,-5.809668599935657873e-02,0.000000000000000000e+00,0.000000000000000000e+00,1.473574796521728292e-01,4.160901802106137248e-01,4.230452339520751615e-01,2.632310443161581137e+00,1.072898564537256627e+00,9.637144106204564853e-01,1.635022553829005076e+00,9.257960654133498002e-01,-4.668062001933125371e-01,-5.099556053266109945e-01,-1.421055132060808246e+00,-3.669621702617922865e-01,-4.602362970513234064e-01,-5.183686688943279358e-02,-5.183686688943279358e-02,1.418158377741196352e+00,-1.040941436780788015e-01,-2.030901712371240009e-02,-8.401389803667852485e-02,-3.271524934852403366e-01,-5.191945123345532709e-01,-7.103890521813077674e-01,-5.752567881263277033e-02,-3.801429606348526863e-02,-1.147078669352808861e-01,-1.711160802546210780e-01,-7.340709118518067011e-02,-7.197411700355742237e-02,-1.244624194945742751e-01,1.418185460368283479e+01,-2.872721242393142319e-02,-2.030901712371240009e-02,-2.019004323808653023e-01,-1.435916317235476011e-02,-1.435916317235476011e-02,-5.183686688943279358e-02,-3.801429606348527557e-02,-3.801429606348527557e-02,-1.558271304830920190e-01,-4.064318733121485144e-02,-8.148853797899899276e-02,-1.210011918676099085e-01,-5.569323991926412171e-02,-7.051263942166730025e-02,-4.979810447122927364e-02,-3.212131358814808435e-02,-2.030901712371240009e-02,-3.801429606348527557e-02,-6.749673070628271765e-02,-3.519076715388935045e-02,-1.435916317235476185e-02,-3.524455202264515918e-01,-3.753330286669139260e-01,-2.907009498669055336e-01,-4.311306135592269523e-02,-3.519076715388935045e-02,-3.801429606348527557e-02,-1.435916317235476011e-02,-1.286658602907498339e-01,-4.767312946227962589e-02,5.913962991410492975e-01,-2.487592975524973576e-02,-4.967123990818995694e-01,-1.786283982422259831e-01,-4.979810447122926670e-02,5.840947806181536750e-01,-2.030901712371240009e-02,-4.892821642774447533e-01,-1.767766952966368654e-01
1.912997187096720619e+00,-5.537123258831522232e-01,-5.507016019503075954e-01,7.082331122151057645e-01,9.457300990730040935e-01,2.465891026400811814e+00,-4.966680157416004104e-01,-4.963069089824175273e-01,-6.623362709603883292e-02,-6.302706439077716549e-01,8.414777418280475763e-01,-7.990582254768477943e-01,2.832106540358704017e+00,6.860700894345523881e-01,-1.453732841307633583e+00,1.494658002972147348e-01,-8.087874538665257296e-01,-1.147922735852781262e+00,-4.564114272231903913e-01,1.793173846749233080e+00,-1.052143564629467676e+00,-1.317455189959784834e+00,-8.125666226485961374e-02,2.734201050178078241e+00,8.413731731065147157e-01,1.152231898743685479e+00,-4.720741674399969168e-01,5.427337262387786909e-01,9.719582815762770056e-02,1.138443761532937692e+00,-1.043887434287774418e+00,0.000000000000000000e+00,0.000000000000000000e+00,-1.012455068416011628e+00,-1.352414607349271769e+00,-1.068590490645627611e+00,-1.037171610062167737e+00,-1.023463737001127916e+00,-9.415023731722672595e-01,-9.555068114986333683e-01,-3.774647335768301359e-01,-4.668062001933125371e-01,-6.135093179742474589e-01,-1.421055132060808246e+00,-3.669621702617922865e-01,-4.602362970513234064e-01,-5.183686688943279358e-02,-5.183686688943279358e-02,-7.051398600435393460e-01,-1.040941436780788015e-01,-2.030901712371240009e-02,-8.401389803667852485e-02,-3.271524934852403366e-01,-5.191945123345532709e-01,1.407679351095596942e+00,-5.752567881263277033e-02,-3.801429606348526863e-02,-1.147078669352808861e-01,-1.711160802546210780e-01,-7.340709118518067011e-02,-7.197411700355742237e-02,-1.244624194945742751e-01,-7.051263942166730025e-02,-2.872721242393142319e-02,-2.030901712371240009e-02,-2.019004323808653023e-01,-1.435916317235476011e-02,-1.435916317235476011e-02,-5.183686688943279358e-02,-3.801429606348527557e-02,-3.801429606348527557e-02,-1.558271304830920190e-01,-4.064318733121485144e-02,-8.148853797899899276e-02,-1.210011918676099085e-01,-5.569323991926412171e-02,-7.051263942166730025e-02,-4.979810447122927364e-02,-3.212131358814808435e-02,-2.030901712371240009e-02,-3.801429606348527557e-02,-6.749673070628271765e-02,-3.519076715388935045e-02,-1.435916317235476185e-02,-3.524455202264515918e-01,-3.753330286669139260e-01,-2.907009498669055336e-01,-4.311306135592269523e-02,-3.519076715388935045e-02,-3.801429606348527557e-02,-1.435916317235476011e-02,-1.286658602907498339e-01,-4.767312946227962589e-02,5.913962991410492975e-01,-2.487592975524973576e-02,-4.967123990818995694e-01,-1.786283982422259831e-01,-4.979810447122926670e-02,-1.712050908829709783e+00,-2.030901712371240009e-02,-4.892821642774447533e-01,5.656854249492379694e+00
-1.362693796943434510e+00,-5.537123258831522232e-01,-5.507016019503075954e-01,-1.284019034700219164e+00,9.098528090226952747e-01,-1.012748552678568670e+00,-4.966680157416004104e-01,-4.963069089824175273e-01,-6.623362709603883292e-02,-6.302706439077716549e-01,2.650777098073350047e+00,-6.008461346790693741e-02,-2.353031823252243360e+00,-2.340010815695734880e+00,-3.826319646985255396e+00,-4.454602852105570499e+00,-8.087874538665257296e-01,-1.801752323248414722e+00,-1.236479578871264806e+00,-2.384929742918500128e+00,2.195846531083346154e+00,-6.292804948981121915e-02,3.962018046892561429e-01,-1.268690719052929294e+00,-1.110430955816693599e+00,-1.373514572474397344e+00,-8.078231342445260088e-01,-2.446980507093804713e-01,-3.987608140913966315e-01,4.062674347167165023e-01,2.617621059354920288e+00,0.000000000000000000e+00,0.000000000000000000e+00,2.080378393099147072e+00,1.005591776063908815e+00,4.230452339520751615e-01,1.848003663543017039e+00,-3.607513714415111483e-01,8.690426922668724075e+00,2.577033232129964269e+00,8.745360859354429195e+00,-4.668062001933125371e-01,-8.206167432695206099e-01,1.630741217101485230e+00,-3.669621702617922865e-01,-4.602362970513234064e-01,-5.183686688943279358e-02,-5.183686688943279358e-02,-7.051398600435393460e-01,-1.040941436780788015e-01,-2.030901712371240009e-02,-8.401389803667852485e-02,-3.271524934852403366e-01,-5.191945123345532709e-01,1.407679351095596942e+00,-5.752567881263277033e-02,-3.801429606348526863e-02,-1.147078669352808861e-01,-1.711160802546210780e-01,-7.340709118518067011e-02,-7.197411700355742237e-02,-1.244624194945742751e-01,-7.051263942166730025e-02,-2.872721242393142319e-02,-2.030901712371240009e-02,-2.019004323808653023e-01,-1.435916317235476011e-02,-1.435916317235476011e-02,-5.183686688943279358e-02,-3.801429606348527557e-02,-3.801429606348527557e-02,-1.558271304830920190e-01,-4.064318733121485144e-02,-8.148853797899899276e-02,-1.210011918676099085e-01,-5.569323991926412171e-02,-7.051263942166730025e-02,-4.979810447122927364e-02,-3.212131358814808435e-02,-2.030901712371240009e-02,-3.801429606348527557e-02,-6.749673070628271765e-02,-3.519076715388935045e-02,-1.435916317235476185e-02,-3.524455202264515918e-01,-3.753330286669139260e-01,-2.907009498669055336e-01,-4.311306135592269523e-02,-3.519076715388935045e-02,-3.801429606348527557e-02,-1.435916317235476011e-02,-1.286658602907498339e-01,-4.767312946227962589e-02,-1.690913523558418063e+00,-2.487592975524973576e-02,2.013237442528823973e+00,-1.786283982422259831e-01,-4.979810447122926670e-02,-1.712050908829709783e+00,-2.030901712371240009e-02,-4.892821642774447533e-01,5.656854249492379694e+00
4.621520817583273932e-01,4.047385190264539689e-01,-5.507016019503075954e-01,-1.284019034700219164e+00,-3.458523427381143267e-01,-1.012748552678568670e+00,-4.966680157416004104e-01,-4.963069089824175273e-01,1.100007117161253767e+00,-6.302706439077716549e-01,5.519898448287988701e-01,-3.064091508042205425e-01,-8.293629787728645786e-01,-3.304428761130895897e-01,6.320577570903027943e-03,6.427588701975132102e-01,-5.831215192808524295e-01,-2.707201460312350788e-02,1.064721468490554823e+00,2.472755185721718374e-01,-4.872757218968044035e-01,6.897882347921728829e-01,6.690352143773224958e-01,-1.104188317577682321e+00,-2.039861493399173664e+00,1.236423447784288365e+00,-8.078231342445260088e-01,-2.446980507093804713e-01,-7.563754717157776530e-02,-8.427392404403666326e-01,-4.805784352658213909e-01,0.000000000000000000e+00,0.000000000000000000e+00,-2.392467030372219805e-01,-4.681622135693289666e-01,-4.719362008065465242e-01,5.838163584984035204e-01,-1.529857003840102980e-01,-9.473935815327891308e-02,6.930118755280455511e-01,-3.774647335768301359e-01,-4.668062001933125371e-01,-6.135093179742474589e-01,-4.820408707801026038e-01,-3.669621702617922865e-01,-4.602362970513234064e-01,-5.183686688943279358e-02,-5.183686688943279358e-02,1.418158377741196352e+00,-1.040941436780788015e-01,-2.030901712371240009e-02,-8.401389803667852485e-02,-3.271524934852403366e-01,-5.191945123345532709e-01,-7.103890521813077674e-01,-5.752567881263277033e-02,-3.801429606348526863e-02,-1.147078669352808861e-01,-1.711160802546210780e-01,-7.340709118518067011e-02,-7.197411700355742237e-02,-1.244624194945742751e-01,-7.051263942166730025e-02,-2.872721242393142319e-02,-2.030901712371240009e-02,-2.019004323808653023e-01,-1.435916317235476011e-02,-1.435916317235476011e-02,-5.183686688943279358e-02,-3.801429606348527557e-02,-3.801429606348527557e-02,-1.558271304830920190e-01,-4.064318733121485144e-02,-8.148853797899899276e-02,-1.210011918676099085e-01,-5.569323991926412171e-02,-7.051263942166730025e-02,-4.979810447122927364e-02,-3.212131358814808435e-02,-2.030901712371240009e-02,-3.801429606348527557e-02,-6.749673070628271765e-02,-3.519076715388935045e-02,-1.435916317235476185e-02,-3.524455202264515918e-01,2.664300564093018409e+00,-2.907009498669055336e-01,-4.311306135592269523e-02,-3.519076715388935045e-02,-3.801429606348527557e-02,-1.435916317235476011e-02,-1.286658602907498339e-01,-4.767312946227962589e-02,5.913962991410492975e-01,-2.487592975524973576e-02,-4.967123990818995694e-01,-1.786283982422259831e-01,-4.979810447122926670e-02,-1.712050908829709783e+00,-2.030901712371240009e-02,-4.892821642774447533e-01,-1.767766952966368654e-01
9.271304868553771339e-01,-5.537123258831522232e-01,-5.507016019503075954e-01,7.082331122151057645e-01,1.196871129425165936e+00,7.445023687120462252e-01,-4.966680157416004104e-01,-4.963069089824175273e-01,-6.493539992246850634e-01,-3.636176791775609651e-02,8.414777418280475763e-01,-1.291707300149474991e+00,1.345907799793956972e-01,4.488498808911660365e-02,-3.586927771487311012e-01,2.316813119472644900e-01,-8.087874538665257296e-01,-1.521539642936000414e+00,-1.064864585508688455e+00,-2.958779480846334686e-01,-1.052143564629467676e+00,-6.292804948981121915e-02,1.309471008258587255e-01,3.058322664958623149e-01,-6.457156870254534553e-01,7.312741535406717119e-01,-2.440887836729143182e-02,-5.226151484557896021e-01,-4.513622761481113632e-01,6.216134131920756367e-01,-7.622329347767978769e-01,0.000000000000000000e+00,0.000000000000000000e+00,-6.258508857266168457e-01,-1.352414607349271769e+00,-1.068590490645627611e+00,-1.259722767230743792e-02,-1.022127623360886695e+00,-1.047347750049640647e+00,-7.200041419233935702e-01,-3.774647335768301359e-01,-4.668062001933125371e-01,-4.064018926789744190e-01,-1.421055132060808246e+00,9.137094037957288473e-01,-4.602362970513234064e-01,-5.183686688943279358e-02,-5.183686688943279358e-02,-7.051398600435393460e-01,-1.040941436780788015e-01,-2.030901712371240009e-02,-8.401389803667852485e-02,3.056678521220304923e+00,-5.191945123345532709e-01,-7.103890521813077674e-01,-5.752567881263277033e-02,-3.801429606348526863e-02,-1.147078669352808861e-01,-1.711160802546210780e-01,-7.340709118518067011e-02,-7.197411700355742237e-02,-1.244624194945742751e-01,-7.051263942166730025e-02,-2.872721242393142319e-02,-2.030901712371240009e-02,-2.019004323808653023e-01,-1.435916317235476011e-02,-1.435916317235476011e-02,-5.183686688943279358e-02,-3.801429606348527557e-02,-3.801429606348527557e-02,-1.558271304830920190e-01,-4.064318733121485144e-02,-8.148853797899899276e-02,-1.210011918676099085e-01,-5.569323991926412171e-02,-7.051263942166730025e-02,-4.979810447122927364e-02,-3.212131358814808435e-02,-2.030901712371240009e-02,-3.801429606348527557e-02,-6.749673070628271765e-02,-3.519076715388935045e-02,-1.435916317235476185e-02,-3.524455202264515918e-01,-3.753330286669139260e-01,-2.907009498669055336e-01,-4.311306135592269523e-02,-3.519076715388935045e-02,-3.801429606348527557e-02,-1.435916317235476011e-02,-1.286658602907498339e-01,-4.767312946227962589e-02,5.913962991410492975e-01,-2.487592975524973576e-02,-4.967123990818995694e-01,-1.786283982422259831e-01,-4.979810447122926670e-02,5.840947806181536750e-01,-2.030901712371240009e-02,-4.892821642774447533e-01,-1.767766952966368654e-01
6.146636753191526692e-01,4.047385190264539689e-01,-4.977276807426366662e-02,7.082331122151057645e-01,4.434480383686802418e-01,9.898162207875908780e-02,2.765069183305110201e+00,-4.963069089824175273e-01,-6.493539992246850634e-01,-3.636176791775609651e-02,8.414777418280475763e-01,-1.045382762813161337e+00,8.731037403137886788e-01,9.753853180904197284e-01,3.713339322905371831e-01,6.725028864716499355e-02,2.067092517690042597e-01,6.633221216768130091e-02,-5.968236945198437393e-01,-9.643745224314707043e-01,-1.334577485995799284e+00,-2.321076902335763581e+00,3.329160958835967410e+00,2.666650280493750858e-01,-2.739434719924614403e-01,-1.120939925352589128e+00,-8.078231342445260088e-01,-1.310046925403948848e+00,-6.392246406363781830e-01,1.009236174447722290e+00,-1.043887434287774418e+00,0.000000000000000000e+00,0.000000000000000000e+00,-2.172267616484195862e+00,-1.352414607349271769e+00,-2.261899070323790006e+00,-2.626850321917493791e-01,1.495778531673584766e+00,1.169513956014681527e-01,4.575092059528056976e-01,-3.774647335768301359e-01,-4.668062001933125371e-01,-5.099556053266109945e-01,-7.167944361002790421e-01,-3.669621702617922865e-01,-4.602362970513234064e-01,-5.183686688943279358e-02,-5.183686688943279358e-02,-7.051398600435393460e-01,-1.040941436780788015e-01,-2.030901712371240009e-02,-8.401389803667852485e-02,-3.271524934852403366e-01,-5.191945123345532709e-01,1.407679351095596942e+00,-5.752567881263277033e-02,-3.801429606348526863e-02,-1.147078669352808861e-01,-1.711160802546210780e-01,-7.340709118518067011e-02,-7.197411700355742237e-02,-1.244624194945742751e-01,-7.051263942166730025e-02,-2.872721242393142319e-02,-2.030901712371240009e-02,-2.019004323808653023e-01,-1.435916317235476011e-02,-1.435916317235476011e-02,-5.183686688943279358e-02,-3.801429606348527557e-02,-3.801429606348527557e-02,-1.558271304830920190e-01,-4.064318733121485144e-02,-8.148853797899899276e-02,-1.210011918676099085e-01,-5.569323991926412171e-02,-7.051263942166730025e-02,-4.979810447122927364e-02,-3.212131358814808435e-02,-2.030901712371240009e-02,-3.801429606348527557e-02,-6.749673070628271765e-02,-3.519076715388935045e-02,-1.435916317235476185e-02,-3.524455202264515918e-01,-3.753330286669139260e-01,-2.907009498669055336e-01,-4.311306135592269523e-02,-3.519076715388935045e-02,-3.801429606348527557e-02,-1.435916317235476011e-02,-1.286658602907498339e-01,-4.767312946227962589e-02,5.913962991410492975e-01,-2.487592975524973576e-02,-4.967123990818995694e-01,-1.786283982422259831e-01,-4.979810447122926670e-02,5.840947806181536750e-01,-2.030901712371240009e-02,-4.892821642774447533e-01,-1.767766952966368654e-01
-3.451152005310058682e-04,3.280091053755272323e+00,-5.507016019503075954e-01,7.082331122151057645e-01,9.098528090226952747e-01,-2.596410149397337386e-01,-4.966680157416004104e-01,-4.963069089824175273e-01,4.015608977804484780e+00,-6.302706439077716549e-01,8.414777418280475763e-01,-6.008461346790693741e-02,-2.774217136808447282e-01,9.962030161860523092e-02,6.320577570903027943e-03,-1.496522300288474598e-02,-5.831215192808524295e-01,1.093778706646534093e+00,2.078810065633050819e+00,-1.549309024984953487e+00,-4.872757218968044035e-01,6.897882347921728829e-01,-4.677706593229531973e-01,7.601722324751156723e-01,3.766579043152746276e-01,8.996572516218772630e-01,-5.839904897081731328e-01,3.111361447834378180e-01,-8.270870051246449473e-01,-1.536321093192173082e-01,-4.805784352658213909e-01,0.000000000000000000e+00,0.000000000000000000e+00,-2.392467030372219805e-01,-1.734114156426813935e-01,7.213723788716157603e-01,4.077074071483253181e-01,1.084255530479306673e+00,-7.298116194175201521e-01,-1.191009481073873166e+00,-3.774647335768301359e-01,-4.668062001933125371e-01,-1.992944673837013236e-01,4.569733905006030938e-01,-3.669621702617922865e-01,1.739375798511208382e+00,-5.183686688943279358e-02,-5.183686688943279358e-02,-7.051398600435393460e-01,-1.040941436780788015e-01,-2.030901712371240009e-02,-8.401389803667852485e-02,-3.271524934852403366e-01,-5.191945123345532709e-01,1.407679351095596942e+00,-5.752567881263277033e-02,-3.801429606348526863e-02,-1.147078669352808861e-01,-1.711160802546210780e-01,-7.340709118518067011e-02,-7.197411700355742237e-02,-1.244624194945742751e-01,-7.051263942166730025e-02,-2.872721242393142319e-02,-2.030901712371240009e-02,-2.019004323808653023e-01,-1.435916317235476011e-02,-1.435916317235476011e-02,-5.183686688943279358e-02,-3.801429606348527557e-02,-3.801429606348527557e-02,-1.558271304830920190e-01,-4.064318733121485144e-02,-8.148853797899899276e-02,-1.210011918676099085e-01,-5.569323991926412171e-02,-7.051263942166730025e-02,-4.979810447122927364e-02,-3.212131358814808435e-02,-2.030901712371240009e-02,-3.801429606348527557e-02,-6.749673070628271765e-02,-3.519076715388935045e-02,-1.435916317235476185e-02,-3.524455202264515918e-01,-3.753330286669139260e-01,-2.907009498669055336e-01,-4.311306135592269523e-02,-3.519076715388935045e-02,-3.801429606348527557e-02,-1.435916317235476011e-02,-1.286658602907498339e-01,-4.767312946227962589e-02,5.913962991410492975e-01,-2.487592975524973576e-02,-4.967123990818995694e-01,-1.786283982422259831e-01,-4.979810447122926670e-02,5.840947806181536750e-01,-2.030901712371240009e-02,-4.892821642774447533e-01,-1.767766952966368654e-01
-1.311874910211522638e-01,-5.537123258831522232e-01,-5.507016019503075954e-01,-1.284019034700219164e+00,-7.763798233418204298e-01,-9.768862889767194746e-01,-4.966680157416004104e-01,-4.963069089824175273e-01,-6.493539992246850634e-01,-6.302706439077716549e-01,-1.227154522145748050e+00,2.403160759895229148e+00,1.812337037899886261e-01,2.140465563218101774e+00,2.470160721928433389e+00,-2.070353014254128432e+00,2.012036728454390744e+00,2.868459015291825676e+00,-5.812223314868822932e-01,1.793173846749233080e+00,9.248938849348538049e-01,9.406936628861676253e-01,-2.328307787582295230e-01,7.082883581693830144e-02,-1.810004182342134504e-01,-6.157906311089724749e-01,-4.720741674399969168e-01,-1.773242088314630704e+00,-1.202811734101178587e+00,-1.967013050142891462e-01,9.276940622890612609e-01,0.000000000000000000e+00,0.000000000000000000e+00,9.205658450309623930e-01,1.889844169843851507e+00,7.213723788716157603e-01,-7.556591599486597310e-01,-2.592067347831827351e-01,-9.473935815327891308e-02,-9.555068114986333683e-01,-3.774647335768301359e-01,-4.668062001933125371e-01,-9.241704559171570743e-01,-9.515480014204554804e-01,-3.669621702617922865e-01,1.739375798511208382e+00,-5.183686688943279358e-02,-5.183686688943279358e-02,1.418158377741196352e+00,-1.040941436780788015e-01,-2.030901712371240009e-02,-8.401389803667852485e-02,-3.271524934852403366e-01,-5.191945123345532709e-01,-7.103890521813077674e-01,-5.752567881263277033e-02,-3.801429606348526863e-02,-1.147078669352808861e-01,-1.711160802546210780e-01,-7.340709118518067011e-02,1.389388354636672673e+01,-1.244624194945742751e-01,-7.051263942166730025e-02,-2.872721242393142319e-02,-2.030901712371240009e-02,-2.019004323808653023e-01,-1.435916317235476011e-02,-1.435916317235476011e-02,-5.183686688943279358e-02,-3.801429606348527557e-02,-3.801429606348527557e-02,-1.558271304830920190e-01,-4.064318733121485144e-02,-8.148853797899899276e-02,-1.210011918676099085e-01,-5.569323991926412171e-02,-7.051263942166730025e-02,-4.979810447122927364e-02,-3.212131358814808435e-02,-2.030901712371240009e-02,-3.801429606348527557e-02,-6.749673070628271765e-02,-3.519076715388935045e-02,-1.435916317235476185e-02,-3.524455202264515918e-01,-3.753330286669139260e-01,-2.907009498669055336e-01,-4.311306135592269523e-02,-3.519076715388935045e-02,-3.801429606348527557e-02,-1.435916317235476011e-02,-1.286658602907498339e-01,-4.767312946227962589e-02,5.913962991410492975e-01,-2.487592975524973576e-02,-4.967123990818995694e-01,-1.786283982422259831e-01,-4.979810447122926670e-02,-1.712050908829709783e+00,-2.030901712371240009e-02,2.043810449286999731e+00,-1.767766952966368654e-01
-1.650973355764333572e-01,-5.537123258831522232e-01,-5.507016019503075954e-01,-1.284019034700219164e+00,-8.840116934927469972e-01,-1.120335343784116588e+00,-4.966680157416004104e-01,-4.963069089824175273e-01,-6.493539992246850634e-01,-6.302706439077716549e-01,-2.083556217435191371e+00,2.403160759895229148e+00,1.812337037899886261e-01,2.140465563218101774e+00,2.470160721928433389e+00,-2.070353014254128432e+00,2.012036728454390744e+00,2.868459015291825676e+00,-5.812223314868822932e-01,1.793173846749233080e+00,9.248938849348538049e-01,1.944315375262146484e+00,1.085864034734090211e+00,3.763332956995397716e-01,-8.805736447596543282e-02,-5.315990820683696993e-01,-4.720741674399969168e-01,5.427337262387786909e-01,-9.623479075561970353e-01,-7.135316533551511187e-01,9.276940622890612609e-01,0.000000000000000000e+00,0.000000000000000000e+00,9.205658450309623930e-01,1.889844169843851507e+00,1.616353813630237335e+00,-7.052487909748456074e-01,1.369509595483220654e-01,-9.473935815327891308e-02,-9.555068114986333683e-01,-3.774647335768301359e-01,-4.668062001933125371e-01,-9.241704559171570743e-01,-1.186301566740631808e+00,-3.669621702617922865e-01,1.739375798511208382e+00,-5.183686688943279358e-02,-5.183686688943279358e-02,1.418158377741196352e+00,-1.040941436780788015e-01,-2.030901712371240009e-02,-8.401389803667852485e-02,-3.271524934852403366e-01,-5.191945123345532709e-01,-7.103890521813077674e-01,-5.752567881263277033e-02,-3.801429606348526863e-02,-1.147078669352808861e-01,-1.711160802546210780e-01,-7.340709118518067011e-02,-7.197411700355742237e-02,-1.244624194945742751e-01,-7.051263942166730025e-02,-2.872721242393142319e-02,-2.030901712371240009e-02,-2.019004323808653023e-01,-1.435916317235476011e-02,-1.435916317235476011e-02,-5.183686688943279358e-02,-3.801429606348527557e-02,-3.801429606348527557e-02,-1.558271304830920190e-01,-4.064318733121485144e-02,-8.148853797899899276e-02,-1.210011918676099085e-01,-5.569323991926412171e-02,-7.051263942166730025e-02,-4.979810447122927364e-02,-3.212131358814808435e-02,-2.030901712371240009e-02,-3.801429606348527557e-02,-6.749673070628271765e-02,-3.519076715388935045e-02,-1.435916317235476185e-02,-3.524455202264515918e-01,-3.753330286669139260e-01,-2.907009498669055336e-01,-4.311306135592269523e-02,2.841654447676564743e+01,-3.801429606348527557e-02,-1.435916317235476011e-02,-1.286658602907498339e-01,-4.767312946227962589e-02,5.913962991410492975e-01,-2.487592975524973576e-02,-4.967123990818995694e-01,-1.786283982422259831e-01,-4.979810447122926670e-02,5.840947806181536750e-01,-2.030901712371240009e-02,-4.892821642774447533e-01,-1.767766952966368654e-01
-7.936700639182294736e-01,-5.537123258831522232e-01,9.520848996778241702e-01,7.082331122151057645e-01,4.434480383686802418e-01,-6.541259156600758295e-01,-4.966680157416004104e-01,-4.963069089824175273e-01,-6.493539992246850634e-01,1.745364860052290412e+00,8.414777418280475763e-01,-1.291707300149474991e+00,4.533174260184492099e-01,7.955407164935289765e-01,5.538406096503543097e-01,-1.793962463029842302e-01,-8.087874538665257296e-01,-1.801752323248414722e+00,-1.236479578871264806e+00,-5.465641634646974945e-01,-1.052143564629467676e+00,-1.066549761865789980e+00,5.023036862346152986e-01,-2.738428625121503979e-01,-5.527726332672054932e-01,1.419333102564523941e-01,8.750744390088503744e-02,8.669703402762560795e-01,4.578915679750999446e-01,1.526066522788584123e+00,-1.043887434287774418e+00,0.000000000000000000e+00,0.000000000000000000e+00,-2.172267616484195862e+00,-7.629130114959765674e-01,-7.702633457260871230e-01,4.031246463325240392e-01,-1.143045907802711980e+00,-1.576574634436508360e+00,-1.191009481073873166e+00,-3.774647335768301359e-01,-4.668062001933125371e-01,-8.206167432695206099e-01,-1.655808697380984684e+00,-3.669621702617922865e-01,-4.602362970513234064e-01,-5.183686688943279358e-02,-5.183686688943279358e-02,-7.051398600435393460e-01,-1.040941436780788015e-01,-2.030901712371240009e-02,-8.401389803667852485e-02,3.056678521220304923e+00,-5.191945123345532709e-01,-7.103890521813077674e-01,-5.752567881263277033e-02,-3.801429606348526863e-02,-1.147078669352808861e-01,-1.711160802546210780e-01,-7.340709118518067011e-02,-7.197411700355742237e-02,-1.244624194945742751e-01,-7.051263942166730025e-02,-2.872721242393142319e-02,-2.030901712371240009e-02,-2.019004323808653023e-01,-1.435916317235476011e-02,-1.435916317235476011e-02,-5.183686688943279358e-02,-3.801429606348527557e-02,-3.801429606348527557e-02,-1.558271304830920190e-01,-4.064318733121485144e-02,-8.148853797899899276e-02,-1.210011918676099085e-01,-5.569323991926412171e-02,-7.051263942166730025e-02,-4.979810447122927364e-02,-3.212131358814808435e-02,-2.030901712371240009e-02,-3.801429606348527557e-02,-6.749673070628271765e-02,-3.519076715388935045e-02,-1.435916317235476185e-02,-3.524455202264515918e-01,-3.753330286669139260e-01,-2.907009498669055336e-01,-4.311306135592269523e-02,-3.519076715388935045e-02,-3.801429606348527557e-02,-1.435916317235476011e-02,-1.286658602907498339e-01,-4.767312946227962589e-02,5.913962991410492975e-01,-2.487592975524973576e-02,-4.967123990818995694e-01,-1.786283982422259831e-01,-4.979810447122926670e-02,5.840947806181536750e-01,-2.030901712371240009e-02,-4.892821642774447533e-01,-1.767766952966368654e-01
-1.432627039603499020e-01,4.047385190264539689e-01,-5.507016019503075954e-01,-1.284019034700219164e+00,-1.027520853693982383e+00,-1.120335343784116588e+00,1.677823450289539942e+00,-4.963069089824175273e-01,-6.623362709603883292e-02,-6.302706439077716549e-01,-9.617906165631040505e-01,-1.291707300149474991e+00,-1.101446701001324913e+00,-1.096737265525927096e+00,-5.411994545085482278e-01,-1.793962463029842302e-01,1.560704859283044144e+00,-3.072846949155379481e-01,1.041319423941112321e+00,-1.465746953191598756e+00,-1.052143564629467676e+00,-8.156443337717953490e-01,1.252595562876797075e+00,3.920001910781347187e-01,4.885689282282582209e-03,-1.106413368653558910e-01,-1.363252006354677692e-01,-1.773242088314630704e+00,-1.202811734101178587e+00,-1.967013050142891462e-01,-1.043887434287774418e+00,0.000000000000000000e+00,0.000000000000000000e+00,-1.012455068416011628e+00,-1.352414607349271769e+00,-7.702633457260871230e-01,7.415942665852766069e-01,1.708220600471929584e+00,8.578690337430828761e-01,6.930118755280455511e-01,-3.774647335768301359e-01,1.696017942249628430e+00,1.113666705592083056e-01,2.222198251804266556e-01,9.137094037957288473e-01,-4.602362970513234064e-01,-5.183686688943279358e-02,-5.183686688943279358e-02,-7.051398600435393460e-01,-1.040941436780788015e-01,-2.030901712371240009e-02,-8.401389803667852485e-02,-3.271524934852403366e-01,1.926060419058570616e+00,-7.103890521813077674e-01,-5.752567881263277033e-02,-3.801429606348526863e-02,-1.147078669352808861e-01,-1.711160802546210780e-01,-7.340709118518067011e-02,-7.197411700355742237e-02,-1.244624194945742751e-01,-7.051263942166730025e-02,-2.872721242393142319e-02,-2.030901712371240009e-02,-2.019004323808653023e-01,-1.435916317235476011e-02,-1.435916317235476011e-02,-5.183686688943279358e-02,-3.801429606348527557e-02,-3.801429606348527557e-02,-1.558271304830920190e-01,-4.064318733121485144e-02,1.227166451627488009e+01,-1.210011918676099085e-01,-5.569323991926412171e-02,-7.051263942166730025e-02,-4.979810447122927364e-02,-3.212131358814808435e-02,-2.030901712371240009e-02,-3.801429606348527557e-02,-6.749673070628271765e-02,-3.519076715388935045e-02,-1.435916317235476185e-02,-3.524455202264515918e-01,-3.753330286669139260e-01,-2.907009498669055336e-01,-4.311306135592269523e-02,-3.519076715388935045e-02,-3.801429606348527557e-02,-1.435916317235476011e-02,-1.286658602907498339e-01,-4.767312946227962589e-02,5.913962991410492975e-01,-2.487592975524973576e-02,-4.967123990818995694e-01,-1.786283982422259831e-01,-4.979810447122926670e-02,-1.712050908829709783e+00,-2.030901712371240009e-02,-4.892821642774447533e-01,-1.767766952966368654e-01
3.538059930573073109e-01,-7.448690342834912714e-02,-4.977276807426366662e-02,7.082331122151057645e-01,4.793253284189891161e-01,1.210711796836086984e+00,5.905777172739697933e-01,-4.963069089824175273e-01,-6.623362709603883292e-02,5.575471080722594897e-01,8.414777418280475763e-01,9.252135358773474483e-01,-5.572792565444040225e-01,-6.353967657773818001e-01,-7.237061318683652988e-01,2.316813119472644900e-01,-2.446226174023423960e-01,-6.341994886133547338e-01,-7.138339172670549182e-01,-8.697276860124680820e-02,-6.362483984730694930e-02,4.388828066981781961e-01,-6.609925061552258951e-02,3.058322664958623149e-01,-8.805736447596543282e-02,7.312741535406717119e-01,-8.078231342445260088e-01,8.206508239851878495e-01,6.607829216224281321e-01,8.800285873625066646e-01,3.643850632671082335e-01,0.000000000000000000e+00,0.000000000000000000e+00,5.339616623415676111e-01,4.160901802106137248e-01,4.230452339520751615e-01,-5.939531711625284371e-01,-8.437564523886915691e-01,-3.064301119080259928e-01,-2.489988027729138353e-01,9.257960654133498002e-01,-4.668062001933125371e-01,-6.135093179742474589e-01,-1.186301566740631808e+00,-3.669621702617922865e-01,-4.602362970513234064e-01,-5.183686688943279358e-02,-5.183686688943279358e-02,-7.051398600435393460e-01,-1.040941436780788015e-01,-2.030901712371240009e-02,-8.401389803667852485e-02,-3.271524934852403366e-01,-5.191945123345532709e-01,1.407679351095596942e+00,-5.752567881263277033e-02,-3.801429606348526863e-02,-1.147078669352808861e-01,-1.711160802546210780e-01,-7.340709118518067011e-02,-7.197411700355742237e-02,-1.244624194945742751e-01,-7.051263942166730025e-02,-2.872721242393142319e-02,-2.030901712371240009e-02,-2.019004323808653023e-01,-1.435916317235476011e-02,-1.435916317235476011e-02,-5.183686688943279358e-02,-3.801429606348527557e-02,-3.801429606348527557e-02,-1.558271304830920190e-01,-4.064318733121485144e-02,-8.148853797899899276e-02,-1.210011918676099085e-01,-5.569323991926412171e-02,-7.051263942166730025e-02,-4.979810447122927364e-02,-3.212131358814808435e-02,-2.030901712371240009e-02,-3.801429606348527557e-02,-6.749673070628271765e-02,-3.519076715388935045e-02,-1.435916317235476185e-02,-3.524455202264515918e-01,-3.753330286669139260e-01,-2.907009498669055336e-01,-4.311306135592269523e-02,-3.519076715388935045e-02,-3.801429606348527557e-02,-1.435916317235476011e-02,-1.286658602907498339e-01,-4.767312946227962589e-02,-1.690913523558418063e+00,-2.487592975524973576e-02,2.013237442528823973e+00,-1.786283982422259831e-01,-4.979810447122926670e-02,5.840947806181536750e-01,-2.030901712371240009e-02,-4.892821642774447533e-01,-1.767766952966368654e-01
1.712350155654984052e+00,8.839639414812570095e-01,-5.507016019503075954e-01,-1.284019034700219164e+00,1.564297179662094972e-01,-1.084473080082267282e+00,-4.966680157416004104e-01,-4.963069089824175273e-01,-6.493539992246850634e-01,-6.302706439077716549e-01,-9.075116358757447932e-01,1.171538073213661102e+00,-5.417316152742062130e-01,2.640902715487709607e+00,1.375120657769531185e+00,2.316813119472644900e-01,-3.574555846951790183e-01,2.998427790946933125e-01,2.765270039083356224e+00,1.166458308299073154e+00,1.913412609717014545e+00,-6.292804948981121915e-02,2.972961785076547958e+00,-1.934533772643214355e+00,1.863746764447242743e+00,-2.299621611921027764e+00,-8.078231342445260088e-01,-1.773242088314630704e+00,-1.202811734101178587e+00,-2.436299481158024527e+00,9.276940622890612609e-01,0.000000000000000000e+00,0.000000000000000000e+00,1.307170027720357286e+00,7.108409781372613256e-01,1.019699523791156359e+00,-9.723582785244065940e-01,-3.220040758745174037e-01,-4.122754887853995465e-01,-9.555068114986333683e-01,-3.774647335768301359e-01,-4.668062001933125371e-01,-8.206167432695206099e-01,-2.472873054599261933e-01,-3.669621702617922865e-01,-4.602362970513234064e-01,-5.183686688943279358e-02,-5.183686688943279358e-02,1.418158377741196352e+00,-1.040941436780788015e-01,-2.030901712371240009e-02,-8.401389803667852485e-02,-3.271524934852403366e-01,-5.191945123345532709e-01,-7.103890521813077674e-01,-5.752567881263277033e-02,-3.801429606348526863e-02,-1.147078669352808861e-01,-1.711160802546210780e-01,-7.340709118518067011e-02,-7.197411700355742237e-02,-1.244624194945742751e-01,-7.051263942166730025e-02,-2.872721242393142319e-02,-2.030901712371240009e-02,-2.019004323808653023e-01,-1.435916317235476011e-02,-1.435916317235476011e-02,-5.183686688943279358e-02,-3.801429606348527557e-02,-3.801429606348527557e-02,-1.558271304830920190e-01,-4.064318733121485144e-02,-8.148853797899899276e-02,-1.210011918676099085e-01,-5.569323991926412171e-02,-7.051263942166730025e-02,-4.979810447122927364e-02,-3.212131358814808435e-02,-2.030901712371240009e-02,-3.801429606348527557e-02,-6.749673070628271765e-02,-3.519076715388935045e-02,-1.435916317235476185e-02,-3.524455202264515918e-01,2.664300564093018409e+00,-2.907009498669055336e-01,-4.311306135592269523e-02,-3.519076715388935045e-02,-3.801429606348527557e-02,-1.435916317235476011e-02,-1.286658602907498339e-01,-4.767312946227962589e-02,5.913962991410492975e-01,-2.487592975524973576e-02,-4.967123990818995694e-01,-1.786283982422259831e-01,-4.979810447122926670e-02,5.840947806181536750e-01,-2.030901712371240009e-02,-4.892821642774447533e-01,-1.767766952966368654e-01
-8.652942721740183307e-01,-7.448690342834912714e-02,-5.507016019503075954e-01,-2.878929612425566442e-01,4.879784781528296450e-02,3.858797316935533850e-01,5.905777172739697933e-01,-4.963069089824175273e-01,-6.623362709603883292e-02,-6.302706439077716549e-01,5.942068298078561073e-01,-3.064091508042205425e-01,1.051901614921062489e+00,-7.240496947407275286e-02,-1.761860997889140579e-01,1.494658002972147348e-01,-4.702885519880157239e-01,1.130343255530836949e-01,5.264744438533831561e-01,9.575531288156864385e-01,-7.697096432631360674e-01,-6.292804948981121915e-02,3.507295697412453617e-01,-6.655152469770239110e-01,-1.810004182342134504e-01,-6.157906311089724749e-01,1.766252277923530567e+00,-1.983785344183122967e-01,1.723407739529344840e-01,-9.288776318305103086e-01,-7.622329347767978769e-01,0.000000000000000000e+00,0.000000000000000000e+00,-6.258508857266168457e-01,-4.681622135693289666e-01,1.247180890325345903e-01,-3.484481274588878130e-01,-5.345143137361795665e-03,-5.181208656627730447e-01,-9.555068114986333683e-01,-3.774647335768301359e-01,1.696017942249628430e+00,-9.574075473606477593e-02,-7.167944361002790421e-01,-3.669621702617922865e-01,-4.602362970513234064e-01,-5.183686688943279358e-02,-5.183686688943279358e-02,1.418158377741196352e+00,-1.040941436780788015e-01,-2.030901712371240009e-02,-8.401389803667852485e-02,-3.271524934852403366e-01,-5.191945123345532709e-01,-7.103890521813077674e-01,-5.752567881263277033e-02,-3.801429606348526863e-02,-1.147078669352808861e-01,-1.711160802546210780e-01,-7.340709118518067011e-02,-7.197411700355742237e-02,-1.244624194945742751e-01,-7.051263942166730025e-02,-2.872721242393142319e-02,-2.030901712371240009e-02,-2.019004323808653023e-01,-1.435916317235476011e-02,-1.435916317235476011e-02,-5.183686688943279358e-02,-3.801429606348527557e-02,-3.801429606348527557e-02,-1.558271304830920190e-01,-4.064318733121485144e-02,-8.148853797899899276e-02,-1.210011918676099085e-01,-5.569323991926412171e-02,-7.051263942166730025e-02,-4.979810447122927364e-02,-3.212131358814808435e-02,-2.030901712371240009e-02,-3.801429606348527557e-02,-6.749673070628271765e-02,-3.519076715388935045e-02,-1.435916317235476185e-02,-3.524455202264515918e-01,2.664300564093018409e+00,-2.907009498669055336e-01,-4.311306135592269523e-02,-3.519076715388935045e-02,-3.801429606348527557e-02,-1.435916317235476011e-02,-1.286658602907498339e-01,-4.767312946227962589e-02,5.913962991410492975e-01,-2.487592975524973576e-02,-4.967123990818995694e-01,-1.786283982422259831e-01,-4.979810447122926670e-02,5.840947806181536750e-01,-2.030901712371240009e-02,-4.892821642774447533e-01,-1.767766952966368654e-01
1.054168343530771601e+00,-7.448690342834912714e-02,-5.507016019503075954e-01,7.082331122151057645e-01,4.075707483183714230e-01,2.065684131843069371e-01,5.905777172739697933e-01,-4.963069089824175273e-01,-6.623362709603883292e-02,-3.636176791775609651e-02,-1.415749083985667345e-01,-6.008461346790693741e-02,-4.873148708285142683e-01,-1.036822914909232979e-01,-4.499461158286396367e-01,1.136051940097811741e+00,1.109372990111697543e+00,1.280587160188143780e+00,9.743696044694237501e-02,-1.006155558328148070e+00,3.600260422021904771e-01,-6.292804948981121915e-02,1.309471008258587255e-01,-2.190087286870682215e-01,-9.245448483001975637e-01,8.154657025812744875e-01,-4.720741674399969168e-01,1.283845986895869817e+00,-2.860433953984365951e-01,2.770598476315010439e-01,-5.809668599935657873e-02,0.000000000000000000e+00,0.000000000000000000e+00,1.473574796521728292e-01,7.108409781372613256e-01,-4.719362008065465242e-01,-8.466596961481426264e-01,-5.785378948008207400e-01,-5.181208656627730447e-01,-7.200041419233935702e-01,-3.774647335768301359e-01,-4.668062001933125371e-01,-3.028481800313378436e-01,-9.515480014204554804e-01,-3.669621702617922865e-01,-4.602362970513234064e-01,-5.183686688943279358e-02,-5.183686688943279358e-02,1.418158377741196352e+00,-1.040941436780788015e-01,-2.030901712371240009e-02,-8.401389803667852485e-02,-3.271524934852403366e-01,-5.191945123345532709e-01,-7.103890521813077674e-01,-5.752567881263277033e-02,-3.801429606348526863e-02,-1.147078669352808861e-01,-1.711160802546210780e-01,-7.340709118518067011e-02,-7.197411700355742237e-02,-1.244624194945742751e-01,-7.051263942166730025e-02,-2.872721242393142319e-02,-2.030901712371240009e-02,-2.019004323808653023e-01,-1.435916317235476011e-02,-1.435916317235476011e-02,-5.183686688943279358e-02,-3.801429606348527557e-02,-3.801429606348527557e-02,-1.558271304830920190e-01,-4.064318733121485144e-02,-8.148853797899899276e-02,-1.210011918676099085e-01,-5.569323991926412171e-02,-7.051263942166730025e-02,-4.979810447122927364e-02,-3.212131358814808435e-02,-2.030901712371240009e-02,-3.801429606348527557e-02,-6.749673070628271765e-02,-3.519076715388935045e-02,-1.435916317235476185e-02,-3.524455202264515918e-01,-3.753330286669139260e-01,-2.907009498669055336e-01,-4.311306135592269523e-02,-3.519076715388935045e-02,-3.801429606348527557e-02,-1.435916317235476011e-02,-1.286658602907498339e-01,-4.767312946227962589e-02,5.913962991410492975e-01,-2.487592975524973576e-02,-4.967123990818995694e-01,-1.786283982422259831e-01,-4.979810447122926670e-02,5.840947806181536750e-01,-2.030901712371240009e-02,-4.892821642774447533e-01,-1.767766952966368654e-01
-8.955650114599522649e-01,-5.537123258831522232e-01,1.953942567429912014e+00,7.082331122151057645e-01,-9.198889835430558160e-01,2.725709467506052044e-02,1.677823450289539942e+00,6.573034482162921632e-01,-6.493539992246850634e-01,3.527091488022337185e+00,5.158038577038931427e-01,1.862399238684066816e-01,-2.865945335768058100e-02,-5.024681472057671572e-01,1.283867319089622594e+00,-8.371203395033821604e-01,3.195422190618408820e-01,-1.801752323248414722e+00,-1.236479578871264806e+00,-2.123158762912787934e-01,3.600260422021904771e-01,1.693409947168151630e+00,-8.921781855043895426e-01,-6.733486946663216344e-01,3.766579043152746276e-01,-2.644978782475312235e-02,4.232564107054141989e-01,3.574556610745059926e-01,1.615123733222823432e+00,1.864467346107001947e-02,3.643850632671082335e-01,0.000000000000000000e+00,0.000000000000000000e+00,5.339616623415676111e-01,4.160901802106137248e-01,1.019699523791156359e+00,1.107560451732837015e+00,-7.996647022607331623e-01,-7.298116194175201521e-01,-9.555068114986333683e-01,-3.774647335768301359e-01,1.696017942249628430e+00,-7.170630306218840344e-01,-1.186301566740631808e+00,-3.669621702617922865e-01,1.739375798511208382e+00,-5.183686688943279358e-02,-5.183686688943279358e-02,-7.051398600435393460e-01,-1.040941436780788015e-01,-2.030901712371240009e-02,-8.401389803667852485e-02,-3.271524934852403366e-01,1.926060419058570616e+00,-7.103890521813077674e-01,-5.752567881263277033e-02,-3.801429606348526863e-02,-1.147078669352808861e-01,-1.711160802546210780e-01,-7.340709118518067011e-02,-7.197411700355742237e-02,-1.244624194945742751e-01,-7.051263942166730025e-02,-2.872721242393142319e-02,-2.030901712371240009e-02,-2.019004323808653023e-01,-1.435916317235476011e-02,-1.435916317235476011e-02,-5.183686688943279358e-02,-3.801429606348527557e-02,-3.801429606348527557e-02,-1.558271304830920190e-01,-4.064318733121485144e-02,-8.148853797899899276e-02,-1.210011918676099085e-01,-5.569323991926412171e-02,-7.051263942166730025e-02,-4.979810447122927364e-02,-3.212131358814808435e-02,-2.030901712371240009e-02,-3.801429606348527557e-02,-6.749673070628271765e-02,-3.519076715388935045e-02,-1.435916317235476185e-02,-3.524455202264515918e-01,-3.753330286669139260e-01,3.439961240091715222e+00,-4.311306135592269523e-02,-3.519076715388935045e-02,-3.801429606348527557e-02,-1.435916317235476011e-02,-1.286658602907498339e-01,-4.767312946227962589e-02,5.913962991410492975e-01,-2.487592975524973576e-02,-4.967123990818995694e-01,-1.786283982422259831e-01,-4.979810447122926670e-02,5.840947806181536750e-01,-2.030901712371240009e-02,-4.892821642774447533e-01,-1.767766952966368654e-01
7.049796515493159665e-01,8.839639414812570095e-01,-4.977276807426366662e-02,7.082331122151057645e-01,8.739755189723863449e-01,-3.313655423434322955e-01,5.905777172739697933e-01,6.573034482162921632e-01,-6.623362709603883292e-02,-6.302706439077716549e-01,2.745639435378525173e-01,-1.538031837485788644e+00,-3.707075613020312521e-01,-3.304428761130895897e-01,9.757391625081156261e-02,1.494658002972147348e-01,4.323751863546776431e-01,-7.276037153841595773e-01,-7.528373248494586445e-01,-5.465641634646974945e-01,-1.334577485995799284e+00,-5.647389056778006067e-01,9.494473298900573122e-01,-9.161855730345430660e-01,-3.668865257507094579e-01,-1.373514572474397344e+00,-3.601578451718204787e-01,-1.773242088314630704e+00,-1.202811734101178587e+00,4.493366304117883403e-01,-1.325541933798751071e+00,0.000000000000000000e+00,0.000000000000000000e+00,-1.399059251105406521e+00,-1.352414607349271769e+00,-7.702633457260871230e-01,2.243969745162736618e-01,-4.616279512797189510e-01,1.169513956014681527e-01,-1.349613319767399566e-02,-3.774647335768301359e-01,-4.668062001933125371e-01,-6.135093179742474589e-01,-1.253374013974976713e-02,-3.669621702617922865e-01,-4.602362970513234064e-01,-5.183686688943279358e-02,-5.183686688943279358e-02,-7.051398600435393460e-01,-1.040941436780788015e-01,-2.030901712371240009e-02,-8.401389803667852485e-02,-3.271524934852403366e-01,1.926060419058570616e+00,-7.103890521813077674e-01,-5.752567881263277033e-02,-3.801429606348526863e-02,-1.147078669352808861e-01,-1.711160802546210780e-01,-7.340709118518067011e-02,-7.197411700355742237e-02,-1.244624194945742751e-01,-7.051263942166730025e-02,-2.872721242393142319e-02,-2.030901712371240009e-02,-2.019004323808653023e-01,-1.435916317235476011e-02,-1.435916317235476011e-02,-5.183686688943279358e-02,-3.801429606348527557e-02,-3.801429606348527557e-02,-1.558271304830920190e-01,-4.064318733121485144e-02,-8.148853797899899276e-02,-1.210011918676099085e-01,-5.569323991926412171e-02,-7.051263942166730025e-02,-4.979810447122927364e-02,-3.212131358814808435e-02,-2.030901712371240009e-02,-3.801429606348527557e-02,-6.749673070628271765e-02,-3.519076715388935045e-02,-1.435916317235476185e-02,-3.524455202264515918e-01,-3.753330286669139260e-01,3.439961240091715222e+00,-4.311306135592269523e-02,-3.519076715388935045e-02,-3.801429606348527557e-02,-1.435916317235476011e-02,-1.286658602907498339e-01,-4.767312946227962589e-02,5.913962991410492975e-01,-2.487592975524973576e-02,-4.967123990818995694e-01,-1.786283982422259831e-01,-4.979810447122926670e-02,5.840947806181536750e-01,-2.030901712371240009e-02,-4.892821642774447533e-01,-1.767766952966368654e-01
-9.939862676082071857e-01,-7.448690342834912714e-02,-5.507016019503075954e-01,7.082331122151057645e-01,1.376257579676710252e+00,9.238136872212926454e-01,-4.966680157416004104e-01,-4.963069089824175273e-01,1.100007117161253767e+00,-3.636176791775609651e-02,8.414777418280475763e-01,6.788889985410339056e-01,-5.495054359093053398e-01,-5.102874777099800641e-01,9.757391625081156261e-02,4.783278468974136999e-01,6.580411209403509432e-01,-1.204762413739283167e-01,1.610769174644206769e+00,-1.089717630121502800e+00,-4.872757218968044035e-01,-3.138334775838059199e-01,1.305646503649476875e+00,1.883305511564002943e-01,-2.739434719924614403e-01,-2.790244349465614282e-01,-8.078231342445260088e-01,-1.032129827657539689e+00,-9.322899292380745218e-01,1.138443761532937692e+00,-7.622329347767978769e-01,0.000000000000000000e+00,0.000000000000000000e+00,-2.392467030372219805e-01,-7.629130114959765674e-01,1.247180890325345903e-01,6.414282087541912647e-01,-5.417947696941887159e-01,-6.239662425401465429e-01,-4.845014723481537167e-01,-3.774647335768301359e-01,-4.668062001933125371e-01,-4.064018926789744190e-01,-1.253374013974976713e-02,-3.669621702617922865e-01,1.739375798511208382e+00,-5.183686688943279358e-02,-5.183686688943279358e-02,-7.051398600435393460e-01,-1.040941436780788015e-01,-2.030901712371240009e-02,-8.401389803667852485e-02,3.056678521220304923e+00,-5.191945123345532709e-01,-7.103890521813077674e-01,-5.752567881263277033e-02,-3.801429606348526863e-02,-1.147078669352808861e-01,-1.711160802546210780e-01,-7.340709118518067011e-02,-7.197411700355742237e-02,-1.244624194945742751e-01,-7.051263942166730025e-02,-2.872721242393142319e-02,-2.030901712371240009e-02,-2.019004323808653023e-01,-1.435916317235476011e-02,-1.435916317235476011e-02,-5.183686688943279358e-02,-3.801429606348527557e-02,-3.801429606348527557e-02,-1.558271304830920190e-01,-4.064318733121485144e-02,-8.148853797899899276e-02,-1.210011918676099085e-01,-5.569323991926412171e-02,-7.051263942166730025e-02,-4.979810447122927364e-02,-3.212131358814808435e-02,-2.030901712371240009e-02,-3.801429606348527557e-02,-6.749673070628271765e-02,-3.519076715388935045e-02,-1.435916317235476185e-02,-3.524455202264515918e-01,-3.753330286669139260e-01,-2.907009498669055336e-01,-4.311306135592269523e-02,-3.519076715388935045e-02,-3.801429606348527557e-02,-1.435916317235476011e-02,-1.286658602907498339e-01,-4.767312946227962589e-02,5.913962991410492975e-01,-2.487592975524973576e-02,-4.967123990818995694e-01,-1.786283982422259831e-01,-4.979810447122926670e-02,5.840947806181536750e-01,-2.030901712371240009e-02,-4.892821642774447533e-01,-1.767766952966368654e-01
3.036855886658429982e-01,1.842414786390863091e+00,-5.507016019503075954e-01,7.082331122151057645e-01,6.945890687208421399e-01,-4.389523334489801587e-01,5.905777172739697933e-01,-4.963069089824175273e-01,1.100007117161253767e+00,-6.302706439077716549e-01,8.414777418280475763e-01,4.325644612047202520e-01,-3.707075613020312521e-01,7.251667419556153682e-01,7.363472870101713808e-01,1.053836428447761930e+00,-1.895668281666913063e-02,3.932470058654981004e-01,-4.330093826737481111e-01,5.397427698489131176e-01,9.248938849348538049e-01,9.406936628861676253e-01,-1.646224263362130735e-01,4.732849274904569331e-02,1.306088441897754748e+00,-1.948328859059586526e-01,-5.839904897081731328e-01,6.816922751119832702e-01,-6.767971135340316025e-01,1.047830648512136920e-01,1.631830311066502670e+00,0.000000000000000000e+00,0.000000000000000000e+00,9.205658450309623930e-01,1.005591776063908815e+00,1.318026668710696736e+00,-3.962397759665298724e-01,8.397467343151737706e-01,-2.005847350306524668e-01,-9.555068114986333683e-01,-3.774647335768301359e-01,3.858842084692569063e+00,-6.135093179742474589e-01,-1.253374013974976713e-02,-3.669621702617922865e-01,1.739375798511208382e+00,-5.183686688943279358e-02,-5.183686688943279358e-02,-7.051398600435393460e-01,-1.040941436780788015e-01,-2.030901712371240009e-02,1.190279255419648408e+01,-3.271524934852403366e-01,-5.191945123345532709e-01,-7.103890521813077674e-01,-5.752567881263277033e-02,-3.801429606348526863e-02,-1.147078669352808861e-01,-1.711160802546210780e-01,-7.340709118518067011e-02,-7.197411700355742237e-02,-1.244624194945742751e-01,-7.051263942166730025e-02,-2.872721242393142319e-02,-2.030901712371240009e-02,-2.019004323808653023e-01,-1.435916317235476011e-02,-1.435916317235476011e-02,-5.183686688943279358e-02,-3.801429606348527557e-02,-3.801429606348527557e-02,-1.558271304830920190e-01,-4.064318733121485144e-02,-8.148853797899899276e-02,-1.210011918676099085e-01,-5.569323991926412171e-02,-7.051263942166730025e-02,-4.979810447122927364e-02,-3.212131358814808435e-02,-2.030901712371240009e-02,-3.801429606348527557e-02,-6.749673070628271765e-02,-3.519076715388935045e-02,-1.435916317235476185e-02,-3.524455202264515918e-01,-3.753330286669139260e-01,-2.907009498669055336e-01,-4.311306135592269523e-02,-3.519076715388935045e-02,-3.801429606348527557e-02,-1.435916317235476011e-02,-1.286658602907498339e-01,-4.767312946227962589e-02,5.913962991410492975e-01,-2.487592975524973576e-02,-4.967123990818995694e-01,-1.786283982422259831e-01,-4.979810447122926670e-02,5.840947806181536750e-01,-2.030901712371240009e-02,-4.892821642774447533e-01,-1.767766952966368654e-01
9.354011806493480741e-01,-5.537123258831522232e-01,-5.507016019503075954e-01,-1.284019034700219164e+00,-9.198889835430558160e-01,-9.051617615730208621e-01,-4.966680157416004104e-01,-4.963069089824175273e-01,-6.493539992246850634e-01,-6.302706439077716549e-01,-1.926750273227265220e+00,1.664187147886288409e+00,3.755792196674604400e-01,7.955407164935289765e-01,-2.674394384688225657e-01,-2.616117579530339854e-01,-2.446226174023423960e-01,6.633221216768130091e-02,3.503150831509637547e-02,1.124677272402395900e+00,9.248938849348538049e-01,6.897882347921728829e-01,6.841926260266595339e-01,1.708019402880110116e+00,4.885689282282582209e-03,5.774176121584963933e-02,-8.078231342445260088e-01,3.574556610745059926e-01,-2.303608511486300581e-02,-1.144223610305869387e+00,3.643850632671082335e-01,0.000000000000000000e+00,0.000000000000000000e+00,9.205658450309623930e-01,1.889844169843851507e+00,1.318026668710696736e+00,-1.665009841826944781e+00,-5.110641559686419644e-01,1.110601872409461635e-02,-4.845014723481537167e-01,-3.774647335768301359e-01,-4.668062001933125371e-01,-5.099556053266109945e-01,-2.472873054599261933e-01,-3.669621702617922865e-01,-4.602362970513234064e-01,-5.183686688943279358e-02,-5.183686688943279358e-02,1.418158377741196352e+00,-1.040941436780788015e-01,-2.030901712371240009e-02,-8.401389803667852485e-02,-3.271524934852403366e-01,-5.191945123345532709e-01,-7.103890521813077674e-01,-5.752567881263277033e-02,-3.801429606348526863e-02,-1.147078669352808861e-01,-1.711160802546210780e-01,-7.340709118518067011e-02,-7.197411700355742237e-02,-1.244624194945742751e-01,-7.051263942166730025e-02,-2.872721242393142319e-02,-2.030901712371240009e-02,-2.019004323808653023e-01,-1.435916317235476011e-02,-1.435916317235476011e-02,-5.183686688943279358e-02,-3.801429606348527557e-02,-3.801429606348527557e-02,-1.558271304830920190e-01,-4.064318733121485144e-02,-8.148853797899899276e-02,-1.210011918676099085e-01,-5.569323991926412171e-02,-7.051263942166730025e-02,-4.979810447122927364e-02,-3.212131358814808435e-02,-2.030901712371240009e-02,-3.801429606348527557e-02,-6.749673070628271765e-02,-3.519076715388935045e-02,-1.435916317235476185e-02,2.837317947345407543e+00,-3.753330286669139260e-01,-2.907009498669055336e-01,-4.311306135592269523e-02,-3.519076715388935045e-02,-3.801429606348527557e-02,-1.435916317235476011e-02,-1.286658602907498339e-01,-4.767312946227962589e-02,5.913962991410492975e-01,-2.487592975524973576e-02,-4.967123990818995694e-01,-1.786283982422259831e-01,-4.979810447122926670e-02,5.840947806181536750e-01,-2.030901712371240009e-02,-4.892821642774447533e-01,-1.767766952966368654e-01
4.105429524839483424e-01,-5.537123258831522232e-01,-5.507016019503075954e-01,1.704359185672768229e+00,-2.295673228533472165e-02,1.174849533134237678e+00,-4.966680157416004104e-01,-4.963069089824175273e-01,-6.493539992246850634e-01,-6.302706439077716549e-01,-6.903957131263085412e-01,4.325644612047202520e-01,-8.060415168675679753e-01,-1.409510485694432269e+00,-2.674394384688225657e-01,6.725028864716499355e-02,4.323751863546776431e-01,-2.707201460312350788e-02,1.910451386447113709e-01,-1.173279701914857309e+00,3.600260422021904771e-01,9.406936628861676253e-01,-2.404094845828982085e-01,3.278066132611746832e-04,-6.457156870254534553e-01,1.419333102564523941e-01,-8.078231342445260088e-01,1.700721633515483555e+00,-8.721739726018290506e-01,1.052305370142794017e+00,9.276940622890612609e-01,0.000000000000000000e+00,0.000000000000000000e+00,9.205658450309623930e-01,7.108409781372613256e-01,1.019699523791156359e+00,4.632398281656631422e-02,1.436989531502973705e+00,7.420282400140242096e+00,3.283541240855683885e+00,6.138839261374069878e+00,1.696017942249628430e+00,3.184740958544813871e-01,2.222198251804266556e-01,-3.669621702617922865e-01,-4.602362970513234064e-01,-5.183686688943279358e-02,-5.183686688943279358e-02,1.418158377741196352e+00,-1.040941436780788015e-01,-2.030901712371240009e-02,-8.401389803667852485e-02,-3.271524934852403366e-01,-5.191945123345532709e-01,-7.103890521813077674e-01,-5.752567881263277033e-02,-3.801429606348526863e-02,-1.147078669352808861e-01,-1.711160802546210780e-01,-7.340709118518067011e-02,-7.197411700355742237e-02,-1.244624194945742751e-01,-7.051263942166730025e-02,-2.872721242393142319e-02,-2.030901712371240009e-02,-2.019004323808653023e-01,-1.435916317235476011e-02,-1.435916317235476011e-02,-5.183686688943279358e-02,-3.801429606348527557e-02,-3.801429606348527557e-02,-1.558271304830920190e-01,-4.064318733121485144e-02,-8.148853797899899276e-02,-1.210011918676099085e-01,-5.569323991926412171e-02,-7.051263942166730025e-02,-4.979810447122927364e-02,-3.212131358814808435e-02,-2.030901712371240009e-02,-3.801429606348527557e-02,-6.749673070628271765e-02,-3.519076715388935045e-02,-1.435916317235476185e-02,-3.524455202264515918e-01,2.664300564093018409e+00,-2.907009498669055336e-01,-4.311306135592269523e-02,-3.519076715388935045e-02,-3.801429606348527557e-02,-1.435916317235476011e-02,-1.286658602907498339e-01,-4.767312946227962589e-02,5.913962991410492975e-01,-2.487592975524973576e-02,-4.967123990818995694e-01,-1.786283982422259831e-01,-4.979810447122926670e-02,5.840947806181536750e-01,-2.030901712371240009e-02,-4.892821642774447533e-01,-1.767766952966368654e-01
-2.524358620407671228e-01,-7.448690342834912714e-02,-5.507016019503075954e-01,7.082331122151057645e-01,8.739755189723863449e-01,9.238136872212926454e-01,-4.966680157416004104e-01,-4.963069089824175273e-01,1.100007117161253767e+00,-6.302706439077716549e-01,8.414777418280475763e-01,-1.045382762813161337e+00,-2.774217136808447282e-01,-6.353967657773818001e-01,5.538406096503543097e-01,7.249743818475629098e-01,-2.446226174023423960e-01,2.121225201125386928e+00,-4.486107457067096127e-01,-4.630020916713427637e-01,-6.362483984730694930e-02,4.388828066981781961e-01,3.128360406179026554e-01,-3.991780255409100309e-01,-6.457156870254534553e-01,-2.790244349465614282e-01,-3.601578451718204787e-01,-1.520590181272440944e-01,-6.542536297954395508e-01,-9.288776318305103086e-01,-5.809668599935657873e-02,0.000000000000000000e+00,0.000000000000000000e+00,1.473574796521728292e-01,-1.057663809422624057e+00,4.230452339520751615e-01,1.013286514950638928e+00,-8.203744636844712002e-01,1.492941295007324198e+00,2.106027892979484673e+00,8.745360859354429195e+00,-4.668062001933125371e-01,7.326889464450275780e-01,6.917269558207794766e-01,-3.669621702617922865e-01,1.739375798511208382e+00,-5.183686688943279358e-02,-5.183686688943279358e-02,-7.051398600435393460e-01,-1.040941436780788015e-01,-2.030901712371240009e-02,-8.401389803667852485e-02,3.056678521220304923e+00,-5.191945123345532709e-01,-7.103890521813077674e-01,-5.752567881263277033e-02,-3.801429606348526863e-02,-1.147078669352808861e-01,-1.711160802546210780e-01,-7.340709118518067011e-02,-7.197411700355742237e-02,-1.244624194945742751e-01,-7.051263942166730025e-02,-2.872721242393142319e-02,-2.030901712371240009e-02,-2.019004323808653023e-01,-1.435916317235476011e-02,-1.435916317235476011e-02,-5.183686688943279358e-02,-3.801429606348527557e-02,-3.801429606348527557e-02,-1.558271304830920190e-01,-4.064318733121485144e-02,-8.148853797899899276e-02,-1.210011918676099085e-01,-5.569323991926412171e-02,-7.051263942166730025e-02,-4.979810447122927364e-02,-3.212131358814808435e-02,-2.030901712371240009e-02,-3.801429606348527557e-02,-6.749673070628271765e-02,-3.519076715388935045e-02,-1.435916317235476185e-02,-3.524455202264515918e-01,-3.753330286669139260e-01,-2.907009498669055336e-01,-4.311306135592269523e-02,-3.519076715388935045e-02,-3.801429606348527557e-02,-1.435916317235476011e-02,-1.286658602907498339e-01,-4.767312946227962589e-02,-1.690913523558418063e+00,-2.487592975524973576e-02,-4.967123990818995694e-01,5.598214000911362120e+00,-4.979810447122926670e-02,5.840947806181536750e-01,-2.030901712371240009e-02,-4.892821642774447533e-01,-1.767766952966368654e-01
1.024137285575187593e-02,-5.537123258831522232e-01,-4.977276807426366662e-02,2.700485259130430471e+00,1.089239259274239480e+00,4.294866475195125766e+00,-4.966680157416004104e-01,-4.963069089824175273e-01,-6.493539992246850634e-01,5.575471080722594897e-01,-8.472016573342346923e-01,-1.784356374822102298e+00,1.821509857795850840e+00,2.872842337197081264e-01,-8.493276110900550846e-02,1.053836428447761930e+00,1.335038924697370621e+00,-8.210079421549643097e-01,-5.734216499704015702e-01,5.397427698489131176e-01,-1.052143564629467676e+00,-1.317455189959784834e+00,2.109101806493844308e-03,1.880355252044654257e+00,-8.805736447596543282e-02,8.996572516218772630e-01,3.113400884372377608e-01,-5.941998554510771746e-02,5.962335525997429497e-02,1.267651348618153095e+00,-1.325541933798751071e+00,0.000000000000000000e+00,0.000000000000000000e+00,-1.012455068416011628e+00,-1.352414607349271769e+00,-1.366917635565168210e+00,-5.625285255684624452e-01,-2.992901439904176453e-01,1.110601872409461635e-02,-1.349613319767399566e-02,-3.774647335768301359e-01,-4.668062001933125371e-01,-9.574075473606477593e-02,-7.167944361002790421e-01,-3.669621702617922865e-01,-4.602362970513234064e-01,-5.183686688943279358e-02,-5.183686688943279358e-02,1.418158377741196352e+00,-1.040941436780788015e-01,-2.030901712371240009e-02,-8.401389803667852485e-02,-3.271524934852403366e-01,-5.191945123345532709e-01,-7.103890521813077674e-01,-5.752567881263277033e-02,-3.801429606348526863e-02,-1.147078669352808861e-01,-1.711160802546210780e-01,-7.340709118518067011e-02,-7.197411700355742237e-02,-1.244624194945742751e-01,-7.051263942166730025e-02,-2.872721242393142319e-02,-2.030901712371240009e-02,-2.019004323808653023e-01,-1.435916317235476011e-02,-1.435916317235476011e-02,-5.183686688943279358e-02,-3.801429606348527557e-02,-3.801429606348527557e-02,6.417367738851512016e+00,-4.064318733121485144e-02,-8.148853797899899276e-02,-1.210011918676099085e-01,-5.569323991926412171e-02,-7.051263942166730025e-02,-4.979810447122927364e-02,-3.212131358814808435e-02,-2.030901712371240009e-02,-3.801429606348527557e-02,-6.749673070628271765e-02,-3.519076715388935045e-02,-1.435916317235476185e-02,-3.524455202264515918e-01,-3.753330286669139260e-01,-2.907009498669055336e-01,-4.311306135592269523e-02,-3.519076715388935045e-02,-3.801429606348527557e-02,-1.435916317235476011e-02,-1.286658602907498339e-01,-4.767312946227962589e-02,5.913962991410492975e-01,-2.487592975524973576e-02,-4.967123990818995694e-01,-1.786283982422259831e-01,-4.979810447122926670e-02,5.840947806181536750e-01,-2.030901712371240009e-02,-4.892821642774447533e-01,-1.767766952966368654e-01
-1.495024897646970441e+00,8.839639414812570095e-01,-4.977276807426366662e-02,7.082331122151057645e-01,2.022048800582269212e+00,9.238136872212926454e-01,5.905777172739697933e-01,-4.963069089824175273e-01,5.168867450326074531e-01,-6.302706439077716549e-01,8.414777418280475763e-01,1.171538073213661102e+00,-1.685882247894603947e-01,1.084855945149396206e+00,-5.411994545085482278e-01,5.605433585474633995e-01,-1.895668281666913063e-02,4.399491192509005222e-01,-4.174080196407866095e-01,-3.410696807892142027e-03,9.248938849348538049e-01,1.442504519074156999e+00,-1.304830984284317992e-02,-1.641745948619860451e-01,-3.668865257507094579e-01,-1.948328859059586526e-01,3.113400884372377608e-01,7.953856332809684793e-02,-2.108984496031298117e-01,1.478522605462855299e-01,9.276940622890612609e-01,0.000000000000000000e+00,0.000000000000000000e+00,9.205658450309623930e-01,1.300342573990556527e+00,1.616353813630237335e+00,-8.911779440730693835e-01,-4.322334511944133650e-01,1.169513956014681527e-01,-1.349613319767399566e-02,-3.774647335768301359e-01,-4.668062001933125371e-01,-9.574075473606477593e-02,2.222198251804266556e-01,-3.669621702617922865e-01,-4.602362970513234064e-01,-5.183686688943279358e-02,-5.183686688943279358e-02,-7.051398600435393460e-01,-1.040941436780788015e-01,-2.030901712371240009e-02,-8.401389803667852485e-02,-3.271524934852403366e-01,-5.191945123345532709e-01,1.407679351095596942e+00,-5.752567881263277033e-02,-3.801429606348526863e-02,-1.147078669352808861e-01,-1.711160802546210780e-01,-7.340709118518067011e-02,-7.197411700355742237e-02,-1.244624194945742751e-01,-7.051263942166730025e-02,-2.872721242393142319e-02,-2.030901712371240009e-02,-2.019004323808653023e-01,-1.435916317235476011e-02,-1.435916317235476011e-02,-5.183686688943279358e-02,-3.801429606348527557e-02,-3.801429606348527557e-02,-1.558271304830920190e-01,-4.064318733121485144e-02,-8.148853797899899276e-02,-1.210011918676099085e-01,-5.569323991926412171e-02,-7.051263942166730025e-02,-4.979810447122927364e-02,-3.212131358814808435e-02,-2.030901712371240009e-02,-3.801429606348527557e-02,-6.749673070628271765e-02,-3.519076715388935045e-02,-1.435916317235476185e-02,-3.524455202264515918e-01,-3.753330286669139260e-01,-2.907009498669055336e-01,-4.311306135592269523e-02,-3.519076715388935045e-02,-3.801429606348527557e-02,-1.435916317235476011e-02,-1.286658602907498339e-01,-4.767312946227962589e-02,5.913962991410492975e-01,-2.487592975524973576e-02,-4.967123990818995694e-01,-1.786283982422259831e-01,-4.979810447122926670e-02,5.840947806181536750e-01,-2.030901712371240009e-02,-4.892821642774447533e-01,-1.767766952966368654e-01
-8.333693941292903418e-01,-5.537123258831522232e-01,-5.507016019503075954e-01,-2.878929612425566442e-01,5.152026184692979349e-01,-1.048610816380417976e+00,-4.966680157416004104e-01,-4.963069089824175273e-01,-6.493539992246850634e-01,-6.302706439077716549e-01,-2.113711206705946477e+00,-6.008461346790693741e-02,-1.763620454245594382e-01,7.564440639724658855e-01,4.625872709704457186e-01,3.961123352473639447e-01,-8.087874538665257296e-01,1.841012520812972619e+00,4.640689917215374827e-01,2.054944826754944998e-01,3.600260422021904771e-01,-6.292804948981121915e-02,4.450809420886906231e+00,-2.020701697225486537e+00,-1.810004182342134504e-01,-1.036748376311986242e+00,-8.078231342445260088e-01,-1.773242088314630704e+00,-1.202811734101178587e+00,-2.436299481158024527e+00,9.276940622890612609e-01,0.000000000000000000e+00,0.000000000000000000e+00,9.205658450309623930e-01,4.160901802106137248e-01,-4.719362008065465242e-01,-1.362547627984059373e+00,-8.885162593367704753e-01,1.169513956014681527e-01,9.285145451032854602e-01,-3.774647335768301359e-01,1.696017942249628430e+00,1.561118647626119849e+00,3.039262609022543860e+00,-3.669621702617922865e-01,1.739375798511208382e+00,1.929128938546737260e+01,-5.183686688943279358e-02,-7.051398600435393460e-01,-1.040941436780788015e-01,-2.030901712371240009e-02,-8.401389803667852485e-02,-3.271524934852403366e-01,-5.191945123345532709e-01,-7.103890521813077674e-01,-5.752567881263277033e-02,-3.801429606348526863e-02,-1.147078669352808861e-01,-1.711160802546210780e-01,-7.340709118518067011e-02,-7.197411700355742237e-02,-1.244624194945742751e-01,-7.051263942166730025e-02,-2.872721242393142319e-02,-2.030901712371240009e-02,-2.019004323808653023e-01,-1.435916317235476011e-02,-1.435916317235476011e-02,-5.183686688943279358e-02,-3.801429606348527557e-02,-3.801429606348527557e-02,-1.558271304830920190e-01,-4.064318733121485144e-02,-8.148853797899899276e-02,-1.210011918676099085e-01,-5.569323991926412171e-02,-7.051263942166730025e-02,-4.979810447122927364e-02,-3.212131358814808435e-02,-2.030901712371240009e-02,-3.801429606348527557e-02,-6.749673070628271765e-02,-3.519076715388935045e-02,-1.435916317235476185e-02,-3.524455202264515918e-01,-3.753330286669139260e-01,-2.907009498669055336e-01,-4.311306135592269523e-02,-3.519076715388935045e-02,-3.801429606348527557e-02,-1.435916317235476011e-02,-1.286658602907498339e-01,-4.767312946227962589e-02,5.913962991410492975e-01,-2.487592975524973576e-02,-4.967123990818995694e-01,-1.786283982422259831e-01,-4.979810447122926670e-02,5.840947806181536750e-01,-2.030901712371240009e-02,-4.892821642774447533e-01,-1.767766952966368654e-01
-4.821957356372815751e-01,-5.537123258831522232e-01,-5.507016019503075954e-01,7.082331122151057645e-01,8.380982289220775261e-01,-7.617127067656237482e-01,-4.966680157416004104e-01,-4.963069089824175273e-01,-6.623362709603883292e-02,-6.302706439077716549e-01,8.414777418280475763e-01,-1.538031837485788644e+00,1.588295238742884807e+00,-3.069848846004514797e-01,-9.974661479080908499e-01,-9.718073465293448898e-02,-2.446226174023423960e-01,-8.677100555403667315e-01,-8.464455030472275432e-01,-6.301262352580521142e-01,-7.697096432631360674e-01,-1.317455189959784834e+00,3.962018046892561429e-01,-3.991780255409100309e-01,-8.316017945419494906e-01,3.945079573782606652e-01,1.994237661690613783e-01,2.184971122013014133e-01,-1.132100200692311570e-01,5.785442174970039098e-01,-7.622329347767978769e-01,0.000000000000000000e+00,0.000000000000000000e+00,-6.258508857266168457e-01,-1.352414607349271769e+00,-7.702633457260871230e-01,2.113033721854128133e-01,3.086415623193115021e-01,-8.356569962948936503e-01,-1.426512150649113186e+00,-3.774647335768301359e-01,-4.668062001933125371e-01,-3.028481800313378436e-01,2.222198251804266556e-01,-3.669621702617922865e-01,-4.602362970513234064e-01,-5.183686688943279358e-02,-5.183686688943279358e-02,-7.051398600435393460e-01,-1.040941436780788015e-01,-2.030901712371240009e-02,-8.401389803667852485e-02,-3.271524934852403366e-01,-5.191945123345532709e-01,1.407679351095596942e+00,-5.752567881263277033e-02,-3.801429606348526863e-02,-1.147078669352808861e-01,-1.711160802546210780e-01,-7.340709118518067011e-02,-7.197411700355742237e-02,-1.244624194945742751e-01,-7.051263942166730025e-02,-2.872721242393142319e-02,-2.030901712371240009e-02,-2.019004323808653023e-01,-1.435916317235476011e-02,-1.435916317235476011e-02,-5.183686688943279358e-02,-3.801429606348527557e-02,-3.801429606348527557e-02,-1.558271304830920190e-01,-4.064318733121485144e-02,-8.148853797899899276e-02,-1.210011918676099085e-01,-5.569323991926412171e-02,-7.051263942166730025e-02,-4.979810447122927364e-02,-3.212131358814808435e-02,-2.030901712371240009e-02,-3.801429606348527557e-02,-6.749673070628271765e-02,-3.519076715388935045e-02,-1.435916317235476185e-02,-3.524455202264515918e-01,-3.753330286669139260e-01,-2.907009498669055336e-01,-4.311306135592269523e-02,-3.519076715388935045e-02,-3.801429606348527557e-02,-1.435916317235476011e-02,-1.286658602907498339e-01,-4.767312946227962589e-02,-1.690913523558418063e+00,-2.487592975524973576e-02,2.013237442528823973e+00,-1.786283982422259831e-01,-4.979810447122926670e-02,5.840947806181536750e-01,-2.030901712371240009e-02,-4.892821642774447533e-01,-1.767766952966368654e-01
-1.717138906116101593e-01,-5.537123258831522232e-01,-5.507016019503075954e-01,-1.284019034700219164e+00,-7.405025332915116110e-01,-6.899881793619251358e-01,-4.966680157416004104e-01,6.573034482162921632e-01,-6.493539992246850634e-01,-6.302706439077716549e-01,-1.389991464207825711e+00,-1.784356374822102298e+00,8.653299196786893299e-01,2.242116859772865567e+00,7.363472870101713808e-01,-4.260427812531334402e-01,-1.895668281666913063e-02,6.267575727925100981e-01,1.943014528213505079e-02,-1.705348403946014557e-01,-1.334577485995799284e+00,-1.317455189959784834e+00,6.387203910786485306e-01,2.196643419135902164e-01,-1.575146224607933521e+00,5.774176121584963933e-02,-2.482415229036441240e-01,-1.124768860239676149e+00,-9.548334129766663514e-01,-4.120472834896483083e-01,-1.325541933798751071e+00,0.000000000000000000e+00,0.000000000000000000e+00,-2.945475981862985648e+00,-1.352414607349271769e+00,-1.068590490645627611e+00,-1.186554065522801987e-01,-1.511813272509272998e+00,-5.181208656627730447e-01,-9.555068114986333683e-01,-3.774647335768301359e-01,-4.668062001933125371e-01,-9.241704559171570743e-01,-9.515480014204554804e-01,-3.669621702617922865e-01,-4.602362970513234064e-01,-5.183686688943279358e-02,-5.183686688943279358e-02,-7.051398600435393460e-01,-1.040941436780788015e-01,-2.030901712371240009e-02,-8.401389803667852485e-02,-3.271524934852403366e-01,1.926060419058570616e+00,-7.103890521813077674e-01,-5.752567881263277033e-02,-3.801429606348526863e-02,-1.147078669352808861e-01,5.843986132174123327e+00,-7.340709118518067011e-02,-7.197411700355742237e-02,-1.244624194945742751e-01,-7.051263942166730025e-02,-2.872721242393142319e-02,-2.030901712371240009e-02,-2.019004323808653023e-01,-1.435916317235476011e-02,-1.435916317235476011e-02,-5.183686688943279358e-02,-3.801429606348527557e-02,-3.801429606348527557e-02,-1.558271304830920190e-01,-4.064318733121485144e-02,-8.148853797899899276e-02,-1.210011918676099085e-01,-5.569323991926412171e-02,-7.051263942166730025e-02,-4.979810447122927364e-02,-3.212131358814808435e-02,-2.030901712371240009e-02,-3.801429606348527557e-02,-6.749673070628271765e-02,-3.519076715388935045e-02,-1.435916317235476185e-02,-3.524455202264515918e-01,-3.753330286669139260e-01,-2.907009498669055336e-01,-4.311306135592269523e-02,-3.519076715388935045e-02,-3.801429606348527557e-02,-1.435916317235476011e-02,-1.286658602907498339e-01,-4.767312946227962589e-02,5.913962991410492975e-01,-2.487592975524973576e-02,-4.967123990818995694e-01,-1.786283982422259831e-01,-4.979810447122926670e-02,5.840947806181536750e-01,-2.030901712371240009e-02,-4.892821642774447533e-01,-1.767766952966368654e-01
-1.131114370712246409e+00,-7.448690342834912714e-02,-5.507016019503075954e-01,-1.284019034700219164e+00,-1.135152723844908840e+00,-7.258504430637744420e-01,-4.966680157416004104e-01,-4.963069089824175273e-01,-6.623362709603883292e-02,-6.302706439077716549e-01,-1.914688277518963089e+00,-6.008461346790693741e-02,-2.353031823252243360e+00,-2.340010815695734880e+00,-3.826319646985255396e+00,-4.454602852105570499e+00,-8.087874538665257296e-01,-1.801752323248414722e+00,-1.236479578871264806e+00,-2.384929742918500128e+00,1.913412609717014545e+00,-6.292804948981121915e-02,3.962018046892561429e-01,-1.268690719052929294e+00,-1.110430955816693599e+00,-1.373514572474397344e+00,-8.078231342445260088e-01,-2.446980507093804713e-01,-3.987608140913966315e-01,4.062674347167165023e-01,2.617621059354920288e+00,0.000000000000000000e+00,0.000000000000000000e+00,1.307170027720357286e+00,4.160901802106137248e-01,4.230452339520751615e-01,-7.359786739963103917e-03,-1.962751626090665447e+00,-1.259038503804387865e+00,-9.555068114986333683e-01,-3.774647335768301359e-01,-4.668062001933125371e-01,-8.206167432695206099e-01,1.630741217101485230e+00,-3.669621702617922865e-01,-4.602362970513234064e-01,-5.183686688943279358e-02,-5.183686688943279358e-02,1.418158377741196352e+00,-1.040941436780788015e-01,-2.030901712371240009e-02,-8.401389803667852485e-02,-3.271524934852403366e-01,-5.191945123345532709e-01,-7.103890521813077674e-01,-5.752567881263277033e-02,-3.801429606348526863e-02,-1.147078669352808861e-01,-1.711160802546210780e-01,-7.340709118518067011e-02,-7.197411700355742237e-02,-1.244624194945742751e-01,-7.051263942166730025e-02,-2.872721242393142319e-02,-2.030901712371240009e-02,-2.019004323808653023e-01,-1.435916317235476011e-02,-1.435916317235476011e-02,-5.183686688943279358e-02,-3.801429606348527557e-02,-3.801429606348527557e-02,-1.558271304830920190e-01,-4.064318733121485144e-02,-8.148853797899899276e-02,-1.210011918676099085e-01,-5.569323991926412171e-02,-7.051263942166730025e-02,-4.979810447122927364e-02,-3.212131358814808435e-02,-2.030901712371240009e-02,-3.801429606348527557e-02,-6.749673070628271765e-02,-3.519076715388935045e-02,-1.435916317235476185e-02,-3.524455202264515918e-01,2.664300564093018409e+00,-2.907009498669055336e-01,-4.311306135592269523e-02,-3.519076715388935045e-02,-3.801429606348527557e-02,-1.435916317235476011e-02,-1.286658602907498339e-01,-4.767312946227962589e-02,5.913962991410492975e-01,-2.487592975524973576e-02,-4.967123990818995694e-01,-1.786283982422259831e-01,-4.979810447122926670e-02,-1.712050908829709783e+00,-2.030901712371240009e-02,-4.892821642774447533e-01,5.656854249492379694e+00
-6.280907741629300212e-01,1.363189363936059939e+00,-5.507016019503075954e-01,-1.284019034700219164e+00,-8.122571133921292486e-01,-1.084473080082267282e+00,1.677823450289539942e+00,-4.963069089824175273e-01,-6.623362709603883292e-02,-6.302706439077716549e-01,-1.596679019610199035e-01,-6.008461346790693741e-02,3.755792196674604400e-01,-9.638086469543123425e-01,1.375120657769531185e+00,-5.082582929031832508e-01,3.195422190618408820e-01,1.000374479875729250e+00,2.846533168424801863e-01,3.726186262622038226e-01,-6.362483984730694930e-02,6.897882347921728829e-01,5.477759211826263019e-01,-6.733486946663216344e-01,-4.598295795089574756e-01,-2.790244349465614282e-01,-2.440887836729143182e-02,7.743313076941197304e-01,-3.161013737165593307e-01,-1.617984762951659716e+00,-5.809668599935657873e-02,0.000000000000000000e+00,0.000000000000000000e+00,2.466982575788541521e+00,1.213393822839661657e-01,7.213723788716157603e-01,-1.344216584720854257e+00,1.149050844843428759e-01,-9.473935815327891308e-02,-7.200041419233935702e-01,9.257960654133498002e-01,-4.668062001933125371e-01,7.812957911571764835e-03,1.161234086461132353e+00,-3.669621702617922865e-01,-4.602362970513234064e-01,-5.183686688943279358e-02,-5.183686688943279358e-02,-7.051398600435393460e-01,-1.040941436780788015e-01,-2.030901712371240009e-02,-8.401389803667852485e-02,-3.271524934852403366e-01,1.926060419058570616e+00,-7.103890521813077674e-01,-5.752567881263277033e-02,-3.801429606348526863e-02,-1.147078669352808861e-01,-1.711160802546210780e-01,-7.340709118518067011e-02,-7.197411700355742237e-02,-1.244624194945742751e-01,-7.051263942166730025e-02,-2.872721242393142319e-02,-2.030901712371240009e-02,-2.019004323808653023e-01,-1.435916317235476011e-02,-1.435916317235476011e-02,-5.183686688943279358e-02,-3.801429606348527557e-02,-3.801429606348527557e-02,-1.558271304830920190e-01,-4.064318733121485144e-02,-8.148853797899899276e-02,-1.210011918676099085e-01,-5.569323991926412171e-02,-7.051263942166730025e-02,-4.979810447122927364e-02,-3.212131358814808435e-02,-2.030901712371240009e-02,-3.801429606348527557e-02,-6.749673070628271765e-02,-3.519076715388935045e-02,-1.435916317235476185e-02,-3.524455202264515918e-01,-3.753330286669139260e-01,3.439961240091715222e+00,-4.311306135592269523e-02,-3.519076715388935045e-02,-3.801429606348527557e-02,-1.435916317235476011e-02,-1.286658602907498339e-01,-4.767312946227962589e-02,-1.690913523558418063e+00,-2.487592975524973576e-02,-4.967123990818995694e-01,5.598214000911362120e+00,-4.979810447122926670e-02,5.840947806181536750e-01,-2.030901712371240009e-02,-4.892821642774447533e-01,-1.767766952966368654e-01
-1.129919646744160511e-01,-5.537123258831522232e-01,-5.507016019503075954e-01,-2.878929612425566442e-01,1.564297179662094972e-01,6.010533139046491113e-01,-4.966680157416004104e-01,-4.963069089824175273e-01,-6.493539992246850634e-01,-6.302706439077716549e-01,4.856488684331381478e-01,1.862399238684066816e-01,-1.996835073298559027e-01,9.962030161860523092e-02,2.196400705888708060e+00,-6.726893162032826501e-01,-8.087874538665257296e-01,-4.940931484571475241e-01,-8.854489106296312695e-01,1.250020380092427885e+00,9.248938849348538049e-01,1.693409947168151630e+00,7.296648609746706482e-01,3.684998480102421037e-01,1.120202334381258824e+00,-5.315990820683696993e-01,-3.601578451718204787e-01,-9.394907950754033399e-01,-7.970290268065223227e-01,5.785442174970039098e-01,9.276940622890612609e-01,0.000000000000000000e+00,0.000000000000000000e+00,9.205658450309623930e-01,7.108409781372613256e-01,7.213723788716157603e-01,5.065641047463246283e-01,9.519802800954314526e-01,1.169513956014681527e-01,-4.845014723481537167e-01,-3.774647335768301359e-01,-4.668062001933125371e-01,-9.574075473606477593e-02,-4.820408707801026038e-01,-3.669621702617922865e-01,-4.602362970513234064e-01,-5.183686688943279358e-02,-5.183686688943279358e-02,1.418158377741196352e+00,-1.040941436780788015e-01,-2.030901712371240009e-02,-8.401389803667852485e-02,-3.271524934852403366e-01,-5.191945123345532709e-01,-7.103890521813077674e-01,-5.752567881263277033e-02,-3.801429606348526863e-02,-1.147078669352808861e-01,-1.711160802546210780e-01,-7.340709118518067011e-02,-7.197411700355742237e-02,-1.244624194945742751e-01,-7.051263942166730025e-02,-2.872721242393142319e-02,-2.030901712371240009e-02,-2.019004323808653023e-01,-1.435916317235476011e-02,-1.435916317235476011e-02,-5.183686688943279358e-02,-3.801429606348527557e-02,-3.801429606348527557e-02,-1.558271304830920190e-01,-4.064318733121485144e-02,-8.148853797899899276e-02,-1.210011918676099085e-01,-5.569323991926412171e-02,-7.051263942166730025e-02,-4.979810447122927364e-02,-3.212131358814808435e-02,-2.030901712371240009e-02,-3.801429606348527557e-02,-6.749673070628271765e-02,-3.519076715388935045e-02,-1.435916317235476185e-02,-3.524455202264515918e-01,-3.753330286669139260e-01,-2.907009498669055336e-01,-4.311306135592269523e-02,-3.519076715388935045e-02,-3.801429606348527557e-02,-1.435916317235476011e-02,-1.286658602907498339e-01,-4.767312946227962589e-02,5.913962991410492975e-01,-2.487592975524973576e-02,-4.967123990818995694e-01,-1.786283982422259831e-01,-4.979810447122926670e-02,5.840947806181536750e-01,-2.030901712371240009e-02,-4.892821642774447533e-01,-1.767766952966368654e-01
8.354911996181784151e-01,-5.537123258831522232e-01,1.953942567429912014e+00,7.082331122151057645e-01,-1.664658924865700940e-01,-7.258504430637744420e-01,-4.966680157416004104e-01,6.573034482162921632e-01,-6.623362709603883292e-02,1.151455984062275117e+00,-1.335712483520466565e+00,-1.784356374822102298e+00,-6.972080279761838639e-01,1.465362846438810485e-01,5.538406096503543097e-01,7.249743818475629098e-01,1.335038924697370621e+00,-5.874973752279523120e-01,-1.209821220145184534e-01,4.143996621588811879e-01,-1.052143564629467676e+00,-1.066549761865789980e+00,4.416740396372672017e-01,-3.443438917158278545e-01,-7.386587407837015284e-01,-2.644978782475312235e-02,8.750744390088503744e-02,-6.152541810379259513e-01,7.284133728382040651e-01,1.009236174447722290e+00,-1.043887434287774418e+00,0.000000000000000000e+00,0.000000000000000000e+00,-1.012455068416011628e+00,-1.647165405275919259e+00,-7.702633457260871230e-01,-4.820028712336683618e-01,-4.449265307767044098e-01,-6.239662425401465429e-01,-7.200041419233935702e-01,-3.774647335768301359e-01,-4.668062001933125371e-01,3.184740958544813871e-01,6.917269558207794766e-01,-3.669621702617922865e-01,-4.602362970513234064e-01,-5.183686688943279358e-02,-5.183686688943279358e-02,-7.051398600435393460e-01,-1.040941436780788015e-01,-2.030901712371240009e-02,-8.401389803667852485e-02,-3.271524934852403366e-01,1.926060419058570616e+00,-7.103890521813077674e-01,-5.752567881263277033e-02,-3.801429606348526863e-02,-1.147078669352808861e-01,-1.711160802546210780e-01,-7.340709118518067011e-02,-7.197411700355742237e-02,-1.244624194945742751e-01,-7.051263942166730025e-02,-2.872721242393142319e-02,-2.030901712371240009e-02,-2.019004323808653023e-01,-1.435916317235476011e-02,-1.435916317235476011e-02,-5.183686688943279358e-02,-3.801429606348527557e-02,-3.801429606348527557e-02,-1.558271304830920190e-01,-4.064318733121485144e-02,-8.148853797899899276e-02,-1.210011918676099085e-01,-5.569323991926412171e-02,-7.051263942166730025e-02,-4.979810447122927364e-02,-3.212131358814808435e-02,-2.030901712371240009e-02,-3.801429606348527557e-02,-6.749673070628271765e-02,-3.519076715388935045e-02,-1.435916317235476185e-02,-3.524455202264515918e-01,-3.753330286669139260e-01,3.439961240091715222e+00,-4.311306135592269523e-02,-3.519076715388935045e-02,-3.801429606348527557e-02,-1.435916317235476011e-02,-1.286658602907498339e-01,-4.767312946227962589e-02,-1.690913523558418063e+00,-2.487592975524973576e-02,2.013237442528823973e+00,-1.786283982422259831e-01,-4.979810447122926670e-02,5.840947806181536750e-01,-2.030901712371240009e-02,-4.892821642774447533e-01,-1.767766952966368654e-01
6.546938332819722817e-01,-5.537123258831522232e-01,-5.507016019503075954e-01,7.082331122151057645e-01,-2.740977626374966336e-01,1.892094807171223358e+00,-4.966680157416004104e-01,-4.963069089824175273e-01,-6.623362709603883292e-02,-6.302706439077716549e-01,8.414777418280475763e-01,-6.008461346790693741e-02,-9.862383907357066826e-02,-1.115016219951357607e-01,-4.499461158286396367e-01,2.316813119472644900e-01,2.067092517690042597e-01,-6.809016019987571555e-01,5.063287134805787709e-02,-2.958779480846334686e-01,-6.362483984730694930e-02,6.897882347921728829e-01,-9.300717146277320824e-01,3.371660572530522093e-01,-1.810004182342134504e-01,6.470826045000689364e-01,1.994237661690613783e-01,2.184971122013014133e-01,7.584713511563268007e-01,1.478522605462855299e-01,-5.809668599935657873e-02,0.000000000000000000e+00,0.000000000000000000e+00,1.473574796521728292e-01,-1.734114156426813935e-01,7.213723788716157603e-01,-3.314264444287687295e-01,-1.692188613941830067e+00,1.387095918129950478e+00,9.285145451032854602e-01,-3.774647335768301359e-01,-4.668062001933125371e-01,-9.574075473606477593e-02,-1.186301566740631808e+00,-3.669621702617922865e-01,-4.602362970513234064e-01,-5.183686688943279358e-02,-5.183686688943279358e-02,-7.051398600435393460e-01,-1.040941436780788015e-01,-2.030901712371240009e-02,-8.401389803667852485e-02,-3.271524934852403366e-01,-5.191945123345532709e-01,1.407679351095596942e+00,-5.752567881263277033e-02,-3.801429606348526863e-02,-1.147078669352808861e-01,-1.711160802546210780e-01,-7.340709118518067011e-02,-7.197411700355742237e-02,-1.244624194945742751e-01,-7.051263942166730025e-02,-2.872721242393142319e-02,-2.030901712371240009e-02,-2.019004323808653023e-01,-1.435916317235476011e-02,-1.435916317235476011e-02,-5.183686688943279358e-02,-3.801429606348527557e-02,-3.801429606348527557e-02,-1.558271304830920190e-01,-4.064318733121485144e-02,-8.148853797899899276e-02,-1.210011918676099085e-01,-5.569323991926412171e-02,-7.051263942166730025e-02,-4.979810447122927364e-02,-3.212131358814808435e-02,-2.030901712371240009e-02,-3.801429606348527557e-02,-6.749673070628271765e-02,-3.519076715388935045e-02,-1.435916317235476185e-02,-3.524455202264515918e-01,-3.753330286669139260e-01,-2.907009498669055336e-01,-4.311306135592269523e-02,-3.519076715388935045e-02,-3.801429606348527557e-02,-1.435916317235476011e-02,-1.286658602907498339e-01,-4.767312946227962589e-02,-1.690913523558418063e+00,-2.487592975524973576e-02,2.013237442528823973e+00,-1.786283982422259831e-01,-4.979810447122926670e-02,5.840947806181536750e-01,-2.030901712371240009e-02,-4.892821642774447533e-01,-1.767766952966368654e-01
-1.554077651335923349e+00,-5.537123258831522232e-01,-5.507016019503075954e-01,-2.878929612425566442e-01,1.923070080165183438e-01,-4.030900697471309080e-01,-4.966680157416004104e-01,-4.963069089824175273e-01,-6.493539992246850634e-01,1.151455984062275117e+00,-2.047370230310285422e+00,6.788889985410339056e-01,2.201028069654832053e-01,1.428906487334752340e+00,2.800805936106286476e-01,6.427588701975132102e-01,-5.831215192808524295e-01,6.267575727925100981e-01,-5.500196054209592900e-01,2.472755185721718374e-01,-6.362483984730694930e-02,-3.138334775838059199e-01,4.000263092983657315e-02,-6.420149039091317400e-01,7.484301193482666426e-01,-2.790244349465614282e-01,-3.601578451718204787e-01,4.964142099477105718e-01,8.261018023721030668e-01,-1.536321093192173082e-01,-5.809668599935657873e-02,0.000000000000000000e+00,0.000000000000000000e+00,1.473574796521728292e-01,1.005591776063908815e+00,-1.068590490645627611e+00,4.803769000846029869e-01,7.301854158153984198e-01,1.069559787497829983e+00,9.285145451032854602e-01,9.257960654133498002e-01,1.696017942249628430e+00,5.255815211497544270e-01,1.161234086461132353e+00,-3.669621702617922865e-01,-4.602362970513234064e-01,-5.183686688943279358e-02,-5.183686688943279358e-02,1.418158377741196352e+00,-1.040941436780788015e-01,-2.030901712371240009e-02,-8.401389803667852485e-02,-3.271524934852403366e-01,-5.191945123345532709e-01,-7.103890521813077674e-01,-5.752567881263277033e-02,-3.801429606348526863e-02,-1.147078669352808861e-01,-1.711160802546210780e-01,-7.340709118518067011e-02,-7.197411700355742237e-02,-1.244624194945742751e-01,-7.051263942166730025e-02,-2.872721242393142319e-02,-2.030901712371240009e-02,-2.019004323808653023e-01,-1.435916317235476011e-02,-1.435916317235476011e-02,-5.183686688943279358e-02,-3.801429606348527557e-02,-3.801429606348527557e-02,-1.558271304830920190e-01,-4.064318733121485144e-02,-8.148853797899899276e-02,-1.210011918676099085e-01,-5.569323991926412171e-02,-7.051263942166730025e-02,-4.979810447122927364e-02,-3.212131358814808435e-02,-2.030901712371240009e-02,-3.801429606348527557e-02,-6.749673070628271765e-02,-3.519076715388935045e-02,-1.435916317235476185e-02,2.837317947345407543e+00,-3.753330286669139260e-01,-2.907009498669055336e-01,-4.311306135592269523e-02,-3.519076715388935045e-02,-3.801429606348527557e-02,-1.435916317235476011e-02,-1.286658602907498339e-01,-4.767312946227962589e-02,5.913962991410492975e-01,-2.487592975524973576e-02,-4.967123990818995694e-01,-1.786283982422259831e-01,-4.979810447122926670e-02,5.840947806181536750e-01,-2.030901712371240009e-02,-4.892821642774447533e-01,-1.767766952966368654e-01
-7.951587888011442118e-01,-5.537123258831522232e-01,-5.507016019503075954e-01,-1.284019034700219164e+00,-1.027520853693982383e+00,-6.899881793619251358e-01,-4.966680157416004104e-01,-4.963069089824175273e-01,-6.493539992246850634e-01,-6.302706439077716549e-01,-2.005153245331228185e+00,4.325644612047202520e-01,-9.862383907357066826e-02,-4.894697796143467755e-02,7.363472870101713808e-01,2.316813119472644900e-01,9.387628447616762351e-02,-2.138804681447331324e-01,-1.053807589815569518e-01,8.015137498546251460e-02,3.600260422021904771e-01,4.388828066981781961e-01,-2.479881904075665333e-01,-4.148449209195049781e-01,4.696009580735226452e-01,-2.790244349465614282e-01,-4.720741674399969168e-01,6.353727588209151511e-01,-6.060855801251639752e-02,1.864467346107001947e-02,3.643850632671082335e-01,0.000000000000000000e+00,0.000000000000000000e+00,5.339616623415676111e-01,4.160901802106137248e-01,1.247180890325345903e-01,1.089884088586174693e+00,3.659614572044147973e+00,3.286421493562152185e-01,1.399519884253765056e+00,-3.774647335768301359e-01,-4.668062001933125371e-01,1.457564934978483384e+00,1.865494782421661668e+00,-3.669621702617922865e-01,-4.602362970513234064e-01,-5.183686688943279358e-02,-5.183686688943279358e-02,1.418158377741196352e+00,-1.040941436780788015e-01,-2.030901712371240009e-02,-8.401389803667852485e-02,-3.271524934852403366e-01,-5.191945123345532709e-01,-7.103890521813077674e-01,-5.752567881263277033e-02,-3.801429606348526863e-02,-1.147078669352808861e-01,-1.711160802546210780e-01,-7.340709118518067011e-02,-7.197411700355742237e-02,-1.244624194945742751e-01,-7.051263942166730025e-02,-2.872721242393142319e-02,-2.030901712371240009e-02,-2.019004323808653023e-01,-1.435916317235476011e-02,-1.435916317235476011e-02,-5.183686688943279358e-02,-3.801429606348527557e-02,-3.801429606348527557e-02,-1.558271304830920190e-01,-4.064318733121485144e-02,-8.148853797899899276e-02,-1.210011918676099085e-01,-5.569323991926412171e-02,-7.051263942166730025e-02,-4.979810447122927364e-02,-3.212131358814808435e-02,-2.030901712371240009e-02,-3.801429606348527557e-02,-6.749673070628271765e-02,-3.519076715388935045e-02,-1.435916317235476185e-02,2.837317947345407543e+00,-3.753330286669139260e-01,-2.907009498669055336e-01,-4.311306135592269523e-02,-3.519076715388935045e-02,-3.801429606348527557e-02,-1.435916317235476011e-02,-1.286658602907498339e-01,-4.767312946227962589e-02,5.913962991410492975e-01,-2.487592975524973576e-02,-4.967123990818995694e-01,-1.786283982422259831e-01,-4.979810447122926670e-02,5.840947806181536750e-01,-2.030901712371240009e-02,-4.892821642774447533e-01,-1.767766952966368654e-01
8.875965705201956935e-01,-7.448690342834912714e-02,-5.507016019503075954e-01,7.082331122151057645e-01,4.075707483183714230e-01,-6.899881793619251358e-01,-4.966680157416004104e-01,6.573034482162921632e-01,5.168867450326074531e-01,-6.302706439077716549e-01,-2.017215241039530760e+00,6.788889985410339056e-01,8.964252022190848379e-01,7.955407164935289765e-01,6.320577570903027943e-03,4.783278468974136999e-01,-6.959544865736890795e-01,3.465448924800957342e-01,-8.776482291131505464e-01,9.575531288156864385e-01,-4.872757218968044035e-01,-6.292804948981121915e-02,1.373854856071493380e+00,-3.835111301623150837e-01,-5.527726332672054932e-01,-1.205131474393191793e+00,-1.363252006354677692e-01,-1.263727409112880729e+00,-3.161013737165593307e-01,-2.436299481158024527e+00,-7.622329347767978769e-01,0.000000000000000000e+00,0.000000000000000000e+00,-2.392467030372219805e-01,1.213393822839661657e-01,-7.702633457260871230e-01,-1.187093356750524187e+00,3.761153011514902222e-01,2.227967724788416926e-01,-1.349613319767399566e-02,-3.774647335768301359e-01,-4.668062001933125371e-01,-1.027724168564793761e+00,-9.515480014204554804e-01,-3.669621702617922865e-01,-4.602362970513234064e-01,-5.183686688943279358e-02,-5.183686688943279358e-02,1.418158377741196352e+00,-1.040941436780788015e-01,-2.030901712371240009e-02,-8.401389803667852485e-02,-3.271524934852403366e-01,-5.191945123345532709e-01,-7.103890521813077674e-01,-5.752567881263277033e-02,-3.801429606348526863e-02,-1.147078669352808861e-01,-1.711160802546210780e-01,-7.340709118518067011e-02,-7.197411700355742237e-02,-1.244624194945742751e-01,-7.051263942166730025e-02,-2.872721242393142319e-02,-2.030901712371240009e-02,-2.019004323808653023e-01,-1.435916317235476011e-02,-1.435916317235476011e-02,-5.183686688943279358e-02,-3.801429606348527557e-02,-3.801429606348527557e-02,-1.558271304830920190e-01,2.460436953063419452e+01,-8.148853797899899276e-02,-1.210011918676099085e-01,-5.569323991926412171e-02,-7.051263942166730025e-02,-4.979810447122927364e-02,-3.212131358814808435e-02,-2.030901712371240009e-02,-3.801429606348527557e-02,-6.749673070628271765e-02,-3.519076715388935045e-02,-1.435916317235476185e-02,-3.524455202264515918e-01,-3.753330286669139260e-01,-2.907009498669055336e-01,-4.311306135592269523e-02,-3.519076715388935045e-02,-3.801429606348527557e-02,-1.435916317235476011e-02,-1.286658602907498339e-01,-4.767312946227962589e-02,5.913962991410492975e-01,-2.487592975524973576e-02,-4.967123990818995694e-01,-1.786283982422259831e-01,-4.979810447122926670e-02,5.840947806181536750e-01,-2.030901712371240009e-02,-4.892821642774447533e-01,-1.767766952966368654e-01
8.881296389847638528e-02,-5.537123258831522232e-01,4.511560658017802483e-01,7.082331122151057645e-01,3.716934582680625487e-01,7.803646324138955315e-01,-4.966680157416004104e-01,-4.963069089824175273e-01,-6.493539992246850634e-01,5.575471080722594897e-01,8.414777418280475763e-01,-6.008461346790693741e-02,8.017403553370337776e-02,-2.366109100625379269e-01,9.757391625081156261e-02,-2.616117579530339854e-01,-4.702885519880157239e-01,-1.204762413739283167e-01,7.370928447983632337e-01,6.233048416422678484e-01,-6.362483984730694930e-02,-3.138334775838059199e-01,2.446276881958862337e-01,3.949504505974839319e-02,3.766579043152746276e-01,-1.106413368653558910e-01,-2.482415229036441240e-01,4.500946936566423418e-01,6.713784983950497887e-02,8.800285873625066646e-01,3.643850632671082335e-01,0.000000000000000000e+00,0.000000000000000000e+00,1.473574796521728292e-01,-1.734114156426813935e-01,-4.719362008065465242e-01,1.180884624785657699e+00,1.740287327837717557e+00,1.175405164375203482e+00,2.341530562554724693e+00,-3.774647335768301359e-01,1.696017942249628430e+00,1.664672360273756535e+00,6.917269558207794766e-01,9.137094037957288473e-01,3.938987894073740392e+00,-5.183686688943279358e-02,-5.183686688943279358e-02,-7.051398600435393460e-01,-1.040941436780788015e-01,-2.030901712371240009e-02,1.190279255419648408e+01,-3.271524934852403366e-01,-5.191945123345532709e-01,-7.103890521813077674e-01,-5.752567881263277033e-02,-3.801429606348526863e-02,-1.147078669352808861e-01,-1.711160802546210780e-01,-7.340709118518067011e-02,-7.197411700355742237e-02,-1.244624194945742751e-01,-7.051263942166730025e-02,-2.872721242393142319e-02,-2.030901712371240009e-02,-2.019004323808653023e-01,-1.435916317235476011e-02,-1.435916317235476011e-02,-5.183686688943279358e-02,-3.801429606348527557e-02,-3.801429606348527557e-02,-1.558271304830920190e-01,-4.064318733121485144e-02,-8.148853797899899276e-02,-1.210011918676099085e-01,-5.569323991926412171e-02,-7.051263942166730025e-02,-4.979810447122927364e-02,-3.212131358814808435e-02,-2.030901712371240009e-02,-3.801429606348527557e-02,-6.749673070628271765e-02,-3.519076715388935045e-02,-1.435916317235476185e-02,-3.524455202264515918e-01,-3.753330286669139260e-01,-2.907009498669055336e-01,-4.311306135592269523e-02,-3.519076715388935045e-02,-3.801429606348527557e-02,-1.435916317235476011e-02,-1.286658602907498339e-01,-4.767312946227962589e-02,5.913962991410492975e-01,-2.487592975524973576e-02,-4.967123990818995694e-01,-1.786283982422259831e-01,-4.979810447122926670e-02,-1.712050908829709783e+00,-2.030901712371240009e-02,2.043810449286999731e+00,-1.767766952966368654e-01
-4.807070107543667814e-01,8.839639414812570095e-01,4.959515570686175323e+00,7.082331122151057645e-01,-2.740977626374966336e-01,2.725709467506052044e-02,1.677823450289539942e+00,1.810913805415002020e+00,-6.493539992246850634e-01,2.933182612032321668e+00,8.414777418280475763e-01,-5.527336881405341407e-01,-3.240646374914379901e-01,1.778136066607315935e-01,-4.499461158286396367e-01,3.961123352473639447e-01,8.837070555260241322e-01,1.000374479875729250e+00,-1.911882556628450303e-01,-1.131498666018180055e+00,-4.872757218968044035e-01,-3.138334775838059199e-01,-9.452291262770691205e-01,-1.394025882081688872e+00,-7.386587407837015284e-01,-1.948328859059586526e-01,1.430503311119001530e+00,4.500946936566423418e-01,1.194312036769105800e+00,-1.967013050142891462e-01,-4.805784352658213909e-01,0.000000000000000000e+00,0.000000000000000000e+00,-2.392467030372219805e-01,-4.681622135693289666e-01,-4.719362008065465242e-01,-9.350415118814532356e-01,2.872575468878785926e-02,-6.239662425401465429e-01,-7.200041419233935702e-01,-3.774647335768301359e-01,-4.668062001933125371e-01,-3.028481800313378436e-01,-7.167944361002790421e-01,-3.669621702617922865e-01,-4.602362970513234064e-01,-5.183686688943279358e-02,-5.183686688943279358e-02,-7.051398600435393460e-01,-1.040941436780788015e-01,-2.030901712371240009e-02,-8.401389803667852485e-02,-3.271524934852403366e-01,-5.191945123345532709e-01,1.407679351095596942e+00,-5.752567881263277033e-02,-3.801429606348526863e-02,-1.147078669352808861e-01,-1.711160802546210780e-01,-7.340709118518067011e-02,-7.197411700355742237e-02,-1.244624194945742751e-01,-7.051263942166730025e-02,-2.872721242393142319e-02,-2.030901712371240009e-02,-2.019004323808653023e-01,-1.435916317235476011e-02,-1.435916317235476011e-02,-5.183686688943279358e-02,-3.801429606348527557e-02,-3.801429606348527557e-02,-1.558271304830920190e-01,-4.064318733121485144e-02,-8.148853797899899276e-02,-1.210011918676099085e-01,-5.569323991926412171e-02,-7.051263942166730025e-02,-4.979810447122927364e-02,-3.212131358814808435e-02,-2.030901712371240009e-02,-3.801429606348527557e-02,-6.749673070628271765e-02,-3.519076715388935045e-02,-1.435916317235476185e-02,-3.524455202264515918e-01,-3.753330286669139260e-01,-2.907009498669055336e-01,-4.311306135592269523e-02,-3.519076715388935045e-02,-3.801429606348527557e-02,-1.435916317235476011e-02,-1.286658602907498339e-01,-4.767312946227962589e-02,5.913962991410492975e-01,-2.487592975524973576e-02,-4.967123990818995694e-01,-1.786283982422259831e-01,-4.979810447122926670e-02,-1.712050908829709783e+00,-2.030901712371240009e-02,2.043810449286999731e+00,-1.767766952966368654e-01
-2.569020366895115037e-01,-5.537123258831522232e-01,-4.977276807426366662e-02,-2.878929612425566442e-01,-5.969933730902762248e-01,-9.768862889767194746e-01,-4.966680157416004104e-01,6.573034482162921632e-01,-6.493539992246850634e-01,-6.302706439077716549e-01,-1.450301442749335479e+00,1.862399238684066816e-01,-1.297191216139661762e-01,9.988433096030571168e-01,-8.493276110900550846e-02,6.427588701975132102e-01,-1.895668281666913063e-02,-1.101220622467378840e+00,-8.230434584977852630e-01,-2.958779480846334686e-01,-6.362483984730694930e-02,-6.292804948981121915e-02,-4.980854826216272735e-01,-1.832698952682347393e+00,-1.761032332124429667e+00,-1.106413368653558910e-01,1.878168600191707061e+00,-1.773242088314630704e+00,-1.202811734101178587e+00,-2.436299481158024527e+00,-5.809668599935657873e-02,0.000000000000000000e+00,0.000000000000000000e+00,1.473574796521728292e-01,1.213393822839661657e-01,-7.702633457260871230e-01,4.751394591522586364e-01,-1.732940079969185421e+00,3.286421493562152185e-01,-4.845014723481537167e-01,-3.774647335768301359e-01,-4.668062001933125371e-01,-1.027724168564793761e+00,-1.421055132060808246e+00,-3.669621702617922865e-01,-4.602362970513234064e-01,-5.183686688943279358e-02,-5.183686688943279358e-02,1.418158377741196352e+00,-1.040941436780788015e-01,-2.030901712371240009e-02,-8.401389803667852485e-02,-3.271524934852403366e-01,-5.191945123345532709e-01,-7.103890521813077674e-01,-5.752567881263277033e-02,-3.801429606348526863e-02,-1.147078669352808861e-01,-1.711160802546210780e-01,-7.340709118518067011e-02,-7.197411700355742237e-02,-1.244624194945742751e-01,1.418185460368283479e+01,-2.872721242393142319e-02,-2.030901712371240009e-02,-2.019004323808653023e-01,-1.435916317235476011e-02,-1.435916317235476011e-02,-5.183686688943279358e-02,-3.801429606348527557e-02,-3.801429606348527557e-02,-1.558271304830920190e-01,-4.064318733121485144e-02,-8.148853797899899276e-02,-1.210011918676099085e-01,-5.569323991926412171e-02,-7.051263942166730025e-02,-4.979810447122927364e-02,-3.212131358814808435e-02,-2.030901712371240009e-02,-3.801429606348527557e-02,-6.749673070628271765e-02,-3.519076715388935045e-02,-1.435916317235476185e-02,-3.524455202264515918e-01,-3.753330286669139260e-01,-2.907009498669055336e-01,-4.311306135592269523e-02,-3.519076715388935045e-02,-3.801429606348527557e-02,-1.435916317235476011e-02,-1.286658602907498339e-01,-4.767312946227962589e-02,5.913962991410492975e-01,-2.487592975524973576e-02,-4.967123990818995694e-01,-1.786283982422259831e-01,-4.979810447122926670e-02,5.840947806181536750e-01,-2.030901712371240009e-02,-4.892821642774447533e-01,-1.767766952966368654e-01
7.235060056478110901e-01,-5.537123258831522232e-01,-5.507016019503075954e-01,7.082331122151057645e-01,1.923070080165183438e-01,9.238136872212926454e-01,-4.966680157416004104e-01,-4.963069089824175273e-01,-6.493539992246850634e-01,-3.636176791775609651e-02,8.414777418280475763e-01,4.325644612047202520e-01,-1.530405835192626407e-01,-1.096737265525927096e+00,3.713339322905371831e-01,-3.438272696030836850e-01,-1.317896501095057737e-01,1.000374479875729250e+00,-4.408100641902288896e-01,-1.705348403946014557e-01,3.600260422021904771e-01,4.388828066981781961e-01,-5.359790117449699798e-01,-2.033418333084732466e-01,6.554870655900186804e-01,5.774176121584963933e-02,8.750744390088503744e-02,5.890532425298469210e-01,2.023987522710571918e-01,5.785442174970039098e-01,3.643850632671082335e-01,0.000000000000000000e+00,0.000000000000000000e+00,5.339616623415676111e-01,4.160901802106137248e-01,4.230452339520751615e-01,2.481734016356681671e+00,2.034232328690773528e+00,8.578690337430828761e-01,1.635022553829005076e+00,-3.774647335768301359e-01,1.696017942249628430e+00,2.078887210864302393e+00,2.804509043702367421e+00,2.194380977853250148e+00,-4.602362970513234064e-01,-5.183686688943279358e-02,-5.183686688943279358e-02,-7.051398600435393460e-01,-1.040941436780788015e-01,-2.030901712371240009e-02,-8.401389803667852485e-02,-3.271524934852403366e-01,-5.191945123345532709e-01,1.407679351095596942e+00,-5.752567881263277033e-02,-3.801429606348526863e-02,-1.147078669352808861e-01,-1.711160802546210780e-01,-7.340709118518067011e-02,-7.197411700355742237e-02,-1.244624194945742751e-01,-7.051263942166730025e-02,-2.872721242393142319e-02,-2.030901712371240009e-02,-2.019004323808653023e-01,-1.435916317235476011e-02,-1.435916317235476011e-02,-5.183686688943279358e-02,-3.801429606348527557e-02,-3.801429606348527557e-02,-1.558271304830920190e-01,-4.064318733121485144e-02,-8.148853797899899276e-02,-1.210011918676099085e-01,-5.569323991926412171e-02,-7.051263942166730025e-02,-4.979810447122927364e-02,-3.212131358814808435e-02,-2.030901712371240009e-02,-3.801429606348527557e-02,-6.749673070628271765e-02,-3.519076715388935045e-02,-1.435916317235476185e-02,-3.524455202264515918e-01,-3.753330286669139260e-01,-2.907009498669055336e-01,-4.311306135592269523e-02,-3.519076715388935045e-02,-3.801429606348527557e-02,-1.435916317235476011e-02,-1.286658602907498339e-01,-4.767312946227962589e-02,-1.690913523558418063e+00,-2.487592975524973576e-02,2.013237442528823973e+00,-1.786283982422259831e-01,-4.979810447122926670e-02,5.840947806181536750e-01,-2.030901712371240009e-02,-4.892821642774447533e-01,-1.767766952966368654e-01
2.219711339814095241e-01,-7.448690342834912714e-02,9.520848996778241702e-01,7.082331122151057645e-01,-7.405025332915116110e-01,-2.955032786415830448e-01,-4.966680157416004104e-01,1.810913805415002020e+00,-6.623362709603883292e-02,1.184181575188255486e+01,8.414777418280475763e-01,-5.527336881405341407e-01,-5.572792565444040225e-01,-2.678882320793884997e-01,-8.493276110900550846e-02,3.961123352473639447e-01,-3.574555846951790183e-01,2.998427790946933125e-01,4.640689917215374827e-01,-7.136883070514067340e-01,-4.872757218968044035e-01,-5.647389056778006067e-01,-1.005858772874417273e+00,1.034342901600527220e+00,6.554870655900186804e-01,9.838488006624800386e-01,-1.363252006354677692e-01,2.648166284923695879e-01,2.622066006879933742e+00,1.181512957228009419e+00,-4.805784352658213909e-01,0.000000000000000000e+00,0.000000000000000000e+00,-2.392467030372219805e-01,-7.629130114959765674e-01,-1.736090558870059808e-01,-2.634551011971131285e-02,-1.246594714921402280e+00,-3.064301119080259928e-01,2.220065363775658440e-01,-3.774647335768301359e-01,1.696017942249628430e+00,9.397963717403006179e-01,-1.655808697380984684e+00,-3.669621702617922865e-01,-4.602362970513234064e-01,-5.183686688943279358e-02,-5.183686688943279358e-02,-7.051398600435393460e-01,-1.040941436780788015e-01,-2.030901712371240009e-02,-8.401389803667852485e-02,-3.271524934852403366e-01,-5.191945123345532709e-01,1.407679351095596942e+00,-5.752567881263277033e-02,-3.801429606348526863e-02,-1.147078669352808861e-01,-1.711160802546210780e-01,-7.340709118518067011e-02,-7.197411700355742237e-02,-1.244624194945742751e-01,-7.051263942166730025e-02,-2.872721242393142319e-02,-2.030901712371240009e-02,-2.019004323808653023e-01,-1.435916317235476011e-02,-1.435916317235476011e-02,-5.183686688943279358e-02,-3.801429606348527557e-02,-3.801429606348527557e-02,-1.558271304830920190e-01,-4.064318733121485144e-02,-8.148853797899899276e-02,-1.210011918676099085e-01,-5.569323991926412171e-02,-7.051263942166730025e-02,-4.979810447122927364e-02,-3.212131358814808435e-02,-2.030901712371240009e-02,-3.801429606348527557e-02,-6.749673070628271765e-02,-3.519076715388935045e-02,-1.435916317235476185e-02,-3.524455202264515918e-01,-3.753330286669139260e-01,-2.907009498669055336e-01,-4.311306135592269523e-02,-3.519076715388935045e-02,-3.801429606348527557e-02,-1.435916317235476011e-02,-1.286658602907498339e-01,-4.767312946227962589e-02,5.913962991410492975e-01,-2.487592975524973576e-02,-4.967123990818995694e-01,-1.786283982422259831e-01,-4.979810447122926670e-02,5.840947806181536750e-01,-2.030901712371240009e-02,-4.892821642774447533e-01,-1.767766952966368654e-01
6.315358906588535159e-01,-5.537123258831522232e-01,-5.507016019503075954e-01,-1.284019034700219164e+00,-1.135152723844908840e+00,-4.748145971508294649e-01,-4.966680157416004104e-01,-4.963069089824175273e-01,-6.493539992246850634e-01,-3.636176791775609651e-02,-1.281433502833107418e+00,1.171538073213661102e+00,-9.692917502046441980e-01,-1.518981112753408969e+00,4.625872709704457186e-01,-3.438272696030836850e-01,3.195422190618408820e-01,-1.801752323248414722e+00,-1.236479578871264806e+00,-1.340403845501566771e+00,1.489761727667517022e+00,-6.292804948981121915e-02,-1.399951475757179598e+00,-3.991780255409100309e-01,-8.805736447596543282e-02,2.246722036271521450e+00,-8.078231342445260088e-01,1.515443568351210635e+00,-2.108984496031298117e-01,5.785442174970039098e-01,1.913484810577479101e+00,0.000000000000000000e+00,0.000000000000000000e+00,1.307170027720357286e+00,1.005591776063908815e+00,4.230452339520751615e-01,1.080718566954572246e+00,2.217941757036359096e-01,1.916322802516818191e+00,2.106027892979484673e+00,9.257960654133498002e-01,1.696017942249628430e+00,-1.131277881212430225e+00,-1.421055132060808246e+00,-3.669621702617922865e-01,-4.602362970513234064e-01,-5.183686688943279358e-02,-5.183686688943279358e-02,1.418158377741196352e+00,-1.040941436780788015e-01,-2.030901712371240009e-02,-8.401389803667852485e-02,-3.271524934852403366e-01,-5.191945123345532709e-01,-7.103890521813077674e-01,-5.752567881263277033e-02,-3.801429606348526863e-02,-1.147078669352808861e-01,-1.711160802546210780e-01,-7.340709118518067011e-02,-7.197411700355742237e-02,-1.244624194945742751e-01,-7.051263942166730025e-02,-2.872721242393142319e-02,-2.030901712371240009e-02,-2.019004323808653023e-01,-1.435916317235476011e-02,-1.435916317235476011e-02,-5.183686688943279358e-02,-3.801429606348527557e-02,-3.801429606348527557e-02,-1.558271304830920190e-01,-4.064318733121485144e-02,-8.148853797899899276e-02,-1.210011918676099085e-01,-5.569323991926412171e-02,-7.051263942166730025e-02,-4.979810447122927364e-02,-3.212131358814808435e-02,-2.030901712371240009e-02,-3.801429606348527557e-02,-6.749673070628271765e-02,-3.519076715388935045e-02,-1.435916317235476185e-02,-3.524455202264515918e-01,2.664300564093018409e+00,-2.907009498669055336e-01,-4.311306135592269523e-02,-3.519076715388935045e-02,-3.801429606348527557e-02,-1.435916317235476011e-02,-1.286658602907498339e-01,-4.767312946227962589e-02,5.913962991410492975e-01,-2.487592975524973576e-02,-4.967123990818995694e-01,-1.786283982422259831e-01,-4.979810447122926670e-02,5.840947806181536750e-01,-2.030901712371240009e-02,-4.892821642774447533e-01,-1.767766952966368654e-01
-1.296528246591666322e+00,-5.537123258831522232e-01,-5.507016019503075954e-01,-1.284019034700219164e+00,-1.027520853693982383e+00,-5.465391245545280219e-01,-4.966680157416004104e-01,-4.963069089824175273e-01,-6.493539992246850634e-01,-6.302706439077716549e-01,-6.119927410223455766e-01,9.252135358773474483e-01,8.653299196786893299e-01,-1.584176050204115782e-01,4.625872709704457186e-01,-6.726893162032826501e-01,2.067092517690042597e-01,-2.605825815301355264e-01,1.052376419634231258e-01,1.166458308299073154e+00,2.478280452449677540e+00,1.693409947168151630e+00,-1.797798379855501116e-01,4.546677725925142299e-01,7.484301193482666426e-01,8.154657025812744875e-01,-2.440887836729143182e-02,-1.773242088314630704e+00,-1.202811734101178587e+00,-6.749371792907364609e-02,2.617621059354920288e+00,0.000000000000000000e+00,0.000000000000000000e+00,1.307170027720357286e+00,1.595093371917204017e+00,1.318026668710696736e+00,-4.990245542637874454e-01,6.680561315441843062e-01,-5.181208656627730447e-01,-4.845014723481537167e-01,-3.774647335768301359e-01,-4.668062001933125371e-01,-9.241704559171570743e-01,-4.820408707801026038e-01,-3.669621702617922865e-01,-4.602362970513234064e-01,-5.183686688943279358e-02,-5.183686688943279358e-02,1.418158377741196352e+00,-1.040941436780788015e-01,-2.030901712371240009e-02,-8.401389803667852485e-02,-3.271524934852403366e-01,-5.191945123345532709e-01,-7.103890521813077674e-01,-5.752567881263277033e-02,-3.801429606348526863e-02,-1.147078669352808861e-01,-1.711160802546210780e-01,-7.340709118518067011e-02,-7.197411700355742237e-02,-1.244624194945742751e-01,-7.051263942166730025e-02,-2.872721242393142319e-02,-2.030901712371240009e-02,-2.019004323808653023e-01,-1.435916317235476011e-02,-1.435916317235476011e-02,-5.183686688943279358e-02,-3.801429606348527557e-02,-3.801429606348527557e-02,-1.558271304830920190e-01,-4.064318733121485144e-02,-8.148853797899899276e-02,-1.210011918676099085e-01,-5.569323991926412171e-02,-7.051263942166730025e-02,-4.979810447122927364e-02,-3.212131358814808435e-02,-2.030901712371240009e-02,-3.801429606348527557e-02,-6.749673070628271765e-02,-3.519076715388935045e-02,-1.435916317235476185e-02,2.837317947345407543e+00,-3.753330286669139260e-01,-2.907009498669055336e-01,-4.311306135592269523e-02,-3.519076715388935045e-02,-3.801429606348527557e-02,-1.435916317235476011e-02,-1.286658602907498339e-01,-4.767312946227962589e-02,5.913962991410492975e-01,-2.487592975524973576e-02,-4.967123990818995694e-01,-1.786283982422259831e-01,-4.979810447122926670e-02,-1.712050908829709783e+00,-2.030901712371240009e-02,-4.892821642774447533e-01,5.656854249492379694e+00
1.653793643593669316e+00,-5.537123258831522232e-01,-5.507016019503075954e-01,-1.284019034700219164e+00,-1.063398143744291202e+00,-1.120335343784116588e+00,5.905777172739697933e-01,-4.963069089824175273e-01,-6.493539992246850634e-01,-6.302706439077716549e-01,-2.035308234601983290e+00,1.862399238684066816e-01,8.497822784084918535e-01,8.815533520398680656e-01,8.276006256900798608e-01,-1.793962463029842302e-01,-2.446226174023423960e-01,1.130343255530836949e-01,8.775051120950166927e-01,1.793173846749233080e+00,-1.052143564629467676e+00,-1.317455189959784834e+00,-8.125666226485961374e-02,4.781681156604068450e-01,-6.457156870254534553e-01,8.154657025812744875e-01,-6.959068119763496263e-01,-8.468517624932668797e-01,-8.045435213860530066e-01,7.077518045822193127e-01,-1.043887434287774418e+00,0.000000000000000000e+00,0.000000000000000000e+00,-1.012455068416011628e+00,-7.629130114959765674e-01,-1.366917635565168210e+00,9.491278635294208010e-01,-9.780358732329283988e-01,-1.047347750049640647e+00,-2.489988027729138353e-01,-3.774647335768301359e-01,-4.668062001933125371e-01,4.220278085021179071e-01,-1.253374013974976713e-02,9.137094037957288473e-01,-4.602362970513234064e-01,-5.183686688943279358e-02,-5.183686688943279358e-02,-7.051398600435393460e-01,-1.040941436780788015e-01,-2.030901712371240009e-02,-8.401389803667852485e-02,-3.271524934852403366e-01,1.926060419058570616e+00,-7.103890521813077674e-01,-5.752567881263277033e-02,-3.801429606348526863e-02,-1.147078669352808861e-01,-1.711160802546210780e-01,-7.340709118518067011e-02,-7.197411700355742237e-02,-1.244624194945742751e-01,-7.051263942166730025e-02,-2.872721242393142319e-02,-2.030901712371240009e-02,4.952936396459016066e+00,-1.435916317235476011e-02,-1.435916317235476011e-02,-5.183686688943279358e-02,-3.801429606348527557e-02,-3.801429606348527557e-02,-1.558271304830920190e-01,-4.064318733121485144e-02,-8.148853797899899276e-02,-1.210011918676099085e-01,-5.569323991926412171e-02,-7.051263942166730025e-02,-4.979810447122927364e-02,-3.212131358814808435e-02,-2.030901712371240009e-02,-3.801429606348527557e-02,-6.749673070628271765e-02,-3.519076715388935045e-02,-1.435916317235476185e-02,-3.524455202264515918e-01,-3.753330286669139260e-01,-2.907009498669055336e-01,-4.311306135592269523e-02,-3.519076715388935045e-02,-3.801429606348527557e-02,-1.435916317235476011e-02,-1.286658602907498339e-01,-4.767312946227962589e-02,5.913962991410492975e-01,-2.487592975524973576e-02,-4.967123990818995694e-01,-1.786283982422259831e-01,-4.979810447122926670e-02,5.840947806181536750e-01,-2.030901712371240009e-02,-4.892821642774447533e-01,-1.767766952966368654e-01
1.591138611472299180e-01,-5.537123258831522232e-01,9.520848996778241702e-01,-1.284019034700219164e+00,-1.099275433794600021e+00,-1.012748552678568670e+00,-4.966680157416004104e-01,6.573034482162921632e-01,-6.493539992246850634e-01,-3.636176791775609651e-02,-8.592636530425367125e-01,-6.008461346790693741e-02,4.377697847482514559e-01,-1.135833918046990076e+00,3.930214140806969958e+00,-3.056939154054725272e+00,3.591698270554103622e+00,-1.801752323248414722e+00,-1.236479578871264806e+00,-2.384929742918500128e+00,7.836769242516878897e-01,1.191599090980162368e+00,-1.646224263362130735e-01,1.104843930804204399e+00,-5.527726332672054932e-01,5.628910554594662718e-01,-2.440887836729143182e-02,4.500946936566423418e-01,-4.137898032504579993e-01,1.864467346107001947e-02,9.276940622890612609e-01,0.000000000000000000e+00,0.000000000000000000e+00,9.205658450309623930e-01,1.300342573990556527e+00,1.318026668710696736e+00,2.043098338272843595e+00,-8.698106683733942690e-01,2.227967724788416926e-01,-1.349613319767399566e-02,9.257960654133498002e-01,1.696017942249628430e+00,1.113666705592083056e-01,-1.253374013974976713e-02,-3.669621702617922865e-01,-4.602362970513234064e-01,-5.183686688943279358e-02,-5.183686688943279358e-02,-7.051398600435393460e-01,-1.040941436780788015e-01,-2.030901712371240009e-02,-8.401389803667852485e-02,-3.271524934852403366e-01,1.926060419058570616e+00,-7.103890521813077674e-01,-5.752567881263277033e-02,-3.801429606348526863e-02,-1.147078669352808861e-01,-1.711160802546210780e-01,-7.340709118518067011e-02,-7.197411700355742237e-02,-1.244624194945742751e-01,-7.051263942166730025e-02,-2.872721242393142319e-02,-2.030901712371240009e-02,-2.019004323808653023e-01,-1.435916317235476011e-02,-1.435916317235476011e-02,-5.183686688943279358e-02,-3.801429606348527557e-02,-3.801429606348527557e-02,-1.558271304830920190e-01,-4.064318733121485144e-02,-8.148853797899899276e-02,-1.210011918676099085e-01,-5.569323991926412171e-02,-7.051263942166730025e-02,-4.979810447122927364e-02,-3.212131358814808435e-02,-2.030901712371240009e-02,-3.801429606348527557e-02,-6.749673070628271765e-02,-3.519076715388935045e-02,-1.435916317235476185e-02,-3.524455202264515918e-01,-3.753330286669139260e-01,3.439961240091715222e+00,-4.311306135592269523e-02,-3.519076715388935045e-02,-3.801429606348527557e-02,-1.435916317235476011e-02,-1.286658602907498339e-01,-4.767312946227962589e-02,5.913962991410492975e-01,-2.487592975524973576e-02,-4.967123990818995694e-01,-1.786283982422259831e-01,-4.979810447122926670e-02,5.840947806181536750e-01,-2.030901712371240009e-02,-4.892821642774447533e-01,-1.767766952966368654e-01
-1.631123690658803083e-01,1.363189363936059939e+00,-5.507016019503075954e-01,7.082331122151057645e-01,8.380982289220775261e-01,8.162268961157447267e-01,5.905777172739697933e-01,-4.963069089824175273e-01,5.168867450326074531e-01,-6.302706439077716549e-01,8.414777418280475763e-01,-2.030680912158415730e+00,8.575560990435905362e-01,1.256881216242073940e+00,7.363472870101713808e-01,5.605433585474633995e-01,-1.895668281666913063e-02,1.280587160188143780e+00,-1.989889371793257811e-01,-3.410696807892142027e-03,-1.334577485995799284e+00,-1.819266046147774096e+00,-3.010391311802462777e-01,3.371660572530522093e-01,9.343162268647626778e-01,-9.525568272713834661e-01,3.113400884372377608e-01,-2.446980507093804713e-01,-2.184129441826604956e-01,-9.288776318305103086e-01,-1.607196433309727501e+00,0.000000000000000000e+00,0.000000000000000000e+00,-2.558871799173590755e+00,-1.647165405275919259e+00,-1.963571925404249408e+00,8.036734887680448136e-02,-1.459036783719747099e+00,-9.415023731722672595e-01,-4.845014723481537167e-01,-3.774647335768301359e-01,1.696017942249628430e+00,-1.027724168564793761e+00,-7.167944361002790421e-01,-3.669621702617922865e-01,-4.602362970513234064e-01,-5.183686688943279358e-02,-5.183686688943279358e-02,-7.051398600435393460e-01,-1.040941436780788015e-01,-2.030901712371240009e-02,-8.401389803667852485e-02,-3.271524934852403366e-01,-5.191945123345532709e-01,1.407679351095596942e+00,-5.752567881263277033e-02,-3.801429606348526863e-02,-1.147078669352808861e-01,-1.711160802546210780e-01,-7.340709118518067011e-02,-7.197411700355742237e-02,-1.244624194945742751e-01,-7.051263942166730025e-02,-2.872721242393142319e-02,-2.030901712371240009e-02,-2.019004323808653023e-01,-1.435916317235476011e-02,-1.435916317235476011e-02,-5.183686688943279358e-02,-3.801429606348527557e-02,-3.801429606348527557e-02,-1.558271304830920190e-01,-4.064318733121485144e-02,-8.148853797899899276e-02,-1.210011918676099085e-01,-5.569323991926412171e-02,-7.051263942166730025e-02,-4.979810447122927364e-02,-3.212131358814808435e-02,-2.030901712371240009e-02,-3.801429606348527557e-02,-6.749673070628271765e-02,-3.519076715388935045e-02,-1.435916317235476185e-02,-3.524455202264515918e-01,-3.753330286669139260e-01,-2.907009498669055336e-01,-4.311306135592269523e-02,-3.519076715388935045e-02,-3.801429606348527557e-02,-1.435916317235476011e-02,-1.286658602907498339e-01,-4.767312946227962589e-02,5.913962991410492975e-01,-2.487592975524973576e-02,-4.967123990818995694e-01,-1.786283982422259831e-01,-4.979810447122926670e-02,5.840947806181536750e-01,-2.030901712371240009e-02,-4.892821642774447533e-01,-1.767766952966368654e-01
1.025551743003632055e+00,-5.537123258831522232e-01,-5.507016019503075954e-01,-1.284019034700219164e+00,-1.305886024362612474e-01,-7.617127067656237482e-01,-4.966680157416004104e-01,-4.963069089824175273e-01,-6.493539992246850634e-01,-6.302706439077716549e-01,3.167809285169097544e-01,-1.538031837485788644e+00,4.066745022078559479e-01,2.247295896860070363e-01,-1.761860997889140579e-01,5.605433585474633995e-01,-8.087874538665257296e-01,-4.940931484571475241e-01,-6.124250575528051854e-01,9.993341647123638039e-01,-1.052143564629467676e+00,-1.317455189959784834e+00,1.783104970603592632e+00,-8.221842007629734939e-01,-1.575146224607933521e+00,-1.948328859059586526e-01,7.590053775099431244e-01,-6.152541810379259513e-01,-6.617681243749702347e-01,-1.015016023220653985e+00,-1.325541933798751071e+00,0.000000000000000000e+00,0.000000000000000000e+00,-1.399059251105406521e+00,-2.236667001129214238e+00,-1.366917635565168210e+00,-1.749578965749817860e-01,-9.332760662848494926e-01,3.286421493562152185e-01,9.285145451032854602e-01,-3.774647335768301359e-01,-4.668062001933125371e-01,-5.099556053266109945e-01,-4.820408707801026038e-01,-3.669621702617922865e-01,-4.602362970513234064e-01,-5.183686688943279358e-02,-5.183686688943279358e-02,1.418158377741196352e+00,-1.040941436780788015e-01,-2.030901712371240009e-02,-8.401389803667852485e-02,-3.271524934852403366e-01,-5.191945123345532709e-01,-7.103890521813077674e-01,-5.752567881263277033e-02,-3.801429606348526863e-02,-1.147078669352808861e-01,-1.711160802546210780e-01,-7.340709118518067011e-02,-7.197411700355742237e-02,-1.244624194945742751e-01,-7.051263942166730025e-02,-2.872721242393142319e-02,-2.030901712371240009e-02,-2.019004323808653023e-01,-1.435916317235476011e-02,-1.435916317235476011e-02,-5.183686688943279358e-02,-3.801429606348527557e-02,-3.801429606348527557e-02,-1.558271304830920190e-01,-4.064318733121485144e-02,-8.148853797899899276e-02,-1.210011918676099085e-01,-5.569323991926412171e-02,-7.051263942166730025e-02,-4.979810447122927364e-02,-3.212131358814808435e-02,-2.030901712371240009e-02,-3.801429606348527557e-02,-6.749673070628271765e-02,-3.519076715388935045e-02,-1.435916317235476185e-02,2.837317947345407543e+00,-3.753330286669139260e-01,-2.907009498669055336e-01,-4.311306135592269523e-02,-3.519076715388935045e-02,-3.801429606348527557e-02,-1.435916317235476011e-02,-1.286658602907498339e-01,-4.767312946227962589e-02,5.913962991410492975e-01,-2.487592975524973576e-02,-4.967123990818995694e-01,-1.786283982422259831e-01,-4.979810447122926670e-02,-1.712050908829709783e+00,-2.030901712371240009e-02,2.043810449286999731e+00,-1.767766952966368654e-01
-1.674131298387452338e-01,-5.537123258831522232e-01,-4.977276807426366662e-02,7.082331122151057645e-01,3.716934582680625487e-01,-2.955032786415830448e-01,-4.966680157416004104e-01,-4.963069089824175273e-01,-6.493539992246850634e-01,1.151455984062275117e+00,8.414777418280475763e-01,6.788889985410339056e-01,3.833530403025595112e-01,2.924632708069133114e-02,3.713339322905371831e-01,-1.793962463029842302e-01,-1.895668281666913063e-02,-9.611142823111715749e-01,-8.932495921461119925e-01,3.308375903655265127e-01,3.600260422021904771e-01,1.693409947168151630e+00,-5.469604018174498671e-03,-4.618456070552898751e-01,8.413731731065147157e-01,-1.205131474393191793e+00,3.113400884372377608e-01,1.191206954313733357e+00,9.538482102241244709e-01,4.062674347167165023e-01,3.643850632671082335e-01,0.000000000000000000e+00,0.000000000000000000e+00,5.339616623415676111e-01,1.300342573990556527e+00,1.914680958549777934e+00,-8.178537710202486988e-01,6.587033360624962031e-01,-4.122754887853995465e-01,-7.200041419233935702e-01,-3.774647335768301359e-01,-4.668062001933125371e-01,-4.064018926789744190e-01,-4.820408707801026038e-01,-3.669621702617922865e-01,-4.602362970513234064e-01,-5.183686688943279358e-02,-5.183686688943279358e-02,-7.051398600435393460e-01,-1.040941436780788015e-01,-2.030901712371240009e-02,-8.401389803667852485e-02,-3.271524934852403366e-01,-5.191945123345532709e-01,1.407679351095596942e+00,-5.752567881263277033e-02,-3.801429606348526863e-02,-1.147078669352808861e-01,-1.711160802546210780e-01,-7.340709118518067011e-02,-7.197411700355742237e-02,-1.244624194945742751e-01,-7.051263942166730025e-02,-2.872721242393142319e-02,-2.030901712371240009e-02,-2.019004323808653023e-01,-1.435916317235476011e-02,-1.435916317235476011e-02,-5.183686688943279358e-02,-3.801429606348527557e-02,-3.801429606348527557e-02,-1.558271304830920190e-01,-4.064318733121485144e-02,-8.148853797899899276e-02,-1.210011918676099085e-01,-5.569323991926412171e-02,-7.051263942166730025e-02,-4.979810447122927364e-02,-3.212131358814808435e-02,-2.030901712371240009e-02,-3.801429606348527557e-02,-6.749673070628271765e-02,-3.519076715388935045e-02,-1.435916317235476185e-02,-3.524455202264515918e-01,-3.753330286669139260e-01,-2.907009498669055336e-01,-4.311306135592269523e-02,-3.519076715388935045e-02,-3.801429606348527557e-02,-1.435916317235476011e-02,-1.286658602907498339e-01,-4.767312946227962589e-02,-1.690913523558418063e+00,-2.487592975524973576e-02,2.013237442528823973e+00,-1.786283982422259831e-01,-4.979810447122926670e-02,5.840947806181536750e-01,-2.030901712371240009e-02,-4.892821642774447533e-01,-1.767766952966368654e-01
2.678276044369387945e-02,4.047385190264539689e-01,-5.507016019503075954e-01,-1.284019034700219164e+00,5.152026184692979349e-01,-1.048610816380417976e+00,-4.966680157416004104e-01,-4.963069089824175273e-01,-6.623362709603883292e-02,-6.302706439077716549e-01,3.434806819112981469e+00,-6.008461346790693741e-02,4.222221434780537019e-01,-9.586296098671048815e-02,2.013894028528890878e+00,-1.412628921053730391e+00,-1.895668281666913063e-02,8.602681397195220958e-01,-5.266175608715170098e-01,-5.047831275680201291e-01,1.320301374847718145e+00,-6.292804948981121915e-02,-2.294238763068062958e+00,-2.326206157108087869e+00,-3.898722568564133795e+00,-4.572793436017302149e+00,-8.078231342445260088e-01,-1.773242088314630704e+00,-1.202811734101178587e+00,-2.436299481158024527e+00,3.643850632671082335e-01,0.000000000000000000e+00,0.000000000000000000e+00,2.080378393099147072e+00,7.108409781372613256e-01,-4.719362008065465242e-01,1.641664037943138255e-01,1.990140578562815010e+00,2.227967724788416926e-01,4.575092059528056976e-01,9.257960654133498002e-01,1.696017942249628430e+00,-1.338385306507703376e+00,-1.186301566740631808e+00,-3.669621702617922865e-01,-4.602362970513234064e-01,-5.183686688943279358e-02,-5.183686688943279358e-02,1.418158377741196352e+00,-1.040941436780788015e-01,-2.030901712371240009e-02,-8.401389803667852485e-02,-3.271524934852403366e-01,-5.191945123345532709e-01,-7.103890521813077674e-01,-5.752567881263277033e-02,-3.801429606348526863e-02,-1.147078669352808861e-01,-1.711160802546210780e-01,-7.340709118518067011e-02,-7.197411700355742237e-02,-1.244624194945742751e-01,-7.051263942166730025e-02,-2.872721242393142319e-02,-2.030901712371240009e-02,-2.019004323808653023e-01,-1.435916317235476011e-02,-1.435916317235476011e-02,-5.183686688943279358e-02,-3.801429606348527557e-02,-3.801429606348527557e-02,-1.558271304830920190e-01,-4.064318733121485144e-02,-8.148853797899899276e-02,-1.210011918676099085e-01,-5.569323991926412171e-02,1.418185460368283479e+01,-4.979810447122927364e-02,-3.212131358814808435e-02,-2.030901712371240009e-02,-3.801429606348527557e-02,-6.749673070628271765e-02,-3.519076715388935045e-02,-1.435916317235476185e-02,-3.524455202264515918e-01,-3.753330286669139260e-01,-2.907009498669055336e-01,-4.311306135592269523e-02,-3.519076715388935045e-02,-3.801429606348527557e-02,-1.435916317235476011e-02,-1.286658602907498339e-01,-4.767312946227962589e-02,5.913962991410492975e-01,-2.487592975524973576e-02,-4.967123990818995694e-01,-1.786283982422259831e-01,-4.979810447122926670e-02,5.840947806181536750e-01,-2.030901712371240009e-02,-4.892821642774447533e-01,-1.767766952966368654e-01
-1.246904083827840459e+00,-7.448690342834912714e-02,-5.507016019503075954e-01,-1.284019034700219164e+00,-2.023431825368789405e-01,-3.672278060452816018e-01,-4.966680157416004104e-01,-4.963069089824175273e-01,-6.493539992246850634e-01,-6.302706439077716549e-01,5.881758319537052637e-01,1.862399238684066816e-01,-3.551599200318334981e-01,6.704314284261271295e-01,6.450939483302627897e-01,8.894054051476624201e-01,-4.702885519880157239e-01,-1.801752323248414722e+00,-1.236479578871264806e+00,6.233048416422678484e-01,3.600260422021904771e-01,-3.138334775838059199e-01,1.343540032772819304e+00,7.445053370965207806e-01,7.484301193482666426e-01,-1.120939925352589128e+00,-8.078231342445260088e-01,-1.773242088314630704e+00,-1.202811734101178587e+00,1.870620088349158827e+00,-5.809668599935657873e-02,0.000000000000000000e+00,0.000000000000000000e+00,1.473574796521728292e-01,1.300342573990556527e+00,1.247180890325345903e-01,-1.463368365931687842e+00,8.003313819280594155e-01,-7.298116194175201521e-01,-1.426512150649113186e+00,-3.774647335768301359e-01,-4.668062001933125371e-01,-7.170630306218840344e-01,-7.167944361002790421e-01,9.137094037957288473e-01,-4.602362970513234064e-01,-5.183686688943279358e-02,-5.183686688943279358e-02,1.418158377741196352e+00,-1.040941436780788015e-01,-2.030901712371240009e-02,-8.401389803667852485e-02,-3.271524934852403366e-01,-5.191945123345532709e-01,-7.103890521813077674e-01,-5.752567881263277033e-02,-3.801429606348526863e-02,-1.147078669352808861e-01,-1.711160802546210780e-01,-7.340709118518067011e-02,-7.197411700355742237e-02,-1.244624194945742751e-01,-7.051263942166730025e-02,-2.872721242393142319e-02,-2.030901712371240009e-02,-2.019004323808653023e-01,-1.435916317235476011e-02,-1.435916317235476011e-02,-5.183686688943279358e-02,-3.801429606348527557e-02,-3.801429606348527557e-02,-1.558271304830920190e-01,-4.064318733121485144e-02,-8.148853797899899276e-02,-1.210011918676099085e-01,-5.569323991926412171e-02,-7.051263942166730025e-02,-4.979810447122927364e-02,-3.212131358814808435e-02,-2.030901712371240009e-02,-3.801429606348527557e-02,-6.749673070628271765e-02,-3.519076715388935045e-02,-1.435916317235476185e-02,-3.524455202264515918e-01,2.664300564093018409e+00,-2.907009498669055336e-01,-4.311306135592269523e-02,-3.519076715388935045e-02,-3.801429606348527557e-02,-1.435916317235476011e-02,-1.286658602907498339e-01,-4.767312946227962589e-02,-1.690913523558418063e+00,-2.487592975524973576e-02,2.013237442528823973e+00,-1.786283982422259831e-01,-4.979810447122926670e-02,5.840947806181536750e-01,-2.030901712371240009e-02,-4.892821642774447533e-01,-1.767766952966368654e-01
-7.228729250418377550e-01,-7.448690342834912714e-02,9.520848996778241702e-01,1.704359185672768229e+00,8.739755189723863449e-01,1.533472170152730518e+00,-4.966680157416004104e-01,2.964524162613712210e+00,-6.493539992246850634e-01,1.745364860052290412e+00,-1.528704414853298665e+00,-6.008461346790693741e-02,8.186869958680963455e-01,2.156104224226526700e+00,6.450939483302627897e-01,1.494658002972147348e-01,5.452081536475141821e-01,-7.377412798852590881e-02,3.503150831509637547e-02,4.979617339522358077e-01,-4.872757218968044035e-01,-6.292804948981121915e-02,5.932481561306374163e-01,9.011742908824702525e-01,-2.739434719924614403e-01,4.786995064188634408e-01,-2.440887836729143182e-02,1.258580796191650364e-01,-5.941376731591940796e-01,7.938901959723629886e-01,-7.622329347767978769e-01,0.000000000000000000e+00,0.000000000000000000e+00,-6.258508857266168457e-01,-4.681622135693289666e-01,-1.068590490645627611e+00,-1.548476781082283260e+00,-1.127680600939938715e+00,7.520236568657093779e-01,-4.845014723481537167e-01,-3.774647335768301359e-01,1.696017942249628430e+00,-4.064018926789744190e-01,-4.820408707801026038e-01,-3.669621702617922865e-01,-4.602362970513234064e-01,-5.183686688943279358e-02,-5.183686688943279358e-02,-7.051398600435393460e-01,-1.040941436780788015e-01,-2.030901712371240009e-02,-8.401389803667852485e-02,-3.271524934852403366e-01,1.926060419058570616e+00,-7.103890521813077674e-01,-5.752567881263277033e-02,-3.801429606348526863e-02,-1.147078669352808861e-01,-1.711160802546210780e-01,1.362266211417295203e+01,-7.197411700355742237e-02,-1.244624194945742751e-01,-7.051263942166730025e-02,-2.872721242393142319e-02,-2.030901712371240009e-02,-2.019004323808653023e-01,-1.435916317235476011e-02,-1.435916317235476011e-02,-5.183686688943279358e-02,-3.801429606348527557e-02,-3.801429606348527557e-02,-1.558271304830920190e-01,-4.064318733121485144e-02,-8.148853797899899276e-02,-1.210011918676099085e-01,-5.569323991926412171e-02,-7.051263942166730025e-02,-4.979810447122927364e-02,-3.212131358814808435e-02,-2.030901712371240009e-02,-3.801429606348527557e-02,-6.749673070628271765e-02,-3.519076715388935045e-02,-1.435916317235476185e-02,-3.524455202264515918e-01,-3.753330286669139260e-01,-2.907009498669055336e-01,-4.311306135592269523e-02,-3.519076715388935045e-02,-3.801429606348527557e-02,-1.435916317235476011e-02,-1.286658602907498339e-01,-4.767312946227962589e-02,-1.690913523558418063e+00,-2.487592975524973576e-02,2.013237442528823973e+00,-1.786283982422259831e-01,-4.979810447122926670e-02,5.840947806181536750e-01,-2.030901712371240009e-02,-4.892821642774447533e-01,-1.767766952966368654e-01
3.667082753759020597e-01,-5.537123258831522232e-01,-5.507016019503075954e-01,-1.284019034700219164e+00,-8.481344034424381784e-01,-9.768862889767194746e-01,-4.966680157416004104e-01,-4.963069089824175273e-01,-6.493539992246850634e-01,-6.302706439077716549e-01,-8.230776659176306520e-01,9.252135358773474483e-01,-5.106363327338107050e-01,1.152589626270305034e-01,4.625872709704457186e-01,4.783278468974136999e-01,-8.087874538665257296e-01,6.633221216768130091e-02,-5.266175608715170098e-01,2.890565544688492028e-01,-6.362483984730694930e-02,9.406936628861676253e-01,3.658869813905820667e-01,-5.715138747054542279e-01,-1.810004182342134504e-01,-6.999821801495752505e-01,3.780746078750705230e+00,5.427337262387786909e-01,-7.895145322269916388e-01,-1.359569588781228688e+00,-5.809668599935657873e-02,0.000000000000000000e+00,0.000000000000000000e+00,1.473574796521728292e-01,-4.681622135693289666e-01,7.213723788716157603e-01,-7.006660301590442730e-01,-1.489767397445293851e+00,1.387095918129950478e+00,9.285145451032854602e-01,2.229056864403530014e+00,-4.668062001933125371e-01,-6.135093179742474589e-01,-1.253374013974976713e-02,-3.669621702617922865e-01,-4.602362970513234064e-01,-5.183686688943279358e-02,-5.183686688943279358e-02,1.418158377741196352e+00,-1.040941436780788015e-01,-2.030901712371240009e-02,-8.401389803667852485e-02,-3.271524934852403366e-01,-5.191945123345532709e-01,-7.103890521813077674e-01,-5.752567881263277033e-02,-3.801429606348526863e-02,-1.147078669352808861e-01,-1.711160802546210780e-01,-7.340709118518067011e-02,-7.197411700355742237e-02,-1.244624194945742751e-01,-7.051263942166730025e-02,-2.872721242393142319e-02,-2.030901712371240009e-02,-2.019004323808653023e-01,-1.435916317235476011e-02,-1.435916317235476011e-02,-5.183686688943279358e-02,-3.801429606348527557e-02,-3.801429606348527557e-02,-1.558271304830920190e-01,-4.064318733121485144e-02,-8.148853797899899276e-02,-1.210011918676099085e-01,-5.569323991926412171e-02,-7.051263942166730025e-02,-4.979810447122927364e-02,-3.212131358814808435e-02,-2.030901712371240009e-02,-3.801429606348527557e-02,-6.749673070628271765e-02,-3.519076715388935045e-02,-1.435916317235476185e-02,2.837317947345407543e+00,-3.753330286669139260e-01,-2.907009498669055336e-01,-4.311306135592269523e-02,-3.519076715388935045e-02,-3.801429606348527557e-02,-1.435916317235476011e-02,-1.286658602907498339e-01,-4.767312946227962589e-02,5.913962991410492975e-01,-2.487592975524973576e-02,-4.967123990818995694e-01,-1.786283982422259831e-01,-4.979810447122926670e-02,5.840947806181536750e-01,-2.030901712371240009e-02,-4.892821642774447533e-01,-1.767766952966368654e-01
-4.671430729322543218e-01,-5.537123258831522232e-01,-5.507016019503075954e-01,-1.284019034700219164e+00,-9.557662735933646347e-01,-9.768862889767194746e-01,-4.966680157416004104e-01,-4.963069089824175273e-01,-6.493539992246850634e-01,-6.302706439077716549e-01,-1.546797408415751640e+00,-5.527336881405341407e-01,-1.841358660596581487e-01,-2.131529185498998447e-01,-2.674394384688225657e-01,8.894054051476624201e-01,7.708740882331873712e-01,4.399491192509005222e-01,1.162946376565429998e-02,-4.212210557746654538e-01,-6.362483984730694930e-02,-6.292804948981121915e-02,-2.025159554595558076e-01,-3.991780255409100309e-01,8.413731731065147157e-01,-1.120939925352589128e+00,9.828380220462961114e-01,6.816922751119832702e-01,1.261942487984881733e+00,-1.144223610305869387e+00,-5.809668599935657873e-02,0.000000000000000000e+00,0.000000000000000000e+00,1.473574796521728292e-01,-1.734114156426813935e-01,-4.719362008065465242e-01,1.102323010800492664e+00,1.676815732738688169e-01,2.227967724788416926e-01,4.575092059528056976e-01,-3.774647335768301359e-01,1.696017942249628430e+00,1.113666705592083056e-01,9.264805211409559149e-01,-3.669621702617922865e-01,-4.602362970513234064e-01,-5.183686688943279358e-02,-5.183686688943279358e-02,1.418158377741196352e+00,-1.040941436780788015e-01,-2.030901712371240009e-02,-8.401389803667852485e-02,-3.271524934852403366e-01,-5.191945123345532709e-01,-7.103890521813077674e-01,-5.752567881263277033e-02,-3.801429606348526863e-02,-1.147078669352808861e-01,-1.711160802546210780e-01,-7.340709118518067011e-02,-7.197411700355742237e-02,-1.244624194945742751e-01,-7.051263942166730025e-02,-2.872721242393142319e-02,-2.030901712371240009e-02,-2.019004323808653023e-01,-1.435916317235476011e-02,-1.435916317235476011e-02,-5.183686688943279358e-02,-3.801429606348527557e-02,-3.801429606348527557e-02,-1.558271304830920190e-01,-4.064318733121485144e-02,-8.148853797899899276e-02,-1.210011918676099085e-01,-5.569323991926412171e-02,-7.051263942166730025e-02,-4.979810447122927364e-02,-3.212131358814808435e-02,-2.030901712371240009e-02,-3.801429606348527557e-02,-6.749673070628271765e-02,-3.519076715388935045e-02,-1.435916317235476185e-02,2.837317947345407543e+00,-3.753330286669139260e-01,-2.907009498669055336e-01,-4.311306135592269523e-02,-3.519076715388935045e-02,-3.801429606348527557e-02,-1.435916317235476011e-02,-1.286658602907498339e-01,-4.767312946227962589e-02,-1.690913523558418063e+00,-2.487592975524973576e-02,2.013237442528823973e+00,-1.786283982422259831e-01,-4.979810447122926670e-02,5.840947806181536750e-01,-2.030901712371240009e-02,-4.892821642774447533e-01,-1.767766952966368654e-01
-1.424393172646458039e+00,-5.537123258831522232e-01,-5.507016019503075954e-01,-1.284019034700219164e+00,-3.458523427381143267e-01,-8.334372341693222497e-01,-4.966680157416004104e-01,-4.963069089824175273e-01,-6.493539992246850634e-01,-6.302706439077716549e-01,2.685329456837016737e-01,-1.291707300149474991e+00,1.345907799793956972e-01,4.488498808911660365e-02,-3.586927771487311012e-01,2.316813119472644900e-01,-8.087874538665257296e-01,-1.521539642936000414e+00,-1.064864585508688455e+00,-2.958779480846334686e-01,-1.052143564629467676e+00,-8.156443337717953490e-01,-3.161965428295833158e-01,1.726636557778053471e-01,6.554870655900186804e-01,-3.632159839871641482e-01,-2.440887836729143182e-02,-7.078932136200624115e-01,-4.663912653071727310e-01,-1.359569588781228688e+00,-1.043887434287774418e+00,0.000000000000000000e+00,0.000000000000000000e+00,-1.012455068416011628e+00,-1.352414607349271769e+00,-1.068590490645627611e+00,1.019717927227248577e-01,-8.016750699086691578e-02,-1.047347750049640647e+00,-7.200041419233935702e-01,-3.774647335768301359e-01,-4.668062001933125371e-01,-1.027724168564793761e+00,-4.820408707801026038e-01,9.137094037957288473e-01,-4.602362970513234064e-01,-5.183686688943279358e-02,-5.183686688943279358e-02,1.418158377741196352e+00,-1.040941436780788015e-01,-2.030901712371240009e-02,-8.401389803667852485e-02,-3.271524934852403366e-01,-5.191945123345532709e-01,-7.103890521813077674e-01,-5.752567881263277033e-02,-3.801429606348526863e-02,-1.147078669352808861e-01,-1.711160802546210780e-01,-7.340709118518067011e-02,-7.197411700355742237e-02,-1.244624194945742751e-01,-7.051263942166730025e-02,-2.872721242393142319e-02,-2.030901712371240009e-02,-2.019004323808653023e-01,-1.435916317235476011e-02,-1.435916317235476011e-02,-5.183686688943279358e-02,-3.801429606348527557e-02,-3.801429606348527557e-02,-1.558271304830920190e-01,-4.064318733121485144e-02,-8.148853797899899276e-02,-1.210011918676099085e-01,-5.569323991926412171e-02,-7.051263942166730025e-02,-4.979810447122927364e-02,-3.212131358814808435e-02,-2.030901712371240009e-02,-3.801429606348527557e-02,-6.749673070628271765e-02,-3.519076715388935045e-02,-1.435916317235476185e-02,2.837317947345407543e+00,-3.753330286669139260e-01,-2.907009498669055336e-01,-4.311306135592269523e-02,-3.519076715388935045e-02,-3.801429606348527557e-02,-1.435916317235476011e-02,-1.286658602907498339e-01,-4.767312946227962589e-02,5.913962991410492975e-01,-2.487592975524973576e-02,-4.967123990818995694e-01,-1.786283982422259831e-01,-4.979810447122926670e-02,5.840947806181536750e-01,-2.030901712371240009e-02,-4.892821642774447533e-01,-1.767766952966368654e-01
9.112875816078827573e-02,-5.537123258831522232e-01,4.511560658017802483e-01,-1.284019034700219164e+00,-9.557662735933646347e-01,-4.389523334489801587e-01,-4.966680157416004104e-01,-4.963069089824175273e-01,-6.493539992246850634e-01,-3.636176791775609651e-02,-7.205507023970635361e-01,4.325644612047202520e-01,2.511980895058787411e-01,-1.065459943509076579e+00,9.757391625081156261e-02,1.494658002972147348e-01,-8.087874538665257296e-01,-1.801752323248414722e+00,-1.236479578871264806e+00,7.486479493322998335e-01,2.280576707493245703e+00,4.388828066981781961e-01,2.116568026889007026e+00,2.979988188065649801e-01,-2.739434719924614403e-01,-1.626089219596205560e+00,1.994237661690613783e-01,1.098567921731596897e+00,2.111080375471848125e+00,1.870620088349158827e+00,2.110642960235162846e+00,0.000000000000000000e+00,0.000000000000000000e+00,1.307170027720357286e+00,1.005591776063908815e+00,4.230452339520751615e-01,1.112797892665181365e+00,3.113137895997938331e-01,-9.415023731722672595e-01,-1.191009481073873166e+00,-3.774647335768301359e-01,-4.668062001933125371e-01,-9.241704559171570743e-01,-7.167944361002790421e-01,-3.669621702617922865e-01,-4.602362970513234064e-01,-5.183686688943279358e-02,-5.183686688943279358e-02,1.418158377741196352e+00,-1.040941436780788015e-01,-2.030901712371240009e-02,-8.401389803667852485e-02,-3.271524934852403366e-01,-5.191945123345532709e-01,-7.103890521813077674e-01,-5.752567881263277033e-02,-3.801429606348526863e-02,-1.147078669352808861e-01,-1.711160802546210780e-01,-7.340709118518067011e-02,-7.197411700355742237e-02,-1.244624194945742751e-01,-7.051263942166730025e-02,-2.872721242393142319e-02,-2.030901712371240009e-02,-2.019004323808653023e-01,-1.435916317235476011e-02,-1.435916317235476011e-02,-5.183686688943279358e-02,-3.801429606348527557e-02,-3.801429606348527557e-02,-1.558271304830920190e-01,-4.064318733121485144e-02,-8.148853797899899276e-02,-1.210011918676099085e-01,-5.569323991926412171e-02,-7.051263942166730025e-02,-4.979810447122927364e-02,-3.212131358814808435e-02,-2.030901712371240009e-02,-3.801429606348527557e-02,-6.749673070628271765e-02,-3.519076715388935045e-02,-1.435916317235476185e-02,-3.524455202264515918e-01,2.664300564093018409e+00,-2.907009498669055336e-01,-4.311306135592269523e-02,-3.519076715388935045e-02,-3.801429606348527557e-02,-1.435916317235476011e-02,-1.286658602907498339e-01,-4.767312946227962589e-02,-1.690913523558418063e+00,-2.487592975524973576e-02,-4.967123990818995694e-01,5.598214000911362120e+00,-4.979810447122926670e-02,5.840947806181536750e-01,-2.030901712371240009e-02,-4.892821642774447533e-01,-1.767766952966368654e-01
-5.422409725815110493e-01,-5.537123258831522232e-01,4.511560658017802483e-01,7.082331122151057645e-01,3.358161682177537299e-01,-2.237787512378844601e-01,-4.966680157416004104e-01,-4.963069089824175273e-01,-6.493539992246850634e-01,5.575471080722594897e-01,8.414777418280475763e-01,-7.990582254768477943e-01,-5.961483597198985462e-01,7.720827249808911441e-01,-6.324527931884567078e-01,9.716209167977121197e-01,-8.087874538665257296e-01,-1.054518509081976418e+00,-7.060332357505740841e-01,1.082896236505718424e+00,-1.052143564629467676e+00,-1.819266046147774096e+00,2.294702765465491956e-01,-4.696790547445871544e-01,-5.527726332672054932e-01,-1.106413368653558910e-01,8.709216997781196179e-01,-3.373370832915168482e-01,6.758119107814894999e-01,1.870620088349158827e+00,-1.043887434287774418e+00,0.000000000000000000e+00,0.000000000000000000e+00,-1.012455068416011628e+00,-7.629130114959765674e-01,-1.665244780484708809e+00,8.364074945951970042e-02,4.863446764713861836e-01,-5.181208656627730447e-01,-9.555068114986333683e-01,-3.774647335768301359e-01,-4.668062001933125371e-01,1.113666705592083056e-01,-9.515480014204554804e-01,-3.669621702617922865e-01,-4.602362970513234064e-01,-5.183686688943279358e-02,-5.183686688943279358e-02,-7.051398600435393460e-01,-1.040941436780788015e-01,-2.030901712371240009e-02,-8.401389803667852485e-02,3.056678521220304923e+00,-5.191945123345532709e-01,-7.103890521813077674e-01,-5.752567881263277033e-02,-3.801429606348526863e-02,-1.147078669352808861e-01,-1.711160802546210780e-01,-7.340709118518067011e-02,-7.197411700355742237e-02,-1.244624194945742751e-01,-7.051263942166730025e-02,-2.872721242393142319e-02,-2.030901712371240009e-02,-2.019004323808653023e-01,-1.435916317235476011e-02,-1.435916317235476011e-02,-5.183686688943279358e-02,-3.801429606348527557e-02,-3.801429606348527557e-02,-1.558271304830920190e-01,-4.064318733121485144e-02,-8.148853797899899276e-02,-1.210011918676099085e-01,-5.569323991926412171e-02,-7.051263942166730025e-02,-4.979810447122927364e-02,-3.212131358814808435e-02,-2.030901712371240009e-02,-3.801429606348527557e-02,-6.749673070628271765e-02,-3.519076715388935045e-02,-1.435916317235476185e-02,-3.524455202264515918e-01,-3.753330286669139260e-01,-2.907009498669055336e-01,-4.311306135592269523e-02,-3.519076715388935045e-02,-3.801429606348527557e-02,-1.435916317235476011e-02,-1.286658602907498339e-01,-4.767312946227962589e-02,5.913962991410492975e-01,-2.487592975524973576e-02,-4.967123990818995694e-01,-1.786283982422259831e-01,-4.979810447122926670e-02,-1.712050908829709783e+00,-2.030901712371240009e-02,-4.892821642774447533e-01,-1.767766952966368654e-01
7.524534339267096028e-01,4.047385190264539689e-01,-5.507016019503075954e-01,2.700485259130430471e+00,1.986171510531960616e+00,9.898162207875908780e-02,-4.966680157416004104e-01,-4.963069089824175273e-01,1.100007117161253767e+00,-3.636176791775609651e-02,8.414777418280475763e-01,-1.045382762813161337e+00,-6.816603867059860544e-01,4.202128522913227693e-01,-9.974661479080908499e-01,1.629345009998110161e+00,-6.959544865736890795e-01,5.333533460217053657e-01,1.236336461853130952e+00,1.082896236505718424e+00,-1.052143564629467676e+00,-1.317455189959784834e+00,-3.919836010762684508e-01,-2.425090717549604757e-01,-8.805736447596543282e-02,8.996572516218772630e-01,1.994237661690613783e-01,-3.373370832915168482e-01,-8.007095955801646694e-03,1.478522605462855299e-01,-1.043887434287774418e+00,0.000000000000000000e+00,0.000000000000000000e+00,-1.012455068416011628e+00,-7.629130114959765674e-01,-1.366917635565168210e+00,3.455127960767363504e-01,1.775026282483987750e+00,4.344875262335887722e-01,-1.191009481073873166e+00,-3.774647335768301359e-01,-4.668062001933125371e-01,1.664672360273756535e+00,6.917269558207794766e-01,-3.669621702617922865e-01,-4.602362970513234064e-01,-5.183686688943279358e-02,-5.183686688943279358e-02,-7.051398600435393460e-01,-1.040941436780788015e-01,-2.030901712371240009e-02,-8.401389803667852485e-02,-3.271524934852403366e-01,-5.191945123345532709e-01,1.407679351095596942e+00,-5.752567881263277033e-02,-3.801429606348526863e-02,-1.147078669352808861e-01,-1.711160802546210780e-01,-7.340709118518067011e-02,-7.197411700355742237e-02,-1.244624194945742751e-01,-7.051263942166730025e-02,-2.872721242393142319e-02,-2.030901712371240009e-02,-2.019004323808653023e-01,-1.435916317235476011e-02,-1.435916317235476011e-02,-5.183686688943279358e-02,-3.801429606348527557e-02,-3.801429606348527557e-02,-1.558271304830920190e-01,-4.064318733121485144e-02,-8.148853797899899276e-02,-1.210011918676099085e-01,-5.569323991926412171e-02,-7.051263942166730025e-02,-4.979810447122927364e-02,-3.212131358814808435e-02,-2.030901712371240009e-02,-3.801429606348527557e-02,-6.749673070628271765e-02,-3.519076715388935045e-02,-1.435916317235476185e-02,-3.524455202264515918e-01,-3.753330286669139260e-01,-2.907009498669055336e-01,-4.311306135592269523e-02,-3.519076715388935045e-02,-3.801429606348527557e-02,-1.435916317235476011e-02,-1.286658602907498339e-01,-4.767312946227962589e-02,5.913962991410492975e-01,-2.487592975524973576e-02,-4.967123990818995694e-01,-1.786283982422259831e-01,-4.979810447122926670e-02,5.840947806181536750e-01,-2.030901712371240009e-02,-4.892821642774447533e-01,-1.767766952966368654e-01
-6.494291641513751934e-01,8.839639414812570095e-01,-5.507016019503075954e-01,7.082331122151057645e-01,1.089239259274239480e+00,6.727778413083476128e-01,5.905777172739697933e-01,-4.963069089824175273e-01,5.168867450326074531e-01,-3.636176791775609651e-02,8.414777418280475763e-01,6.788889985410339056e-01,3.133886545866697571e-01,1.350713182292625492e+00,-5.411994545085482278e-01,7.249743818475629098e-01,-2.446226174023423960e-01,-6.809016019987571555e-01,3.080553613919224665e-01,2.054944826754944998e-01,-6.362483984730694930e-02,-3.138334775838059199e-01,1.385258066505270502e-01,4.546677725925142299e-01,8.413731731065147157e-01,7.312741535406717119e-01,-2.482415229036441240e-01,1.258580796191650364e-01,7.465234441903566276e-02,1.909214562413573679e-01,3.643850632671082335e-01,0.000000000000000000e+00,0.000000000000000000e+00,5.339616623415676111e-01,1.213393822839661657e-01,-1.736090558870059808e-01,-7.248891944711368662e-01,-7.341951338889162182e-01,2.227967724788416926e-01,-1.349613319767399566e-02,-3.774647335768301359e-01,-4.668062001933125371e-01,-5.099556053266109945e-01,-9.515480014204554804e-01,-3.669621702617922865e-01,-4.602362970513234064e-01,-5.183686688943279358e-02,-5.183686688943279358e-02,-7.051398600435393460e-01,-1.040941436780788015e-01,-2.030901712371240009e-02,-8.401389803667852485e-02,-3.271524934852403366e-01,-5.191945123345532709e-01,1.407679351095596942e+00,-5.752567881263277033e-02,-3.801429606348526863e-02,-1.147078669352808861e-01,-1.711160802546210780e-01,-7.340709118518067011e-02,-7.197411700355742237e-02,-1.244624194945742751e-01,-7.051263942166730025e-02,-2.872721242393142319e-02,-2.030901712371240009e-02,-2.019004323808653023e-01,-1.435916317235476011e-02,-1.435916317235476011e-02,-5.183686688943279358e-02,-3.801429606348527557e-02,-3.801429606348527557e-02,-1.558271304830920190e-01,-4.064318733121485144e-02,-8.148853797899899276e-02,-1.210011918676099085e-01,-5.569323991926412171e-02,-7.051263942166730025e-02,-4.979810447122927364e-02,-3.212131358814808435e-02,-2.030901712371240009e-02,-3.801429606348527557e-02,-6.749673070628271765e-02,-3.519076715388935045e-02,-1.435916317235476185e-02,-3.524455202264515918e-01,-3.753330286669139260e-01,-2.907009498669055336e-01,-4.311306135592269523e-02,-3.519076715388935045e-02,-3.801429606348527557e-02,-1.435916317235476011e-02,-1.286658602907498339e-01,-4.767312946227962589e-02,5.913962991410492975e-01,-2.487592975524973576e-02,-4.967123990818995694e-01,-1.786283982422259831e-01,-4.979810447122926670e-02,-1.712050908829709783e+00,-2.030901712371240009e-02,2.043810449286999731e+00,-1.767766952966368654e-01
2.231658579494954012e-02,-5.537123258831522232e-01,4.511560658017802483e-01,7.082331122151057645e-01,-4.176069228387320198e-01,5.293287865009504989e-01,-4.966680157416004104e-01,6.573034482162921632e-01,-6.493539992246850634e-01,1.151455984062275117e+00,-1.890564286102359493e+00,-6.008461346790693741e-02,9.663895879349745366e-01,-8.934346724163986231e-01,-1.544986179987542174e+00,3.961123352473639447e-01,-8.087874538665257296e-01,-1.801752323248414722e+00,-1.236479578871264806e+00,3.726186262622038226e-01,-4.872757218968044035e-01,-3.138334775838059199e-01,-1.343076030375390251e-01,-9.318524684131380686e-01,-2.739434719924614403e-01,5.774176121584963933e-02,1.878168600191707061e+00,-1.057395018361759059e-01,-5.309406343298572056e-02,-8.427392404403666326e-01,-4.805784352658213909e-01,0.000000000000000000e+00,0.000000000000000000e+00,2.466982575788541521e+00,-1.352414607349271769e+00,-1.366917635565168210e+00,-4.414127040079997566e-01,5.077224947152447765e-01,3.292312701922674112e+00,1.399519884253765056e+00,2.229056864403530014e+00,-4.668062001933125371e-01,4.220278085021179071e-01,1.161234086461132353e+00,-3.669621702617922865e-01,1.739375798511208382e+00,-5.183686688943279358e-02,-5.183686688943279358e-02,-7.051398600435393460e-01,-1.040941436780788015e-01,-2.030901712371240009e-02,-8.401389803667852485e-02,-3.271524934852403366e-01,1.926060419058570616e+00,-7.103890521813077674e-01,-5.752567881263277033e-02,-3.801429606348526863e-02,-1.147078669352808861e-01,-1.711160802546210780e-01,-7.340709118518067011e-02,-7.197411700355742237e-02,-1.244624194945742751e-01,-7.051263942166730025e-02,-2.872721242393142319e-02,-2.030901712371240009e-02,-2.019004323808653023e-01,-1.435916317235476011e-02,-1.435916317235476011e-02,-5.183686688943279358e-02,-3.801429606348527557e-02,-3.801429606348527557e-02,-1.558271304830920190e-01,-4.064318733121485144e-02,-8.148853797899899276e-02,-1.210011918676099085e-01,-5.569323991926412171e-02,-7.051263942166730025e-02,-4.979810447122927364e-02,-3.212131358814808435e-02,-2.030901712371240009e-02,-3.801429606348527557e-02,-6.749673070628271765e-02,-3.519076715388935045e-02,-1.435916317235476185e-02,-3.524455202264515918e-01,-3.753330286669139260e-01,-2.907009498669055336e-01,-4.311306135592269523e-02,-3.519076715388935045e-02,-3.801429606348527557e-02,-1.435916317235476011e-02,7.772069434271623223e+00,-4.767312946227962589e-02,5.913962991410492975e-01,-2.487592975524973576e-02,-4.967123990818995694e-01,-1.786283982422259831e-01,-4.979810447122926670e-02,5.840947806181536750e-01,-2.030901712371240009e-02,-4.892821642774447533e-01,-1.767766952966368654e-01
-7.091435733438458122e-01,1.842414786390863091e+00,-5.507016019503075954e-01,7.082331122151057645e-01,2.999388781674448556e-01,-8.334372341693222497e-01,-4.966680157416004104e-01,6.573034482162921632e-01,2.849368233547192375e+00,-6.302706439077716549e-01,8.414777418280475763e-01,6.788889985410339056e-01,-4.639934089232174430e-01,-6.432160962815945959e-01,1.010107303049897043e+00,-7.549048278533324607e-01,-2.446226174023423960e-01,6.633221216768130091e-02,1.205133735787207838e+00,1.793173846749233080e+00,3.600260422021904771e-01,6.897882347921728829e-01,-6.799744224136715642e-01,-1.018020392995410361e+00,1.907717967987786201e-01,-1.457706121515000008e+00,1.094754344314472272e+00,-6.152541810379259513e-01,2.474857197482411009e-01,-1.101154414610797661e+00,3.643850632671082335e-01,0.000000000000000000e+00,0.000000000000000000e+00,9.205658450309623930e-01,7.108409781372613256e-01,4.230452339520751615e-01,-1.549786141315369292e+00,-8.958648843580968579e-01,-4.122754887853995465e-01,-9.555068114986333683e-01,-3.774647335768301359e-01,-4.668062001933125371e-01,-8.206167432695206099e-01,-7.167944361002790421e-01,-3.669621702617922865e-01,-4.602362970513234064e-01,-5.183686688943279358e-02,-5.183686688943279358e-02,-7.051398600435393460e-01,-1.040941436780788015e-01,-2.030901712371240009e-02,-8.401389803667852485e-02,-3.271524934852403366e-01,-5.191945123345532709e-01,1.407679351095596942e+00,-5.752567881263277033e-02,-3.801429606348526863e-02,-1.147078669352808861e-01,-1.711160802546210780e-01,-7.340709118518067011e-02,-7.197411700355742237e-02,-1.244624194945742751e-01,-7.051263942166730025e-02,-2.872721242393142319e-02,-2.030901712371240009e-02,-2.019004323808653023e-01,-1.435916317235476011e-02,-1.435916317235476011e-02,-5.183686688943279358e-02,-3.801429606348527557e-02,-3.801429606348527557e-02,-1.558271304830920190e-01,-4.064318733121485144e-02,-8.148853797899899276e-02,-1.210011918676099085e-01,-5.569323991926412171e-02,-7.051263942166730025e-02,-4.979810447122927364e-02,-3.212131358814808435e-02,-2.030901712371240009e-02,-3.801429606348527557e-02,-6.749673070628271765e-02,-3.519076715388935045e-02,-1.435916317235476185e-02,-3.524455202264515918e-01,-3.753330286669139260e-01,-2.907009498669055336e-01,-4.311306135592269523e-02,-3.519076715388935045e-02,-3.801429606348527557e-02,-1.435916317235476011e-02,-1.286658602907498339e-01,-4.767312946227962589e-02,5.913962991410492975e-01,-2.487592975524973576e-02,-4.967123990818995694e-01,-1.786283982422259831e-01,-4.979810447122926670e-02,5.840947806181536750e-01,-2.030901712371240009e-02,-4.892821642774447533e-01,-1.767766952966368654e-01
1.004378766891066199e+00,-5.537123258831522232e-01,4.511560658017802483e-01,-1.284019034700219164e+00,-1.135152723844908840e+00,1.707061494824576586e-01,-4.966680157416004104e-01,-4.963069089824175273e-01,-6.493539992246850634e-01,-3.636176791775609651e-02,-1.837918933776239716e-01,-3.064091508042205425e-01,1.339532978419720743e+00,1.699942761565187699e-01,-2.674394384688225657e-01,-2.616117579530339854e-01,-8.087874538665257296e-01,-1.054518509081976418e+00,-9.556550442779578880e-01,1.082896236505718424e+00,-7.697096432631360674e-01,1.879773786041834815e-01,-6.572383049396658405e-01,-2.317253645463143372e-02,4.885689282282582209e-03,9.838488006624800386e-01,-4.720741674399969168e-01,7.743313076941197304e-01,4.203190950774467471e-01,-2.828396964044327944e-01,-7.622329347767978769e-01,0.000000000000000000e+00,0.000000000000000000e+00,-6.258508857266168457e-01,1.213393822839661657e-01,-1.736090558870059808e-01,1.792240464748037776e-01,-3.293527008958437863e-01,-4.122754887853995465e-01,-1.349613319767399566e-02,-3.774647335768301359e-01,1.696017942249628430e+00,-9.574075473606477593e-02,-7.167944361002790421e-01,-3.669621702617922865e-01,-4.602362970513234064e-01,-5.183686688943279358e-02,-5.183686688943279358e-02,1.418158377741196352e+00,-1.040941436780788015e-01,-2.030901712371240009e-02,-8.401389803667852485e-02,-3.271524934852403366e-01,-5.191945123345532709e-01,-7.103890521813077674e-01,-5.752567881263277033e-02,-3.801429606348526863e-02,-1.147078669352808861e-01,-1.711160802546210780e-01,-7.340709118518067011e-02,-7.197411700355742237e-02,-1.244624194945742751e-01,-7.051263942166730025e-02,-2.872721242393142319e-02,-2.030901712371240009e-02,-2.019004323808653023e-01,-1.435916317235476011e-02,-1.435916317235476011e-02,-5.183686688943279358e-02,-3.801429606348527557e-02,-3.801429606348527557e-02,-1.558271304830920190e-01,-4.064318733121485144e-02,-8.148853797899899276e-02,-1.210011918676099085e-01,-5.569323991926412171e-02,-7.051263942166730025e-02,-4.979810447122927364e-02,-3.212131358814808435e-02,-2.030901712371240009e-02,-3.801429606348527557e-02,-6.749673070628271765e-02,-3.519076715388935045e-02,-1.435916317235476185e-02,-3.524455202264515918e-01,2.664300564093018409e+00,-2.907009498669055336e-01,-4.311306135592269523e-02,-3.519076715388935045e-02,-3.801429606348527557e-02,-1.435916317235476011e-02,-1.286658602907498339e-01,-4.767312946227962589e-02,5.913962991410492975e-01,-2.487592975524973576e-02,-4.967123990818995694e-01,-1.786283982422259831e-01,-4.979810447122926670e-02,5.840947806181536750e-01,-2.030901712371240009e-02,-4.892821642774447533e-01,-1.767766952966368654e-01
-7.643918078875721056e-01,1.363189363936059939e+00,-4.977276807426366662e-02,7.082331122151057645e-01,-4.534842128890408386e-01,-4.030900697471309080e-01,2.765069183305110201e+00,-4.963069089824175273e-01,1.100007117161253767e+00,5.575471080722594897e-01,-1.377929468499523358e+00,4.325644612047202520e-01,9.572167680390113176e-02,-1.505982745161991154e-01,1.192613980409714003e+00,-5.082582929031832508e-01,6.580411209403509432e-01,8.602681397195220958e-01,1.470356907347553310e+00,-2.958779480846334686e-01,3.600260422021904771e-01,1.879773786041834815e-01,-2.328307787582295230e-01,-5.950142177733468429e-01,7.484301193482666426e-01,-6.999821801495752505e-01,-3.601578451718204787e-01,5.427337262387786909e-01,9.237902319060017353e-01,1.864467346107001947e-02,3.643850632671082335e-01,0.000000000000000000e+00,0.000000000000000000e+00,5.339616623415676111e-01,1.213393822839661657e-01,7.213723788716157603e-01,1.283669403082915217e+00,9.760303256197724320e-01,-9.415023731722672595e-01,-9.555068114986333683e-01,-3.774647335768301359e-01,-4.668062001933125371e-01,7.812957911571764835e-03,2.222198251804266556e-01,-3.669621702617922865e-01,1.739375798511208382e+00,-5.183686688943279358e-02,-5.183686688943279358e-02,1.418158377741196352e+00,-1.040941436780788015e-01,-2.030901712371240009e-02,-8.401389803667852485e-02,-3.271524934852403366e-01,-5.191945123345532709e-01,-7.103890521813077674e-01,-5.752567881263277033e-02,-3.801429606348526863e-02,-1.147078669352808861e-01,-1.711160802546210780e-01,-7.340709118518067011e-02,-7.197411700355742237e-02,-1.244624194945742751e-01,-7.051263942166730025e-02,-2.872721242393142319e-02,-2.030901712371240009e-02,-2.019004323808653023e-01,-1.435916317235476011e-02,-1.435916317235476011e-02,-5.183686688943279358e-02,-3.801429606348527557e-02,-3.801429606348527557e-02,-1.558271304830920190e-01,-4.064318733121485144e-02,-8.148853797899899276e-02,-1.210011918676099085e-01,-5.569323991926412171e-02,-7.051263942166730025e-02,-4.979810447122927364e-02,-3.212131358814808435e-02,-2.030901712371240009e-02,-3.801429606348527557e-02,-6.749673070628271765e-02,-3.519076715388935045e-02,-1.435916317235476185e-02,2.837317947345407543e+00,-3.753330286669139260e-01,-2.907009498669055336e-01,-4.311306135592269523e-02,-3.519076715388935045e-02,-3.801429606348527557e-02,-1.435916317235476011e-02,-1.286658602907498339e-01,-4.767312946227962589e-02,-1.690913523558418063e+00,-2.487592975524973576e-02,2.013237442528823973e+00,-1.786283982422259831e-01,-4.979810447122926670e-02,-1.712050908829709783e+00,-2.030901712371240009e-02,-4.892821642774447533e-01,5.656854249492379694e+00
-7.600910471147072078e-01,-5.537123258831522232e-01,2.454871401305955825e+00,-2.878929612425566442e-01,-1.099275433794600021e+00,-6.182636519582266343e-01,2.765069183305110201e+00,6.573034482162921632e-01,-6.493539992246850634e-01,5.575471080722594897e-01,-1.234819148361138291e-01,-3.064091508042205425e-01,-8.915535438536555946e-01,-1.362594502669156382e+00,-2.674394384688225657e-01,3.138968235973142451e-01,3.027533434089920483e+00,-5.407952618425498903e-01,4.250655841391335343e-01,-2.958779480846334686e-01,-4.872757218968044035e-01,-5.647389056778006067e-01,-4.829280709722902354e-01,-5.010128455017770488e-01,-9.245448483001975637e-01,8.996572516218772630e-01,-2.440887836729143182e-02,-5.941998554510771746e-02,1.374659906677842214e+00,5.354750218019320718e-01,-4.805784352658213909e-01,0.000000000000000000e+00,0.000000000000000000e+00,-2.392467030372219805e-01,-1.734114156426813935e-01,-1.068590490645627611e+00,-3.759446923536955976e-01,-3.667638828225963654e-01,-4.122754887853995465e-01,-2.489988027729138353e-01,-3.774647335768301359e-01,-4.668062001933125371e-01,1.664672360273756535e+00,1.865494782421661668e+00,-3.669621702617922865e-01,-4.602362970513234064e-01,-5.183686688943279358e-02,-5.183686688943279358e-02,-7.051398600435393460e-01,-1.040941436780788015e-01,-2.030901712371240009e-02,-8.401389803667852485e-02,-3.271524934852403366e-01,1.926060419058570616e+00,-7.103890521813077674e-01,-5.752567881263277033e-02,-3.801429606348526863e-02,8.717797887081346175e+00,-1.711160802546210780e-01,-7.340709118518067011e-02,-7.197411700355742237e-02,-1.244624194945742751e-01,-7.051263942166730025e-02,-2.872721242393142319e-02,-2.030901712371240009e-02,-2.019004323808653023e-01,-1.435916317235476011e-02,-1.435916317235476011e-02,-5.183686688943279358e-02,-3.801429606348527557e-02,-3.801429606348527557e-02,-1.558271304830920190e-01,-4.064318733121485144e-02,-8.148853797899899276e-02,-1.210011918676099085e-01,-5.569323991926412171e-02,-7.051263942166730025e-02,-4.979810447122927364e-02,-3.212131358814808435e-02,-2.030901712371240009e-02,-3.801429606348527557e-02,-6.749673070628271765e-02,-3.519076715388935045e-02,-1.435916317235476185e-02,-3.524455202264515918e-01,-3.753330286669139260e-01,-2.907009498669055336e-01,-4.311306135592269523e-02,-3.519076715388935045e-02,-3.801429606348527557e-02,-1.435916317235476011e-02,-1.286658602907498339e-01,-4.767312946227962589e-02,5.913962991410492975e-01,-2.487592975524973576e-02,-4.967123990818995694e-01,-1.786283982422259831e-01,-4.979810447122926670e-02,5.840947806181536750e-01,-2.030901712371240009e-02,-4.892821642774447533e-01,-1.767766952966368654e-01
4.047534668281686510e-01,-5.537123258831522232e-01,-5.507016019503075954e-01,-1.284019034700219164e+00,-9.557662735933646347e-01,-7.975749704674730545e-01,5.905777172739697933e-01,-4.963069089824175273e-01,-6.493539992246850634e-01,-6.302706439077716549e-01,-2.561638676274358706e-01,-3.064091508042205425e-01,-1.141714803437684222e-01,-1.662369355246243741e-01,-1.761860997889140579e-01,3.961123352473639447e-01,1.335038924697370621e+00,1.130343255530836949e-01,8.183559741398087339e-02,-4.212210557746654538e-01,-4.872757218968044035e-01,6.897882347921728829e-01,1.654266971584227974e+00,7.993394709216032901e-01,-6.457156870254534553e-01,-6.999821801495752505e-01,-1.363252006354677692e-01,-2.446980507093804713e-01,-1.097608809987749012e+00,7.508210002772911507e-01,-4.805784352658213909e-01,0.000000000000000000e+00,0.000000000000000000e+00,-2.392467030372219805e-01,-7.629130114959765674e-01,-1.736090558870059808e-01,2.060659312530684906e-01,-7.689340885351864108e-01,1.175405164375203482e+00,1.399519884253765056e+00,-3.774647335768301359e-01,1.696017942249628430e+00,-3.028481800313378436e-01,-2.472873054599261933e-01,-3.669621702617922865e-01,1.739375798511208382e+00,-5.183686688943279358e-02,-5.183686688943279358e-02,-7.051398600435393460e-01,-1.040941436780788015e-01,-2.030901712371240009e-02,-8.401389803667852485e-02,-3.271524934852403366e-01,1.926060419058570616e+00,-7.103890521813077674e-01,-5.752567881263277033e-02,-3.801429606348526863e-02,-1.147078669352808861e-01,-1.711160802546210780e-01,-7.340709118518067011e-02,-7.197411700355742237e-02,-1.244624194945742751e-01,-7.051263942166730025e-02,-2.872721242393142319e-02,-2.030901712371240009e-02,4.952936396459016066e+00,-1.435916317235476011e-02,-1.435916317235476011e-02,-5.183686688943279358e-02,-3.801429606348527557e-02,-3.801429606348527557e-02,-1.558271304830920190e-01,-4.064318733121485144e-02,-8.148853797899899276e-02,-1.210011918676099085e-01,-5.569323991926412171e-02,-7.051263942166730025e-02,-4.979810447122927364e-02,-3.212131358814808435e-02,-2.030901712371240009e-02,-3.801429606348527557e-02,-6.749673070628271765e-02,-3.519076715388935045e-02,-1.435916317235476185e-02,-3.524455202264515918e-01,-3.753330286669139260e-01,-2.907009498669055336e-01,-4.311306135592269523e-02,-3.519076715388935045e-02,-3.801429606348527557e-02,-1.435916317235476011e-02,-1.286658602907498339e-01,-4.767312946227962589e-02,-1.690913523558418063e+00,-2.487592975524973576e-02,2.013237442528823973e+00,-1.786283982422259831e-01,-4.979810447122926670e-02,5.840947806181536750e-01,-2.030901712371240009e-02,-4.892821642774447533e-01,-1.767766952966368654e-01
-1.296528246591666322e+00,-5.537123258831522232e-01,3.957657902934087701e+00,7.082331122151057645e-01,-7.763798233418204298e-01,-1.879164875360351816e-01,-4.966680157416004104e-01,-4.963069089824175273e-01,-6.493539992246850634e-01,1.151455984062275117e+00,8.414777418280475763e-01,-6.008461346790693741e-02,-7.827200549622713721e-01,-1.949044290485103526e+00,3.713339322905371831e-01,-1.988137502604078621e+00,-8.087874538665257296e-01,-1.801752323248414722e+00,-1.236479578871264806e+00,-1.705348403946014557e-01,-6.362483984730694930e-02,-6.292804948981121915e-02,-1.119539360244444781e+00,-1.135522108334872327e+00,1.306088441897754748e+00,-6.999821801495752505e-01,-8.078231342445260088e-01,1.721775959102332110e-01,1.975819473040296037e+00,6.646826088871474747e-01,-4.805784352658213909e-01,0.000000000000000000e+00,0.000000000000000000e+00,1.473574796521728292e-01,4.160901802106137248e-01,-1.736090558870059808e-01,-1.754701017793341311e+00,4.008272063083774539e-02,-7.298116194175201521e-01,-7.200041419233935702e-01,-3.774647335768301359e-01,-4.668062001933125371e-01,1.113666705592083056e-01,2.222198251804266556e-01,-3.669621702617922865e-01,-4.602362970513234064e-01,-5.183686688943279358e-02,-5.183686688943279358e-02,-7.051398600435393460e-01,-1.040941436780788015e-01,-2.030901712371240009e-02,-8.401389803667852485e-02,-3.271524934852403366e-01,-5.191945123345532709e-01,1.407679351095596942e+00,-5.752567881263277033e-02,-3.801429606348526863e-02,-1.147078669352808861e-01,-1.711160802546210780e-01,-7.340709118518067011e-02,-7.197411700355742237e-02,-1.244624194945742751e-01,-7.051263942166730025e-02,-2.872721242393142319e-02,-2.030901712371240009e-02,-2.019004323808653023e-01,-1.435916317235476011e-02,-1.435916317235476011e-02,-5.183686688943279358e-02,-3.801429606348527557e-02,-3.801429606348527557e-02,-1.558271304830920190e-01,-4.064318733121485144e-02,-8.148853797899899276e-02,-1.210011918676099085e-01,-5.569323991926412171e-02,-7.051263942166730025e-02,-4.979810447122927364e-02,-3.212131358814808435e-02,-2.030901712371240009e-02,-3.801429606348527557e-02,-6.749673070628271765e-02,-3.519076715388935045e-02,-1.435916317235476185e-02,-3.524455202264515918e-01,-3.753330286669139260e-01,-2.907009498669055336e-01,-4.311306135592269523e-02,-3.519076715388935045e-02,-3.801429606348527557e-02,-1.435916317235476011e-02,-1.286658602907498339e-01,-4.767312946227962589e-02,-1.690913523558418063e+00,-2.487592975524973576e-02,2.013237442528823973e+00,-1.786283982422259831e-01,-4.979810447122926670e-02,5.840947806181536750e-01,-2.030901712371240009e-02,-4.892821642774447533e-01,-1.767766952966368654e-01
-6.312336378046390362e-01,1.842414786390863091e+00,4.511560658017802483e-01,7.082331122151057645e-01,1.340380289626401433e+00,1.138987269432388372e+00,5.905777172739697933e-01,-4.963069089824175273e-01,5.168867450326074531e-01,-6.302706439077716549e-01,8.414777418280475763e-01,-2.030680912158415730e+00,1.345907799793956972e-01,4.358515132997480279e-01,1.888272549307201120e-01,-2.616117579530339854e-01,1.222205957404534304e+00,-2.707201460312350788e-02,-4.297530684971095222e-02,-1.215060737811534786e+00,-1.617011407362130893e+00,-1.819266046147774096e+00,1.222280739578122999e+00,5.565025925533816364e-01,6.554870655900186804e-01,1.419333102564523941e-01,-8.078231342445260088e-01,-1.773242088314630704e+00,-1.202811734101178587e+00,-1.015016023220653985e+00,-1.607196433309727501e+00,0.000000000000000000e+00,0.000000000000000000e+00,-2.945475981862985648e+00,-2.236667001129214238e+00,-2.261899070323790006e+00,-1.127517466145107505e+00,5.698517789864588901e-01,-1.470729257559134862e+00,-4.845014723481537167e-01,-3.774647335768301359e-01,-4.668062001933125371e-01,-1.545492731802976305e+00,-1.186301566740631808e+00,-3.669621702617922865e-01,-4.602362970513234064e-01,-5.183686688943279358e-02,-5.183686688943279358e-02,-7.051398600435393460e-01,-1.040941436780788015e-01,-2.030901712371240009e-02,-8.401389803667852485e-02,-3.271524934852403366e-01,-5.191945123345532709e-01,1.407679351095596942e+00,-5.752567881263277033e-02,-3.801429606348526863e-02,-1.147078669352808861e-01,-1.711160802546210780e-01,-7.340709118518067011e-02,-7.197411700355742237e-02,-1.244624194945742751e-01,-7.051263942166730025e-02,-2.872721242393142319e-02,-2.030901712371240009e-02,-2.019004323808653023e-01,-1.435916317235476011e-02,-1.435916317235476011e-02,-5.183686688943279358e-02,-3.801429606348527557e-02,-3.801429606348527557e-02,-1.558271304830920190e-01,-4.064318733121485144e-02,-8.148853797899899276e-02,-1.210011918676099085e-01,-5.569323991926412171e-02,-7.051263942166730025e-02,-4.979810447122927364e-02,-3.212131358814808435e-02,-2.030901712371240009e-02,-3.801429606348527557e-02,-6.749673070628271765e-02,-3.519076715388935045e-02,-1.435916317235476185e-02,-3.524455202264515918e-01,-3.753330286669139260e-01,-2.907009498669055336e-01,-4.311306135592269523e-02,-3.519076715388935045e-02,-3.801429606348527557e-02,-1.435916317235476011e-02,-1.286658602907498339e-01,-4.767312946227962589e-02,-1.690913523558418063e+00,-2.487592975524973576e-02,-4.967123990818995694e-01,5.598214000911362120e+00,-4.979810447122926670e-02,5.840947806181536750e-01,-2.030901712371240009e-02,-4.892821642774447533e-01,-1.767766952966368654e-01
-1.038942015010479447e-01,-5.537123258831522232e-01,-5.507016019503075954e-01,-1.284019034700219164e+00,-5.611160830399674060e-01,-7.258504430637744420e-01,-4.966680157416004104e-01,-4.963069089824175273e-01,-6.623362709603883292e-02,-6.302706439077716549e-01,-2.863188568981910875e-01,4.325644612047202520e-01,6.554367625310201229e-01,8.111793775019545683e-01,-4.499461158286396367e-01,-9.718073465293448898e-02,-5.831215192808524295e-01,3.465448924800957342e-01,7.136908002489211755e-01,4.979617339522358077e-01,-7.697096432631360674e-01,-3.138334775838059199e-01,-3.237752486542516683e-01,9.873422154647427673e-01,4.885689282282582209e-03,1.573189643946699467e+00,9.828380220462961114e-01,2.858709540792188086e+00,-1.029978358771973079e+00,-2.442452223400181505e-02,-7.622329347767978769e-01,0.000000000000000000e+00,0.000000000000000000e+00,-6.258508857266168457e-01,1.213393822839661657e-01,-7.702633457260871230e-01,-1.048955852159942470e+00,-5.738614970599765774e-01,1.169513956014681527e-01,-2.489988027729138353e-01,-3.774647335768301359e-01,-4.668062001933125371e-01,3.184740958544813871e-01,-1.253374013974976713e-02,-3.669621702617922865e-01,-4.602362970513234064e-01,-5.183686688943279358e-02,-5.183686688943279358e-02,1.418158377741196352e+00,-1.040941436780788015e-01,-2.030901712371240009e-02,-8.401389803667852485e-02,-3.271524934852403366e-01,-5.191945123345532709e-01,-7.103890521813077674e-01,-5.752567881263277033e-02,-3.801429606348526863e-02,-1.147078669352808861e-01,-1.711160802546210780e-01,-7.340709118518067011e-02,-7.197411700355742237e-02,-1.244624194945742751e-01,-7.051263942166730025e-02,-2.872721242393142319e-02,-2.030901712371240009e-02,-2.019004323808653023e-01,-1.435916317235476011e-02,-1.435916317235476011e-02,-5.183686688943279358e-02,-3.801429606348527557e-02,-3.801429606348527557e-02,-1.558271304830920190e-01,-4.064318733121485144e-02,-8.148853797899899276e-02,-1.210011918676099085e-01,-5.569323991926412171e-02,-7.051263942166730025e-02,-4.979810447122927364e-02,-3.212131358814808435e-02,-2.030901712371240009e-02,-3.801429606348527557e-02,-6.749673070628271765e-02,-3.519076715388935045e-02,-1.435916317235476185e-02,-3.524455202264515918e-01,2.664300564093018409e+00,-2.907009498669055336e-01,-4.311306135592269523e-02,-3.519076715388935045e-02,-3.801429606348527557e-02,-1.435916317235476011e-02,-1.286658602907498339e-01,-4.767312946227962589e-02,5.913962991410492975e-01,-2.487592975524973576e-02,-4.967123990818995694e-01,-1.786283982422259831e-01,-4.979810447122926670e-02,-1.712050908829709783e+00,-2.030901712371240009e-02,2.043810449286999731e+00,-1.767766952966368654e-01
-5.948425851111666107e-01,2.321640208845666020e+00,-5.507016019503075954e-01,7.082331122151057645e-01,9.098528090226952747e-01,-4.030900697471309080e-01,-4.966680157416004104e-01,-4.963069089824175273e-01,1.683127489289899970e+00,-3.636176791775609651e-02,8.414777418280475763e-01,-1.538031837485788644e+00,-6.738865660708870386e-01,4.436708438039608238e-01,8.276006256900798608e-01,6.725028864716499355e-02,-2.446226174023423960e-01,1.140480820031936515e+00,1.431353499765149362e+00,1.041115200609041169e+00,-1.334577485995799284e+00,-2.321076902335763581e+00,-8.163911272577045741e-01,-1.315691405188714080e+00,5.625440118317706073e-01,-6.999821801495752505e-01,6.470890552417668529e-01,4.500946936566423418e-01,1.344601928359719478e+00,-7.996700447452947946e-01,-1.043887434287774418e+00,0.000000000000000000e+00,0.000000000000000000e+00,-1.399059251105406521e+00,-1.057663809422624057e+00,-1.963571925404249408e+00,-1.441763922085767424e+00,-1.775695716456902717e+00,-7.298116194175201521e-01,-4.845014723481537167e-01,-3.774647335768301359e-01,-4.668062001933125371e-01,-7.170630306218840344e-01,-7.167944361002790421e-01,-3.669621702617922865e-01,-4.602362970513234064e-01,-5.183686688943279358e-02,-5.183686688943279358e-02,-7.051398600435393460e-01,-1.040941436780788015e-01,-2.030901712371240009e-02,-8.401389803667852485e-02,-3.271524934852403366e-01,-5.191945123345532709e-01,1.407679351095596942e+00,-5.752567881263277033e-02,-3.801429606348526863e-02,-1.147078669352808861e-01,-1.711160802546210780e-01,-7.340709118518067011e-02,-7.197411700355742237e-02,-1.244624194945742751e-01,-7.051263942166730025e-02,-2.872721242393142319e-02,-2.030901712371240009e-02,-2.019004323808653023e-01,-1.435916317235476011e-02,-1.435916317235476011e-02,-5.183686688943279358e-02,-3.801429606348527557e-02,-3.801429606348527557e-02,-1.558271304830920190e-01,-4.064318733121485144e-02,-8.148853797899899276e-02,-1.210011918676099085e-01,-5.569323991926412171e-02,-7.051263942166730025e-02,-4.979810447122927364e-02,-3.212131358814808435e-02,-2.030901712371240009e-02,-3.801429606348527557e-02,-6.749673070628271765e-02,-3.519076715388935045e-02,-1.435916317235476185e-02,-3.524455202264515918e-01,-3.753330286669139260e-01,-2.907009498669055336e-01,-4.311306135592269523e-02,-3.519076715388935045e-02,-3.801429606348527557e-02,-1.435916317235476011e-02,-1.286658602907498339e-01,-4.767312946227962589e-02,-1.690913523558418063e+00,-2.487592975524973576e-02,2.013237442528823973e+00,-1.786283982422259831e-01,-4.979810447122926670e-02,5.840947806181536750e-01,-2.030901712371240009e-02,-4.892821642774447533e-01,-1.767766952966368654e-01
7.812354483297286878e-01,-5.537123258831522232e-01,4.511560658017802483e-01,7.082331122151057645e-01,-1.305886024362612474e-01,7.086401050101969190e-01,-4.966680157416004104e-01,-4.963069089824175273e-01,5.168867450326074531e-01,-6.302706439077716549e-01,8.414777418280475763e-01,-6.008461346790693741e-02,2.201028069654832053e-01,-3.773588591383653656e-01,3.713339322905371831e-01,9.716209167977121197e-01,-2.446226174023423960e-01,-2.605825815301355264e-01,1.236336461853130952e+00,1.333582451885782394e+00,-4.872757218968044035e-01,1.879773786041834815e-01,4.568314512866042398e-01,-3.208435486479352394e-01,-8.316017945419494906e-01,-2.644978782475312235e-02,8.750744390088503744e-02,1.005928889149460659e+00,-6.392246406363781830e-01,3.201290433265728819e-01,-4.805784352658213909e-01,0.000000000000000000e+00,0.000000000000000000e+00,-2.392467030372219805e-01,1.213393822839661657e-01,-1.736090558870059808e-01,2.139990995521213524e+00,-1.723593481675071704e-01,-4.122754887853995465e-01,-2.489988027729138353e-01,-3.774647335768301359e-01,-4.668062001933125371e-01,-1.992944673837013236e-01,-7.167944361002790421e-01,-3.669621702617922865e-01,-4.602362970513234064e-01,-5.183686688943279358e-02,-5.183686688943279358e-02,-7.051398600435393460e-01,-1.040941436780788015e-01,-2.030901712371240009e-02,-8.401389803667852485e-02,-3.271524934852403366e-01,-5.191945123345532709e-01,1.407679351095596942e+00,-5.752567881263277033e-02,-3.801429606348526863e-02,-1.147078669352808861e-01,-1.711160802546210780e-01,-7.340709118518067011e-02,-7.197411700355742237e-02,-1.244624194945742751e-01,-7.051263942166730025e-02,-2.872721242393142319e-02,-2.030901712371240009e-02,-2.019004323808653023e-01,-1.435916317235476011e-02,-1.435916317235476011e-02,-5.183686688943279358e-02,-3.801429606348527557e-02,-3.801429606348527557e-02,-1.558271304830920190e-01,-4.064318733121485144e-02,-8.148853797899899276e-02,-1.210011918676099085e-01,-5.569323991926412171e-02,-7.051263942166730025e-02,-4.979810447122927364e-02,-3.212131358814808435e-02,-2.030901712371240009e-02,-3.801429606348527557e-02,-6.749673070628271765e-02,-3.519076715388935045e-02,-1.435916317235476185e-02,-3.524455202264515918e-01,-3.753330286669139260e-01,-2.907009498669055336e-01,-4.311306135592269523e-02,-3.519076715388935045e-02,-3.801429606348527557e-02,-1.435916317235476011e-02,-1.286658602907498339e-01,-4.767312946227962589e-02,5.913962991410492975e-01,-2.487592975524973576e-02,-4.967123990818995694e-01,-1.786283982422259831e-01,-4.979810447122926670e-02,5.840947806181536750e-01,-2.030901712371240009e-02,-4.892821642774447533e-01,-1.767766952966368654e-01
-2.569020366895115037e-01,8.839639414812570095e-01,-5.507016019503075954e-01,-2.878929612425566442e-01,-1.305886024362612474e-01,-4.748145971508294649e-01,5.905777172739697933e-01,-4.963069089824175273e-01,5.168867450326074531e-01,-6.302706439077716549e-01,-2.320398762108318025e-01,4.325644612047202520e-01,2.435829182714591319e-03,6.834297960175468589e-02,6.450939483302627897e-01,-9.718073465293448898e-02,2.350535630332900805e+00,2.064385523238884967e-01,1.049120105457593155e+00,1.219324108821398522e-01,-4.872757218968044035e-01,-3.138334775838059199e-01,-8.921781855043895426e-01,-6.576817992877266317e-01,-9.245448483001975637e-01,-2.644978782475312235e-02,-4.720741674399969168e-01,7.953856332809684793e-02,2.474857197482411009e-01,-6.704624576600792807e-01,-4.805784352658213909e-01,0.000000000000000000e+00,0.000000000000000000e+00,-2.392467030372219805e-01,-1.734114156426813935e-01,-1.736090558870059808e-01,-2.063825421690477779e-01,-2.739039848258355558e-01,8.578690337430828761e-01,2.220065363775658440e-01,-3.774647335768301359e-01,1.696017942249628430e+00,-1.992944673837013236e-01,-1.253374013974976713e-02,-3.669621702617922865e-01,-4.602362970513234064e-01,-5.183686688943279358e-02,-5.183686688943279358e-02,-7.051398600435393460e-01,-1.040941436780788015e-01,-2.030901712371240009e-02,-8.401389803667852485e-02,-3.271524934852403366e-01,1.926060419058570616e+00,-7.103890521813077674e-01,-5.752567881263277033e-02,-3.801429606348526863e-02,-1.147078669352808861e-01,-1.711160802546210780e-01,-7.340709118518067011e-02,-7.197411700355742237e-02,-1.244624194945742751e-01,-7.051263942166730025e-02,-2.872721242393142319e-02,-2.030901712371240009e-02,-2.019004323808653023e-01,-1.435916317235476011e-02,-1.435916317235476011e-02,-5.183686688943279358e-02,-3.801429606348527557e-02,-3.801429606348527557e-02,-1.558271304830920190e-01,-4.064318733121485144e-02,-8.148853797899899276e-02,-1.210011918676099085e-01,-5.569323991926412171e-02,-7.051263942166730025e-02,-4.979810447122927364e-02,-3.212131358814808435e-02,-2.030901712371240009e-02,-3.801429606348527557e-02,-6.749673070628271765e-02,-3.519076715388935045e-02,-1.435916317235476185e-02,-3.524455202264515918e-01,-3.753330286669139260e-01,3.439961240091715222e+00,-4.311306135592269523e-02,-3.519076715388935045e-02,-3.801429606348527557e-02,-1.435916317235476011e-02,-1.286658602907498339e-01,-4.767312946227962589e-02,5.913962991410492975e-01,-2.487592975524973576e-02,-4.967123990818995694e-01,-1.786283982422259831e-01,-4.979810447122926670e-02,5.840947806181536750e-01,-2.030901712371240009e-02,-4.892821642774447533e-01,-1.767766952966368654e-01
2.593546699301584324e-01,-5.537123258831522232e-01,-5.507016019503075954e-01,-1.284019034700219164e+00,-8.840116934927469972e-01,-1.012748552678568670e+00,-4.966680157416004104e-01,-4.963069089824175273e-01,-6.623362709603883292e-02,-6.302706439077716549e-01,-1.552828406269902706e+00,-3.064091508042205425e-01,3.289362958568675110e-01,-7.839640453574219237e-01,-1.761860997889140579e-01,3.138968235973142451e-01,-8.087874538665257296e-01,5.333533460217053657e-01,-7.294352803000163643e-01,-7.136883070514067340e-01,-4.872757218968044035e-01,-6.292804948981121915e-02,-4.147197185502737860e-01,-9.240190207238405673e-01,-6.457156870254534553e-01,1.419333102564523941e-01,-2.440887836729143182e-02,-4.762956321647214275e-01,-4.588767707276420471e-01,-5.412548705748637667e-01,-7.622329347767978769e-01,0.000000000000000000e+00,0.000000000000000000e+00,-2.392467030372219805e-01,-4.681622135693289666e-01,-4.719362008065465242e-01,-7.255438745876798823e-01,-1.094277759933909522e+00,-3.064301119080259928e-01,2.220065363775658440e-01,-3.774647335768301359e-01,1.696017942249628430e+00,-6.135093179742474589e-01,2.222198251804266556e-01,9.137094037957288473e-01,-4.602362970513234064e-01,-5.183686688943279358e-02,-5.183686688943279358e-02,1.418158377741196352e+00,-1.040941436780788015e-01,-2.030901712371240009e-02,-8.401389803667852485e-02,-3.271524934852403366e-01,-5.191945123345532709e-01,-7.103890521813077674e-01,-5.752567881263277033e-02,-3.801429606348526863e-02,-1.147078669352808861e-01,-1.711160802546210780e-01,-7.340709118518067011e-02,-7.197411700355742237e-02,-1.244624194945742751e-01,-7.051263942166730025e-02,-2.872721242393142319e-02,-2.030901712371240009e-02,-2.019004323808653023e-01,-1.435916317235476011e-02,-1.435916317235476011e-02,-5.183686688943279358e-02,-3.801429606348527557e-02,-3.801429606348527557e-02,-1.558271304830920190e-01,-4.064318733121485144e-02,-8.148853797899899276e-02,-1.210011918676099085e-01,-5.569323991926412171e-02,-7.051263942166730025e-02,-4.979810447122927364e-02,-3.212131358814808435e-02,-2.030901712371240009e-02,-3.801429606348527557e-02,-6.749673070628271765e-02,-3.519076715388935045e-02,-1.435916317235476185e-02,-3.524455202264515918e-01,2.664300564093018409e+00,-2.907009498669055336e-01,-4.311306135592269523e-02,-3.519076715388935045e-02,-3.801429606348527557e-02,-1.435916317235476011e-02,-1.286658602907498339e-01,-4.767312946227962589e-02,5.913962991410492975e-01,-2.487592975524973576e-02,-4.967123990818995694e-01,-1.786283982422259831e-01,-4.979810447122926670e-02,5.840947806181536750e-01,-2.030901712371240009e-02,-4.892821642774447533e-01,-1.767766952966368654e-01
1.404589200097853749e-02,-5.537123258831522232e-01,-5.507016019503075954e-01,-1.284019034700219164e+00,-2.382204725871877871e-01,-6.899881793619251358e-01,-4.966680157416004104e-01,-4.963069089824175273e-01,-6.623362709603883292e-02,-6.302706439077716549e-01,-6.542097260014024807e-01,1.862399238684066816e-01,-5.728268978146017210e-01,3.342002167449839578e-01,1.888272549307201120e-01,1.300482963397911140e+00,-8.087874538665257296e-01,-7.377412798852590881e-02,-3.316005229594985448e-01,7.486479493322998335e-01,-4.872757218968044035e-01,-8.156443337717953490e-01,8.054519192213553946e-01,5.565025925533816364e-01,-1.810004182342134504e-01,6.470826045000689364e-01,-8.078231342445260088e-01,-1.520590181272440944e-01,-6.467391352159088669e-01,7.938901959723629886e-01,-4.805784352658213909e-01,0.000000000000000000e+00,0.000000000000000000e+00,-2.392467030372219805e-01,-1.734114156426813935e-01,-7.702633457260871230e-01,-7.871991944315465117e-02,1.151729269311485337e+00,4.344875262335887722e-01,2.220065363775658440e-01,-3.774647335768301359e-01,-4.668062001933125371e-01,4.220278085021179071e-01,2.100248347741838106e+00,-3.669621702617922865e-01,1.739375798511208382e+00,-5.183686688943279358e-02,-5.183686688943279358e-02,1.418158377741196352e+00,-1.040941436780788015e-01,-2.030901712371240009e-02,-8.401389803667852485e-02,-3.271524934852403366e-01,-5.191945123345532709e-01,-7.103890521813077674e-01,-5.752567881263277033e-02,-3.801429606348526863e-02,-1.147078669352808861e-01,-1.711160802546210780e-01,-7.340709118518067011e-02,-7.197411700355742237e-02,-1.244624194945742751e-01,-7.051263942166730025e-02,-2.872721242393142319e-02,-2.030901712371240009e-02,-2.019004323808653023e-01,-1.435916317235476011e-02,-1.435916317235476011e-02,-5.183686688943279358e-02,-3.801429606348527557e-02,-3.801429606348527557e-02,-1.558271304830920190e-01,-4.064318733121485144e-02,-8.148853797899899276e-02,-1.210011918676099085e-01,-5.569323991926412171e-02,-7.051263942166730025e-02,-4.979810447122927364e-02,-3.212131358814808435e-02,-2.030901712371240009e-02,-3.801429606348527557e-02,-6.749673070628271765e-02,-3.519076715388935045e-02,-1.435916317235476185e-02,-3.524455202264515918e-01,2.664300564093018409e+00,-2.907009498669055336e-01,-4.311306135592269523e-02,-3.519076715388935045e-02,-3.801429606348527557e-02,-1.435916317235476011e-02,-1.286658602907498339e-01,-4.767312946227962589e-02,-1.690913523558418063e+00,-2.487592975524973576e-02,2.013237442528823973e+00,-1.786283982422259831e-01,-4.979810447122926670e-02,5.840947806181536750e-01,-2.030901712371240009e-02,-4.892821642774447533e-01,-1.767766952966368654e-01
-3.743458885638997202e-01,-5.537123258831522232e-01,-5.507016019503075954e-01,-2.878929612425566442e-01,-1.664658924865700940e-01,-8.334372341693222497e-01,-4.966680157416004104e-01,-4.963069089824175273e-01,-6.623362709603883292e-02,-6.302706439077716549e-01,8.414777418280475763e-01,-1.538031837485788644e+00,4.066745022078559479e-01,2.247295896860070363e-01,-1.761860997889140579e-01,5.605433585474633995e-01,-8.087874538665257296e-01,-4.940931484571475241e-01,-6.124250575528051854e-01,9.993341647123638039e-01,-1.052143564629467676e+00,-1.568360618053779465e+00,-3.616687777775943746e-01,-3.130101009586379601e-01,9.782874304053058856e-02,1.419333102564523941e-01,4.232564107054141989e-01,-7.078932136200624115e-01,-7.369130701702769626e-01,-5.412548705748637667e-01,-1.325541933798751071e+00,0.000000000000000000e+00,0.000000000000000000e+00,-1.399059251105406521e+00,-2.236667001129214238e+00,-1.366917635565168210e+00,-2.372678965353914801e-02,1.048842321825341484e-01,3.286421493562152185e-01,9.285145451032854602e-01,-3.774647335768301359e-01,-4.668062001933125371e-01,1.113666705592083056e-01,-1.253374013974976713e-02,-3.669621702617922865e-01,-4.602362970513234064e-01,-5.183686688943279358e-02,-5.183686688943279358e-02,1.418158377741196352e+00,-1.040941436780788015e-01,-2.030901712371240009e-02,-8.401389803667852485e-02,-3.271524934852403366e-01,-5.191945123345532709e-01,-7.103890521813077674e-01,-5.752567881263277033e-02,-3.801429606348526863e-02,-1.147078669352808861e-01,-1.711160802546210780e-01,-7.340709118518067011e-02,-7.197411700355742237e-02,-1.244624194945742751e-01,-7.051263942166730025e-02,-2.872721242393142319e-02,-2.030901712371240009e-02,-2.019004323808653023e-01,-1.435916317235476011e-02,-1.435916317235476011e-02,-5.183686688943279358e-02,-3.801429606348527557e-02,-3.801429606348527557e-02,-1.558271304830920190e-01,-4.064318733121485144e-02,-8.148853797899899276e-02,-1.210011918676099085e-01,-5.569323991926412171e-02,-7.051263942166730025e-02,-4.979810447122927364e-02,-3.212131358814808435e-02,-2.030901712371240009e-02,-3.801429606348527557e-02,-6.749673070628271765e-02,-3.519076715388935045e-02,-1.435916317235476185e-02,-3.524455202264515918e-01,-3.753330286669139260e-01,-2.907009498669055336e-01,-4.311306135592269523e-02,-3.519076715388935045e-02,-3.801429606348527557e-02,-1.435916317235476011e-02,-1.286658602907498339e-01,-4.767312946227962589e-02,5.913962991410492975e-01,-2.487592975524973576e-02,-4.967123990818995694e-01,-1.786283982422259831e-01,-4.979810447122926670e-02,5.840947806181536750e-01,-2.030901712371240009e-02,-4.892821642774447533e-01,-1.767766952966368654e-01
7.263923089922315508e-03,-5.537123258831522232e-01,-5.507016019503075954e-01,-1.284019034700219164e+00,-9.198889835430558160e-01,-4.030900697471309080e-01,-4.966680157416004104e-01,-4.963069089824175273e-01,-6.493539992246850634e-01,-6.302706439077716549e-01,-6.361167324389496169e-01,1.171538073213661102e+00,-1.530405835192626407e-01,4.984061573334491180e-01,7.363472870101713808e-01,1.053836428447761930e+00,-8.087874538665257296e-01,-2.605825815301355264e-01,-1.072665267025169067e+00,-5.465641634646974945e-01,3.600260422021904771e-01,1.191599090980162368e+00,-5.738725408683124085e-01,1.629684925987134880e+00,9.343162268647626778e-01,3.103164083376579452e-01,-3.601578451718204787e-01,-1.032129827657539689e+00,-9.022319509199517862e-01,1.224582152923081368e+00,9.276940622890612609e-01,0.000000000000000000e+00,0.000000000000000000e+00,9.205658450309623930e-01,1.213393822839661657e-01,1.616353813630237335e+00,1.047329881010877095e+00,-3.393735531976525555e-01,-7.298116194175201521e-01,-7.200041419233935702e-01,-3.774647335768301359e-01,-4.668062001933125371e-01,-7.170630306218840344e-01,-1.655808697380984684e+00,-3.669621702617922865e-01,-4.602362970513234064e-01,-5.183686688943279358e-02,-5.183686688943279358e-02,1.418158377741196352e+00,-1.040941436780788015e-01,-2.030901712371240009e-02,-8.401389803667852485e-02,-3.271524934852403366e-01,-5.191945123345532709e-01,-7.103890521813077674e-01,-5.752567881263277033e-02,-3.801429606348526863e-02,-1.147078669352808861e-01,-1.711160802546210780e-01,-7.340709118518067011e-02,-7.197411700355742237e-02,-1.244624194945742751e-01,-7.051263942166730025e-02,-2.872721242393142319e-02,-2.030901712371240009e-02,-2.019004323808653023e-01,-1.435916317235476011e-02,-1.435916317235476011e-02,-5.183686688943279358e-02,-3.801429606348527557e-02,-3.801429606348527557e-02,-1.558271304830920190e-01,-4.064318733121485144e-02,-8.148853797899899276e-02,-1.210011918676099085e-01,-5.569323991926412171e-02,-7.051263942166730025e-02,-4.979810447122927364e-02,-3.212131358814808435e-02,-2.030901712371240009e-02,-3.801429606348527557e-02,-6.749673070628271765e-02,-3.519076715388935045e-02,-1.435916317235476185e-02,2.837317947345407543e+00,-3.753330286669139260e-01,-2.907009498669055336e-01,-4.311306135592269523e-02,-3.519076715388935045e-02,-3.801429606348527557e-02,-1.435916317235476011e-02,-1.286658602907498339e-01,-4.767312946227962589e-02,-1.690913523558418063e+00,-2.487592975524973576e-02,-4.967123990818995694e-01,5.598214000911362120e+00,-4.979810447122926670e-02,-1.712050908829709783e+00,-2.030901712371240009e-02,2.043810449286999731e+00,-1.767766952966368654e-01
5.016859980935087782e-01,1.363189363936059939e+00,-4.977276807426366662e-02,7.082331122151057645e-01,4.075707483183714230e-01,-7.975749704674730545e-01,-4.966680157416004104e-01,2.964524162613712210e+00,5.168867450326074531e-01,-3.636176791775609651e-02,-1.938812268935567129e+00,1.171538073213661102e+00,1.798347045291234791e-02,1.465362846438810485e-01,6.450939483302627897e-01,-8.371203395033821604e-01,6.580411209403509432e-01,5.800554594071076764e-01,6.434846666005945570e-01,1.219324108821398522e-01,9.248938849348538049e-01,6.897882347921728829e-01,-1.797798379855501116e-01,-1.206023137538549506e+00,4.885689282282582209e-03,-3.632159839871641482e-01,1.766252277923530567e+00,-2.446980507093804713e-01,3.151161709640172282e-01,-1.015016023220653985e+00,3.643850632671082335e-01,0.000000000000000000e+00,0.000000000000000000e+00,5.339616623415676111e-01,7.108409781372613256e-01,4.230452339520751615e-01,-6.384714190874553053e-01,7.816195937771089342e-02,6.461782799883358797e-01,1.635022553829005076e+00,-3.774647335768301359e-01,1.696017942249628430e+00,3.010870624693031683e+00,2.100248347741838106e+00,-3.669621702617922865e-01,-4.602362970513234064e-01,-5.183686688943279358e-02,-5.183686688943279358e-02,1.418158377741196352e+00,-1.040941436780788015e-01,-2.030901712371240009e-02,-8.401389803667852485e-02,-3.271524934852403366e-01,-5.191945123345532709e-01,-7.103890521813077674e-01,-5.752567881263277033e-02,-3.801429606348526863e-02,-1.147078669352808861e-01,-1.711160802546210780e-01,-7.340709118518067011e-02,-7.197411700355742237e-02,-1.244624194945742751e-01,-7.051263942166730025e-02,-2.872721242393142319e-02,-2.030901712371240009e-02,-2.019004323808653023e-01,-1.435916317235476011e-02,-1.435916317235476011e-02,-5.183686688943279358e-02,-3.801429606348527557e-02,-3.801429606348527557e-02,-1.558271304830920190e-01,-4.064318733121485144e-02,-8.148853797899899276e-02,-1.210011918676099085e-01,-5.569323991926412171e-02,-7.051263942166730025e-02,-4.979810447122927364e-02,-3.212131358814808435e-02,-2.030901712371240009e-02,-3.801429606348527557e-02,-6.749673070628271765e-02,-3.519076715388935045e-02,-1.435916317235476185e-02,2.837317947345407543e+00,-3.753330286669139260e-01,-2.907009498669055336e-01,-4.311306135592269523e-02,-3.519076715388935045e-02,-3.801429606348527557e-02,-1.435916317235476011e-02,-1.286658602907498339e-01,-4.767312946227962589e-02,5.913962991410492975e-01,-2.487592975524973576e-02,-4.967123990818995694e-01,-1.786283982422259831e-01,-4.979810447122926670e-02,5.840947806181536750e-01,-2.030901712371240009e-02,-4.892821642774447533e-01,-1.767766952966368654e-01
1.712350155654984052e+00,-5.537123258831522232e-01,9.520848996778241702e-01,-2.878929612425566442e-01,-5.969933730902762248e-01,-5.824013882563773281e-01,-4.966680157416004104e-01,2.964524162613712210e+00,-6.623362709603883292e-02,-3.636176791775609651e-02,-8.049846723551776773e-01,1.171538073213661102e+00,1.798347045291234791e-02,1.465362846438810485e-01,6.450939483302627897e-01,-8.371203395033821604e-01,6.580411209403509432e-01,5.800554594071076764e-01,6.434846666005945570e-01,1.219324108821398522e-01,9.248938849348538049e-01,-6.292804948981121915e-02,-8.239698330823731487e-01,-9.396859161024354590e-01,4.885689282282582209e-03,8.154657025812744875e-01,4.232564107054141989e-01,-6.152541810379259513e-01,7.208988782586736033e-01,3.631982390216446643e-01,-5.809668599935657873e-02,0.000000000000000000e+00,0.000000000000000000e+00,5.339616623415676111e-01,7.108409781372613256e-01,7.213723788716157603e-01,-5.376506811398268360e-01,1.623371187129041548e-01,6.461782799883358797e-01,1.635022553829005076e+00,-3.774647335768301359e-01,1.696017942249628430e+00,8.362426590926641534e-01,4.569733905006030938e-01,-3.669621702617922865e-01,-4.602362970513234064e-01,-5.183686688943279358e-02,-5.183686688943279358e-02,-7.051398600435393460e-01,-1.040941436780788015e-01,-2.030901712371240009e-02,-8.401389803667852485e-02,-3.271524934852403366e-01,1.926060419058570616e+00,-7.103890521813077674e-01,-5.752567881263277033e-02,-3.801429606348526863e-02,-1.147078669352808861e-01,-1.711160802546210780e-01,-7.340709118518067011e-02,-7.197411700355742237e-02,-1.244624194945742751e-01,-7.051263942166730025e-02,-2.872721242393142319e-02,-2.030901712371240009e-02,-2.019004323808653023e-01,-1.435916317235476011e-02,-1.435916317235476011e-02,-5.183686688943279358e-02,-3.801429606348527557e-02,-3.801429606348527557e-02,-1.558271304830920190e-01,-4.064318733121485144e-02,-8.148853797899899276e-02,-1.210011918676099085e-01,-5.569323991926412171e-02,-7.051263942166730025e-02,-4.979810447122927364e-02,-3.212131358814808435e-02,-2.030901712371240009e-02,-3.801429606348527557e-02,-6.749673070628271765e-02,-3.519076715388935045e-02,-1.435916317235476185e-02,-3.524455202264515918e-01,-3.753330286669139260e-01,-2.907009498669055336e-01,-4.311306135592269523e-02,-3.519076715388935045e-02,-3.801429606348527557e-02,-1.435916317235476011e-02,7.772069434271623223e+00,-4.767312946227962589e-02,5.913962991410492975e-01,-2.487592975524973576e-02,-4.967123990818995694e-01,-1.786283982422259831e-01,-4.979810447122926670e-02,-1.712050908829709783e+00,-2.030901712371240009e-02,2.043810449286999731e+00,-1.767766952966368654e-01
1.096845123507662167e+00,-7.448690342834912714e-02,-5.507016019503075954e-01,-1.284019034700219164e+00,-9.916435636436735646e-01,-9.768862889767194746e-01,1.677823450289539942e+00,-4.963069089824175273e-01,-6.493539992246850634e-01,-3.636176791775609651e-02,-1.299526496395560393e+00,-1.045382762813161337e+00,1.656860625197912329e-01,4.045741912828975106e-01,7.363472870101713808e-01,-1.496522300288474598e-02,1.222205957404534304e+00,-2.707201460312350788e-02,6.434846666005945570e-01,2.472755185721718374e-01,-4.872757218968044035e-01,-5.647389056778006067e-01,3.128360406179026554e-01,3.293326095637549300e-01,5.625440118317706073e-01,2.261248592970551696e-01,-1.363252006354677692e-01,-5.941998554510771746e-02,-3.010723845574979629e-01,-4.551164791847201463e-01,-4.805784352658213909e-01,0.000000000000000000e+00,0.000000000000000000e+00,-2.392467030372219805e-01,-1.734114156426813935e-01,-7.702633457260871230e-01,-7.327453558696532809e-01,1.603329482525424066e-01,-2.005847350306524668e-01,-1.349613319767399566e-02,-3.774647335768301359e-01,-4.668062001933125371e-01,4.220278085021179071e-01,1.161234086461132353e+00,9.137094037957288473e-01,-4.602362970513234064e-01,-5.183686688943279358e-02,-5.183686688943279358e-02,-7.051398600435393460e-01,-1.040941436780788015e-01,-2.030901712371240009e-02,-8.401389803667852485e-02,-3.271524934852403366e-01,1.926060419058570616e+00,-7.103890521813077674e-01,-5.752567881263277033e-02,-3.801429606348526863e-02,-1.147078669352808861e-01,-1.711160802546210780e-01,-7.340709118518067011e-02,-7.197411700355742237e-02,-1.244624194945742751e-01,-7.051263942166730025e-02,-2.872721242393142319e-02,-2.030901712371240009e-02,4.952936396459016066e+00,-1.435916317235476011e-02,-1.435916317235476011e-02,-5.183686688943279358e-02,-3.801429606348527557e-02,-3.801429606348527557e-02,-1.558271304830920190e-01,-4.064318733121485144e-02,-8.148853797899899276e-02,-1.210011918676099085e-01,-5.569323991926412171e-02,-7.051263942166730025e-02,-4.979810447122927364e-02,-3.212131358814808435e-02,-2.030901712371240009e-02,-3.801429606348527557e-02,-6.749673070628271765e-02,-3.519076715388935045e-02,-1.435916317235476185e-02,-3.524455202264515918e-01,-3.753330286669139260e-01,-2.907009498669055336e-01,-4.311306135592269523e-02,-3.519076715388935045e-02,-3.801429606348527557e-02,-1.435916317235476011e-02,-1.286658602907498339e-01,-4.767312946227962589e-02,5.913962991410492975e-01,-2.487592975524973576e-02,-4.967123990818995694e-01,-1.786283982422259831e-01,-4.979810447122926670e-02,5.840947806181536750e-01,-2.030901712371240009e-02,-4.892821642774447533e-01,-1.767766952966368654e-01
9.203485179443209319e-01,8.839639414812570095e-01,-4.977276807426366662e-02,-2.878929612425566442e-01,-5.883402233564356820e-02,9.898162207875908780e-02,1.677823450289539942e+00,-4.963069089824175273e-01,5.168867450326074531e-01,-3.636176791775609651e-02,-6.903957131263085412e-01,-7.990582254768477943e-01,-6.752855653317514639e-02,9.753853180904197284e-01,6.320577570903027943e-03,3.138968235973142451e-01,1.447871891990207383e+00,1.280587160188143780e+00,3.626601320072875279e-01,9.575531288156864385e-01,-1.052143564629467676e+00,-8.156443337717953490e-01,-4.071410127256051004e-01,3.214991618744572621e-01,3.766579043152746276e-01,1.068040349703082814e+00,8.750744390088503744e-02,3.574556610745059926e-01,8.787032644288176320e-01,-2.828396964044327944e-01,-1.043887434287774418e+00,0.000000000000000000e+00,0.000000000000000000e+00,-1.012455068416011628e+00,-1.352414607349271769e+00,-7.702633457260871230e-01,-9.422429931634266342e-01,-2.812526098471619385e-01,-2.005847350306524668e-01,-9.555068114986333683e-01,-3.774647335768301359e-01,-4.668062001933125371e-01,-1.027724168564793761e+00,-9.515480014204554804e-01,-3.669621702617922865e-01,-4.602362970513234064e-01,-5.183686688943279358e-02,-5.183686688943279358e-02,-7.051398600435393460e-01,-1.040941436780788015e-01,-2.030901712371240009e-02,-8.401389803667852485e-02,-3.271524934852403366e-01,1.926060419058570616e+00,-7.103890521813077674e-01,-5.752567881263277033e-02,-3.801429606348526863e-02,-1.147078669352808861e-01,-1.711160802546210780e-01,-7.340709118518067011e-02,-7.197411700355742237e-02,-1.244624194945742751e-01,-7.051263942166730025e-02,-2.872721242393142319e-02,-2.030901712371240009e-02,-2.019004323808653023e-01,-1.435916317235476011e-02,-1.435916317235476011e-02,-5.183686688943279358e-02,-3.801429606348527557e-02,-3.801429606348527557e-02,-1.558271304830920190e-01,-4.064318733121485144e-02,-8.148853797899899276e-02,-1.210011918676099085e-01,-5.569323991926412171e-02,-7.051263942166730025e-02,-4.979810447122927364e-02,-3.212131358814808435e-02,-2.030901712371240009e-02,-3.801429606348527557e-02,-6.749673070628271765e-02,-3.519076715388935045e-02,-1.435916317235476185e-02,-3.524455202264515918e-01,-3.753330286669139260e-01,3.439961240091715222e+00,-4.311306135592269523e-02,-3.519076715388935045e-02,-3.801429606348527557e-02,-1.435916317235476011e-02,-1.286658602907498339e-01,-4.767312946227962589e-02,5.913962991410492975e-01,-2.487592975524973576e-02,-4.967123990818995694e-01,-1.786283982422259831e-01,-4.979810447122926670e-02,-1.712050908829709783e+00,-2.030901712371240009e-02,-4.892821642774447533e-01,-1.767766952966368654e-01
-1.114572983124304306e+00,-5.537123258831522232e-01,2.454871401305955825e+00,-1.284019034700219164e+00,-1.099275433794600021e+00,9.898162207875908780e-02,-4.966680157416004104e-01,1.810913805415002020e+00,-6.493539992246850634e-01,1.151455984062275117e+00,-1.365867472791221671e+00,-6.008461346790693741e-02,4.222221434780537019e-01,-9.586296098671048815e-02,2.013894028528890878e+00,-1.412628921053730391e+00,-1.895668281666913063e-02,8.602681397195220958e-01,-5.266175608715170098e-01,-5.047831275680201291e-01,1.320301374847718145e+00,6.897882347921728829e-01,-3.086178370049146302e-01,-8.535179915201633882e-01,9.343162268647626778e-01,-1.205131474393191793e+00,8.750744390088503744e-02,7.953856332809684793e-02,1.720326657336253007e+00,-2.828396964044327944e-01,9.276940622890612609e-01,0.000000000000000000e+00,0.000000000000000000e+00,2.080378393099147072e+00,7.108409781372613256e-01,7.213723788716157603e-01,2.008284903207241678e-01,4.329001308617396737e-01,2.227967724788416926e-01,4.575092059528056976e-01,9.257960654133498002e-01,1.696017942249628430e+00,-1.992944673837013236e-01,6.917269558207794766e-01,-3.669621702617922865e-01,-4.602362970513234064e-01,-5.183686688943279358e-02,-5.183686688943279358e-02,1.418158377741196352e+00,-1.040941436780788015e-01,-2.030901712371240009e-02,-8.401389803667852485e-02,-3.271524934852403366e-01,-5.191945123345532709e-01,-7.103890521813077674e-01,-5.752567881263277033e-02,-3.801429606348526863e-02,-1.147078669352808861e-01,-1.711160802546210780e-01,-7.340709118518067011e-02,-7.197411700355742237e-02,-1.244624194945742751e-01,-7.051263942166730025e-02,-2.872721242393142319e-02,-2.030901712371240009e-02,-2.019004323808653023e-01,-1.435916317235476011e-02,6.964194138592058891e+01,-5.183686688943279358e-02,-3.801429606348527557e-02,-3.801429606348527557e-02,-1.558271304830920190e-01,-4.064318733121485144e-02,-8.148853797899899276e-02,-1.210011918676099085e-01,-5.569323991926412171e-02,-7.051263942166730025e-02,-4.979810447122927364e-02,-3.212131358814808435e-02,-2.030901712371240009e-02,-3.801429606348527557e-02,-6.749673070628271765e-02,-3.519076715388935045e-02,-1.435916317235476185e-02,-3.524455202264515918e-01,-3.753330286669139260e-01,-2.907009498669055336e-01,-4.311306135592269523e-02,-3.519076715388935045e-02,-3.801429606348527557e-02,-1.435916317235476011e-02,-1.286658602907498339e-01,-4.767312946227962589e-02,5.913962991410492975e-01,-2.487592975524973576e-02,-4.967123990818995694e-01,-1.786283982422259831e-01,-4.979810447122926670e-02,5.840947806181536750e-01,-2.030901712371240009e-02,-4.892821642774447533e-01,-1.767766952966368654e-01
-7.936700639182294736e-01,-5.537123258831522232e-01,-5.507016019503075954e-01,7.082331122151057645e-01,2.057926090632578031e+00,-4.446743272863804691e-02,-4.966680157416004104e-01,-4.963069089824175273e-01,-6.493539992246850634e-01,-6.302706439077716549e-01,8.414777418280475763e-01,6.788889985410339056e-01,1.034954974390001892e-01,1.272519877250499531e+00,-6.324527931884567078e-01,-5.082582929031832508e-01,-8.087874538665257296e-01,1.280587160188143780e+00,2.846533168424801863e-01,4.979617339522358077e-01,9.248938849348538049e-01,6.897882347921728829e-01,1.987730027869642591e+00,-3.883943183322639131e-02,5.625440118317706073e-01,1.419333102564523941e-01,-8.078231342445260088e-01,2.858709540792188086e+00,-9.247754346585436158e-01,1.009236174447722290e+00,9.276940622890612609e-01,0.000000000000000000e+00,0.000000000000000000e+00,9.205658450309623930e-01,7.108409781372613256e-01,1.019699523791156359e+00,-1.672866003225461196e+00,-1.402926208017192533e-01,-4.122754887853995465e-01,-9.555068114986333683e-01,-3.774647335768301359e-01,1.696017942249628430e+00,-1.131277881212430225e+00,-9.515480014204554804e-01,-3.669621702617922865e-01,-4.602362970513234064e-01,-5.183686688943279358e-02,-5.183686688943279358e-02,-7.051398600435393460e-01,-1.040941436780788015e-01,-2.030901712371240009e-02,-8.401389803667852485e-02,-3.271524934852403366e-01,-5.191945123345532709e-01,1.407679351095596942e+00,-5.752567881263277033e-02,-3.801429606348526863e-02,-1.147078669352808861e-01,-1.711160802546210780e-01,-7.340709118518067011e-02,-7.197411700355742237e-02,-1.244624194945742751e-01,-7.051263942166730025e-02,-2.872721242393142319e-02,-2.030901712371240009e-02,-2.019004323808653023e-01,-1.435916317235476011e-02,-1.435916317235476011e-02,-5.183686688943279358e-02,-3.801429606348527557e-02,-3.801429606348527557e-02,-1.558271304830920190e-01,-4.064318733121485144e-02,-8.148853797899899276e-02,-1.210011918676099085e-01,-5.569323991926412171e-02,-7.051263942166730025e-02,-4.979810447122927364e-02,-3.212131358814808435e-02,-2.030901712371240009e-02,-3.801429606348527557e-02,-6.749673070628271765e-02,-3.519076715388935045e-02,-1.435916317235476185e-02,-3.524455202264515918e-01,-3.753330286669139260e-01,-2.907009498669055336e-01,-4.311306135592269523e-02,-3.519076715388935045e-02,-3.801429606348527557e-02,-1.435916317235476011e-02,-1.286658602907498339e-01,-4.767312946227962589e-02,-1.690913523558418063e+00,-2.487592975524973576e-02,2.013237442528823973e+00,-1.786283982422259831e-01,-4.979810447122926670e-02,-1.712050908829709783e+00,-2.030901712371240009e-02,2.043810449286999731e+00,-1.767766952966368654e-01
7.592354028377658048e-01,-5.537123258831522232e-01,-5.507016019503075954e-01,7.082331122151057645e-01,7.304663587711509587e-01,6.727778413083476128e-01,-4.966680157416004104e-01,-4.963069089824175273e-01,-6.493539992246850634e-01,-6.302706439077716549e-01,8.414777418280475763e-01,-5.527336881405341407e-01,9.819372292051726792e-01,1.030120631619907634e+00,6.320577570903027943e-03,-9.718073465293448898e-02,-4.702885519880157239e-01,-1.194624849238183684e+00,-7.138339172670549182e-01,3.726186262622038226e-01,-7.697096432631360674e-01,-6.292804948981121915e-02,-4.147197185502737860e-01,-9.240190207238405673e-01,-6.457156870254534553e-01,1.419333102564523941e-01,-2.440887836729143182e-02,-4.762956321647214275e-01,-4.588767707276420471e-01,-5.412548705748637667e-01,-7.622329347767978769e-01,0.000000000000000000e+00,0.000000000000000000e+00,-6.258508857266168457e-01,4.160901802106137248e-01,-4.719362008065465242e-01,-4.682545887862644696e-01,7.903105296262507018e-01,3.286421493562152185e-01,-2.489988027729138353e-01,9.257960654133498002e-01,-4.668062001933125371e-01,-6.135093179742474589e-01,2.222198251804266556e-01,9.137094037957288473e-01,-4.602362970513234064e-01,-5.183686688943279358e-02,-5.183686688943279358e-02,-7.051398600435393460e-01,-1.040941436780788015e-01,-2.030901712371240009e-02,-8.401389803667852485e-02,3.056678521220304923e+00,-5.191945123345532709e-01,-7.103890521813077674e-01,-5.752567881263277033e-02,-3.801429606348526863e-02,-1.147078669352808861e-01,-1.711160802546210780e-01,-7.340709118518067011e-02,-7.197411700355742237e-02,-1.244624194945742751e-01,-7.051263942166730025e-02,-2.872721242393142319e-02,-2.030901712371240009e-02,-2.019004323808653023e-01,-1.435916317235476011e-02,-1.435916317235476011e-02,-5.183686688943279358e-02,-3.801429606348527557e-02,-3.801429606348527557e-02,-1.558271304830920190e-01,-4.064318733121485144e-02,-8.148853797899899276e-02,-1.210011918676099085e-01,-5.569323991926412171e-02,-7.051263942166730025e-02,-4.979810447122927364e-02,-3.212131358814808435e-02,-2.030901712371240009e-02,-3.801429606348527557e-02,-6.749673070628271765e-02,-3.519076715388935045e-02,-1.435916317235476185e-02,-3.524455202264515918e-01,-3.753330286669139260e-01,-2.907009498669055336e-01,-4.311306135592269523e-02,-3.519076715388935045e-02,-3.801429606348527557e-02,-1.435916317235476011e-02,-1.286658602907498339e-01,-4.767312946227962589e-02,-1.690913523558418063e+00,-2.487592975524973576e-02,2.013237442528823973e+00,-1.786283982422259831e-01,-4.979810447122926670e-02,5.840947806181536750e-01,-2.030901712371240009e-02,-4.892821642774447533e-01,-1.767766952966368654e-01
7.094458261980604030e-01,-5.537123258831522232e-01,9.520848996778241702e-01,-2.878929612425566442e-01,5.869571985699155725e-01,6.311935837690980933e-02,-4.966680157416004104e-01,-4.963069089824175273e-01,-6.493539992246850634e-01,5.575471080722594897e-01,3.288429242252120521e-01,1.417862610549974756e+00,3.353111172311010885e-02,3.185615557365586992e-01,1.740134012489165327e+00,-6.726893162032826501e-01,2.067092517690042597e-01,-1.801752323248414722e+00,-1.236479578871264806e+00,-7.136883070514067340e-01,2.054629570400180238e+00,4.388828066981781961e-01,2.067341590725434997e-01,3.763332956995397716e-01,9.782874304053058856e-02,-9.525568272713834661e-01,-8.078231342445260088e-01,-5.689346647468578322e-01,-3.536738466142126947e-01,-6.273932619650074427e-01,1.631830311066502670e+00,0.000000000000000000e+00,0.000000000000000000e+00,1.307170027720357286e+00,1.595093371917204017e+00,1.019699523791156359e+00,6.080395228104961136e-01,-1.023463737001127916e+00,-1.047347750049640647e+00,-2.489988027729138353e-01,-3.774647335768301359e-01,-4.668062001933125371e-01,-5.099556053266109945e-01,-4.820408707801026038e-01,-3.669621702617922865e-01,-4.602362970513234064e-01,-5.183686688943279358e-02,-5.183686688943279358e-02,1.418158377741196352e+00,-1.040941436780788015e-01,-2.030901712371240009e-02,-8.401389803667852485e-02,-3.271524934852403366e-01,-5.191945123345532709e-01,-7.103890521813077674e-01,-5.752567881263277033e-02,-3.801429606348526863e-02,-1.147078669352808861e-01,-1.711160802546210780e-01,-7.340709118518067011e-02,-7.197411700355742237e-02,-1.244624194945742751e-01,-7.051263942166730025e-02,-2.872721242393142319e-02,-2.030901712371240009e-02,-2.019004323808653023e-01,-1.435916317235476011e-02,-1.435916317235476011e-02,-5.183686688943279358e-02,-3.801429606348527557e-02,-3.801429606348527557e-02,-1.558271304830920190e-01,-4.064318733121485144e-02,-8.148853797899899276e-02,-1.210011918676099085e-01,-5.569323991926412171e-02,-7.051263942166730025e-02,-4.979810447122927364e-02,-3.212131358814808435e-02,-2.030901712371240009e-02,-3.801429606348527557e-02,-6.749673070628271765e-02,-3.519076715388935045e-02,-1.435916317235476185e-02,2.837317947345407543e+00,-3.753330286669139260e-01,-2.907009498669055336e-01,-4.311306135592269523e-02,-3.519076715388935045e-02,-3.801429606348527557e-02,-1.435916317235476011e-02,-1.286658602907498339e-01,-4.767312946227962589e-02,5.913962991410492975e-01,-2.487592975524973576e-02,-4.967123990818995694e-01,-1.786283982422259831e-01,-4.979810447122926670e-02,5.840947806181536750e-01,-2.030901712371240009e-02,-4.892821642774447533e-01,-1.767766952966368654e-01
1.553056593183102629e+00,-5.537123258831522232e-01,-4.977276807426366662e-02,7.082331122151057645e-01,-3.817296327884231455e-01,4.217419953954026357e-01,-4.966680157416004104e-01,2.964524162613712210e+00,-6.623362709603883292e-02,-3.636176791775609651e-02,8.414777418280475763e-01,-1.784356374822102298e+00,-2.463264311404491924e-01,-8.308800283826976996e-01,-8.493276110900550846e-02,-3.438272696030836850e-01,9.965400228188608933e-01,-3.539868083009403144e-01,3.704608135237684730e-01,-2.123158762912787934e-01,-1.052143564629467676e+00,-1.317455189959784834e+00,2.143128648972121852e-01,3.528329526316471565e-01,4.696009580735226452e-01,6.470826045000689364e-01,1.994237661690613783e-01,-4.762956321647214275e-01,-3.311303628756206985e-01,3.201290433265728819e-01,-1.043887434287774418e+00,0.000000000000000000e+00,0.000000000000000000e+00,-2.172267616484195862e+00,-1.352414607349271769e+00,-1.068590490645627611e+00,1.058998734219831067e-01,-3.901458715268167343e-01,1.110601872409461635e-02,-1.349613319767399566e-02,-3.774647335768301359e-01,-4.668062001933125371e-01,-9.241704559171570743e-01,2.222198251804266556e-01,-3.669621702617922865e-01,-4.602362970513234064e-01,-5.183686688943279358e-02,-5.183686688943279358e-02,-7.051398600435393460e-01,-1.040941436780788015e-01,-2.030901712371240009e-02,-8.401389803667852485e-02,-3.271524934852403366e-01,-5.191945123345532709e-01,1.407679351095596942e+00,-5.752567881263277033e-02,-3.801429606348526863e-02,-1.147078669352808861e-01,-1.711160802546210780e-01,-7.340709118518067011e-02,-7.197411700355742237e-02,-1.244624194945742751e-01,-7.051263942166730025e-02,-2.872721242393142319e-02,-2.030901712371240009e-02,-2.019004323808653023e-01,-1.435916317235476011e-02,-1.435916317235476011e-02,-5.183686688943279358e-02,-3.801429606348527557e-02,-3.801429606348527557e-02,-1.558271304830920190e-01,-4.064318733121485144e-02,-8.148853797899899276e-02,-1.210011918676099085e-01,-5.569323991926412171e-02,-7.051263942166730025e-02,-4.979810447122927364e-02,-3.212131358814808435e-02,-2.030901712371240009e-02,-3.801429606348527557e-02,-6.749673070628271765e-02,-3.519076715388935045e-02,-1.435916317235476185e-02,-3.524455202264515918e-01,-3.753330286669139260e-01,-2.907009498669055336e-01,-4.311306135592269523e-02,-3.519076715388935045e-02,-3.801429606348527557e-02,-1.435916317235476011e-02,-1.286658602907498339e-01,-4.767312946227962589e-02,5.913962991410492975e-01,-2.487592975524973576e-02,-4.967123990818995694e-01,-1.786283982422259831e-01,-4.979810447122926670e-02,5.840947806181536750e-01,-2.030901712371240009e-02,-4.892821642774447533e-01,-1.767766952966368654e-01
-1.666724500809808385e+00,-5.537123258831522232e-01,9.520848996778241702e-01,-1.284019034700219164e+00,-1.135152723844908840e+00,-1.120335343784116588e+00,-4.966680157416004104e-01,6.573034482162921632e-01,-6.493539992246850634e-01,-3.636176791775609651e-02,-8.592636530425367125e-01,-3.064091508042205425e-01,1.423646006144944076e-01,-1.427789440119863196e-01,5.538406096503543097e-01,-5.082582929031832508e-01,-5.831215192808524295e-01,-8.677100555403667315e-01,-7.060332357505740841e-01,-5.883451993613747488e-01,-6.362483984730694930e-02,6.897882347921728829e-01,-4.601919534982848448e-01,-2.005034801846891312e+00,-9.245448483001975637e-01,-1.036748376311986242e+00,-2.440887836729143182e-02,-6.615736973289941814e-01,2.625147089073024409e-01,-1.144223610305869387e+00,3.643850632671082335e-01,0.000000000000000000e+00,0.000000000000000000e+00,5.339616623415676111e-01,1.213393822839661657e-01,1.247180890325345903e-01,-7.399468371516267906e-01,9.065524163272319358e-01,6.461782799883358797e-01,9.285145451032854602e-01,-3.774647335768301359e-01,-4.668062001933125371e-01,-8.206167432695206099e-01,-2.472873054599261933e-01,-3.669621702617922865e-01,-4.602362970513234064e-01,-5.183686688943279358e-02,-5.183686688943279358e-02,-7.051398600435393460e-01,-1.040941436780788015e-01,-2.030901712371240009e-02,-8.401389803667852485e-02,-3.271524934852403366e-01,1.926060419058570616e+00,-7.103890521813077674e-01,-5.752567881263277033e-02,-3.801429606348526863e-02,-1.147078669352808861e-01,5.843986132174123327e+00,-7.340709118518067011e-02,-7.197411700355742237e-02,-1.244624194945742751e-01,-7.051263942166730025e-02,-2.872721242393142319e-02,-2.030901712371240009e-02,-2.019004323808653023e-01,-1.435916317235476011e-02,-1.435916317235476011e-02,-5.183686688943279358e-02,-3.801429606348527557e-02,-3.801429606348527557e-02,-1.558271304830920190e-01,-4.064318733121485144e-02,-8.148853797899899276e-02,-1.210011918676099085e-01,-5.569323991926412171e-02,-7.051263942166730025e-02,-4.979810447122927364e-02,-3.212131358814808435e-02,-2.030901712371240009e-02,-3.801429606348527557e-02,-6.749673070628271765e-02,-3.519076715388935045e-02,-1.435916317235476185e-02,-3.524455202264515918e-01,-3.753330286669139260e-01,-2.907009498669055336e-01,-4.311306135592269523e-02,-3.519076715388935045e-02,-3.801429606348527557e-02,-1.435916317235476011e-02,-1.286658602907498339e-01,-4.767312946227962589e-02,5.913962991410492975e-01,-2.487592975524973576e-02,-4.967123990818995694e-01,-1.786283982422259831e-01,-4.979810447122926670e-02,5.840947806181536750e-01,-2.030901712371240009e-02,-4.892821642774447533e-01,-1.767766952966368654e-01
1.123642171400128120e+00,4.047385190264539689e-01,-5.507016019503075954e-01,7.082331122151057645e-01,-9.471131238595241475e-02,-5.824013882563773281e-01,-4.966680157416004104e-01,-4.963069089824175273e-01,1.100007117161253767e+00,-6.302706439077716549e-01,-9.075116358757447932e-01,4.325644612047202520e-01,-1.272470754973500373e+00,-1.349596135077738568e-01,9.757391625081156261e-02,1.382698475047960951e+00,-3.574555846951790183e-01,2.531406657092908907e-01,1.392350092182745858e+00,9.575531288156864385e-01,9.248938849348538049e-01,9.406936628861676253e-01,-3.578442731684854800e-02,2.196643419135902164e-01,-5.527726332672054932e-01,3.945079573782606652e-01,-2.440887836729143182e-02,3.111361447834378180e-01,-3.161013737165593307e-01,2.339906519364291781e-01,3.643850632671082335e-01,0.000000000000000000e+00,0.000000000000000000e+00,9.205658450309623930e-01,1.005591776063908815e+00,1.019699523791156359e+00,-7.379827968019976314e-01,1.103629178262803379e+00,5.403329031109622704e-01,-4.845014723481537167e-01,-3.774647335768301359e-01,-4.668062001933125371e-01,-9.574075473606477593e-02,6.917269558207794766e-01,2.194380977853250148e+00,-4.602362970513234064e-01,-5.183686688943279358e-02,-5.183686688943279358e-02,1.418158377741196352e+00,-1.040941436780788015e-01,-2.030901712371240009e-02,-8.401389803667852485e-02,-3.271524934852403366e-01,-5.191945123345532709e-01,-7.103890521813077674e-01,-5.752567881263277033e-02,-3.801429606348526863e-02,-1.147078669352808861e-01,-1.711160802546210780e-01,-7.340709118518067011e-02,-7.197411700355742237e-02,-1.244624194945742751e-01,-7.051263942166730025e-02,-2.872721242393142319e-02,-2.030901712371240009e-02,-2.019004323808653023e-01,-1.435916317235476011e-02,-1.435916317235476011e-02,-5.183686688943279358e-02,-3.801429606348527557e-02,-3.801429606348527557e-02,-1.558271304830920190e-01,-4.064318733121485144e-02,-8.148853797899899276e-02,-1.210011918676099085e-01,-5.569323991926412171e-02,-7.051263942166730025e-02,-4.979810447122927364e-02,-3.212131358814808435e-02,-2.030901712371240009e-02,-3.801429606348527557e-02,-6.749673070628271765e-02,-3.519076715388935045e-02,-1.435916317235476185e-02,2.837317947345407543e+00,-3.753330286669139260e-01,-2.907009498669055336e-01,-4.311306135592269523e-02,-3.519076715388935045e-02,-3.801429606348527557e-02,-1.435916317235476011e-02,-1.286658602907498339e-01,-4.767312946227962589e-02,5.913962991410492975e-01,-2.487592975524973576e-02,-4.967123990818995694e-01,-1.786283982422259831e-01,-4.979810447122926670e-02,5.840947806181536750e-01,-2.030901712371240009e-02,-4.892821642774447533e-01,-1.767766952966368654e-01
5.198815244402450464e-01,-5.537123258831522232e-01,9.520848996778241702e-01,-1.284019034700219164e+00,-1.135152723844908840e+00,-9.410240252748701684e-01,-4.966680157416004104e-01,1.810913805415002020e+00,-6.493539992246850634e-01,5.575471080722594897e-01,5.218348555580439863e-01,9.252135358773474483e-01,-2.929693549510424821e-01,5.687801318713630039e-01,8.276006256900798608e-01,6.725028864716499355e-02,9.387628447616762351e-02,4.399491192509005222e-01,5.030723993039410979e-01,-4.630020916713427637e-01,9.248938849348538049e-01,4.388828066981781961e-01,-1.460581122354527528e+00,8.649573119553326250e-02,9.782874304053058856e-02,6.470826045000689364e-01,-3.601578451718204787e-01,9.596093728583924287e-01,1.660210700700007536e+00,4.062674347167165023e-01,9.276940622890612609e-01,0.000000000000000000e+00,0.000000000000000000e+00,9.205658450309623930e-01,7.108409781372613256e-01,7.213723788716157603e-01,4.620458568213978157e-01,1.607344020633721948e+00,8.578690337430828761e-01,9.285145451032854602e-01,-3.774647335768301359e-01,-4.668062001933125371e-01,1.146903797035573769e+00,1.630741217101485230e+00,9.137094037957288473e-01,-4.602362970513234064e-01,-5.183686688943279358e-02,-5.183686688943279358e-02,-7.051398600435393460e-01,-1.040941436780788015e-01,-2.030901712371240009e-02,-8.401389803667852485e-02,-3.271524934852403366e-01,1.926060419058570616e+00,-7.103890521813077674e-01,-5.752567881263277033e-02,-3.801429606348526863e-02,-1.147078669352808861e-01,-1.711160802546210780e-01,-7.340709118518067011e-02,-7.197411700355742237e-02,-1.244624194945742751e-01,-7.051263942166730025e-02,-2.872721242393142319e-02,-2.030901712371240009e-02,4.952936396459016066e+00,-1.435916317235476011e-02,-1.435916317235476011e-02,-5.183686688943279358e-02,-3.801429606348527557e-02,-3.801429606348527557e-02,-1.558271304830920190e-01,-4.064318733121485144e-02,-8.148853797899899276e-02,-1.210011918676099085e-01,-5.569323991926412171e-02,-7.051263942166730025e-02,-4.979810447122927364e-02,-3.212131358814808435e-02,-2.030901712371240009e-02,-3.801429606348527557e-02,-6.749673070628271765e-02,-3.519076715388935045e-02,-1.435916317235476185e-02,-3.524455202264515918e-01,-3.753330286669139260e-01,-2.907009498669055336e-01,-4.311306135592269523e-02,-3.519076715388935045e-02,-3.801429606348527557e-02,-1.435916317235476011e-02,-1.286658602907498339e-01,-4.767312946227962589e-02,5.913962991410492975e-01,-2.487592975524973576e-02,-4.967123990818995694e-01,-1.786283982422259831e-01,-4.979810447122926670e-02,-1.712050908829709783e+00,-2.030901712371240009e-02,2.043810449286999731e+00,-1.767766952966368654e-01
6.116862255533230819e-01,1.842414786390863091e+00,-5.507016019503075954e-01,7.082331122151057645e-01,1.053361969223930661e+00,-4.748145971508294649e-01,5.905777172739697933e-01,-4.963069089824175273e-01,-6.623362709603883292e-02,-3.636176791775609651e-02,8.414777418280475763e-01,-5.527336881405341407e-01,-8.449106200430623881e-01,-4.242748421636408640e-01,9.757391625081156261e-02,7.249743818475629098e-01,9.387628447616762351e-02,7.201617995633149416e-01,1.025718060908150875e+00,4.979617339522358077e-01,-4.872757218968044035e-01,-1.066549761865789980e+00,-5.435577175696383323e-01,-7.595166192485937051e-01,-1.810004182342134504e-01,6.470826045000689364e-01,8.709216997781196179e-01,1.721775959102332110e-01,1.675239689859068903e+00,2.339906519364291781e-01,-7.622329347767978769e-01,0.000000000000000000e+00,0.000000000000000000e+00,-2.392467030372219805e-01,-7.629130114959765674e-01,-1.068590490645627611e+00,-1.094898849206776131e-01,-1.453692329158782437e+00,-2.005847350306524668e-01,-2.489988027729138353e-01,-3.774647335768301359e-01,-4.668062001933125371e-01,6.291352337973910025e-01,-1.253374013974976713e-02,9.137094037957288473e-01,-4.602362970513234064e-01,-5.183686688943279358e-02,-5.183686688943279358e-02,-7.051398600435393460e-01,-1.040941436780788015e-01,-2.030901712371240009e-02,-8.401389803667852485e-02,-3.271524934852403366e-01,-5.191945123345532709e-01,1.407679351095596942e+00,-5.752567881263277033e-02,-3.801429606348526863e-02,-1.147078669352808861e-01,-1.711160802546210780e-01,-7.340709118518067011e-02,-7.197411700355742237e-02,-1.244624194945742751e-01,-7.051263942166730025e-02,-2.872721242393142319e-02,-2.030901712371240009e-02,-2.019004323808653023e-01,-1.435916317235476011e-02,-1.435916317235476011e-02,-5.183686688943279358e-02,-3.801429606348527557e-02,-3.801429606348527557e-02,-1.558271304830920190e-01,-4.064318733121485144e-02,-8.148853797899899276e-02,-1.210011918676099085e-01,-5.569323991926412171e-02,-7.051263942166730025e-02,-4.979810447122927364e-02,-3.212131358814808435e-02,-2.030901712371240009e-02,-3.801429606348527557e-02,-6.749673070628271765e-02,-3.519076715388935045e-02,-1.435916317235476185e-02,-3.524455202264515918e-01,-3.753330286669139260e-01,-2.907009498669055336e-01,-4.311306135592269523e-02,-3.519076715388935045e-02,-3.801429606348527557e-02,-1.435916317235476011e-02,-1.286658602907498339e-01,-4.767312946227962589e-02,5.913962991410492975e-01,-2.487592975524973576e-02,-4.967123990818995694e-01,-1.786283982422259831e-01,-4.979810447122926670e-02,5.840947806181536750e-01,-2.030901712371240009e-02,-4.892821642774447533e-01,-1.767766952966368654e-01
-4.020985928747123489e-02,2.321640208845666020e+00,-4.977276807426366662e-02,7.082331122151057645e-01,6.228344886202245023e-01,1.707061494824576586e-01,5.905777172739697933e-01,2.964524162613712210e+00,5.168867450326074531e-01,5.575471080722594897e-01,8.414777418280475763e-01,-1.784356374822102298e+00,3.353111172311010885e-02,-3.069848846004514797e-01,-8.149594705482737789e-01,3.138968235973142451e-01,-5.831215192808524295e-01,-6.341994886133547338e-01,-6.514284651352089117e-01,-1.705348403946014557e-01,-1.052143564629467676e+00,1.879773786041834815e-01,1.063127917260084487e+00,1.457349076822590739e+00,1.027259280623010751e+00,2.261248592970551696e-01,1.318586988850825037e+00,-1.057395018361759059e-01,-2.484709225007832034e-01,-2.828396964044327944e-01,-1.043887434287774418e+00,0.000000000000000000e+00,0.000000000000000000e+00,-2.172267616484195862e+00,-1.352414607349271769e+00,1.247180890325345903e-01,-2.070372222855908217e-01,-1.710232345272660048e-01,-1.364883880681761363e+00,-7.200041419233935702e-01,-3.774647335768301359e-01,-4.668062001933125371e-01,-1.545492731802976305e+00,-9.515480014204554804e-01,-3.669621702617922865e-01,1.739375798511208382e+00,-5.183686688943279358e-02,-5.183686688943279358e-02,-7.051398600435393460e-01,-1.040941436780788015e-01,-2.030901712371240009e-02,-8.401389803667852485e-02,-3.271524934852403366e-01,-5.191945123345532709e-01,1.407679351095596942e+00,-5.752567881263277033e-02,-3.801429606348526863e-02,-1.147078669352808861e-01,-1.711160802546210780e-01,-7.340709118518067011e-02,-7.197411700355742237e-02,-1.244624194945742751e-01,-7.051263942166730025e-02,-2.872721242393142319e-02,-2.030901712371240009e-02,-2.019004323808653023e-01,-1.435916317235476011e-02,-1.435916317235476011e-02,-5.183686688943279358e-02,-3.801429606348527557e-02,-3.801429606348527557e-02,-1.558271304830920190e-01,-4.064318733121485144e-02,-8.148853797899899276e-02,-1.210011918676099085e-01,-5.569323991926412171e-02,-7.051263942166730025e-02,-4.979810447122927364e-02,-3.212131358814808435e-02,-2.030901712371240009e-02,-3.801429606348527557e-02,-6.749673070628271765e-02,-3.519076715388935045e-02,-1.435916317235476185e-02,-3.524455202264515918e-01,-3.753330286669139260e-01,-2.907009498669055336e-01,-4.311306135592269523e-02,-3.519076715388935045e-02,-3.801429606348527557e-02,-1.435916317235476011e-02,-1.286658602907498339e-01,-4.767312946227962589e-02,5.913962991410492975e-01,-2.487592975524973576e-02,-4.967123990818995694e-01,-1.786283982422259831e-01,-4.979810447122926670e-02,-1.712050908829709783e+00,-2.030901712371240009e-02,-4.892821642774447533e-01,-1.767766952966368654e-01
-9.355951694227718773e-01,-7.448690342834912714e-02,-5.507016019503075954e-01,-1.284019034700219164e+00,-8.840116934927469972e-01,-4.030900697471309080e-01,-4.966680157416004104e-01,-4.963069089824175273e-01,-6.623362709603883292e-02,-6.302706439077716549e-01,-2.320398762108318025e-01,-6.008461346790693741e-02,2.264617633996486745e+00,-7.135900708195082043e-01,2.561414060608341980e+00,-3.139154665704774860e+00,-8.087874538665257296e-01,-6.341994886133547338e-01,2.242624377479146780e+00,-2.384929742918500128e+00,3.600260422021904771e-01,1.879773786041834815e-01,-2.328307787582295230e-01,-5.950142177733468429e-01,7.484301193482666426e-01,-6.999821801495752505e-01,-3.601578451718204787e-01,5.427337262387786909e-01,9.237902319060017353e-01,1.864467346107001947e-02,3.643850632671082335e-01,0.000000000000000000e+00,0.000000000000000000e+00,5.339616623415676111e-01,4.160901802106137248e-01,7.213723788716157603e-01,-6.954285892266999225e-01,8.845065412632526769e-01,-1.576574634436508360e+00,-1.426512150649113186e+00,9.257960654133498002e-01,-4.668062001933125371e-01,7.812957911571764835e-03,2.222198251804266556e-01,-3.669621702617922865e-01,1.739375798511208382e+00,-5.183686688943279358e-02,-5.183686688943279358e-02,1.418158377741196352e+00,-1.040941436780788015e-01,-2.030901712371240009e-02,-8.401389803667852485e-02,-3.271524934852403366e-01,-5.191945123345532709e-01,-7.103890521813077674e-01,-5.752567881263277033e-02,-3.801429606348526863e-02,-1.147078669352808861e-01,-1.711160802546210780e-01,-7.340709118518067011e-02,-7.197411700355742237e-02,-1.244624194945742751e-01,-7.051263942166730025e-02,-2.872721242393142319e-02,-2.030901712371240009e-02,-2.019004323808653023e-01,-1.435916317235476011e-02,-1.435916317235476011e-02,-5.183686688943279358e-02,-3.801429606348527557e-02,-3.801429606348527557e-02,-1.558271304830920190e-01,-4.064318733121485144e-02,-8.148853797899899276e-02,-1.210011918676099085e-01,-5.569323991926412171e-02,-7.051263942166730025e-02,-4.979810447122927364e-02,-3.212131358814808435e-02,-2.030901712371240009e-02,-3.801429606348527557e-02,-6.749673070628271765e-02,-3.519076715388935045e-02,-1.435916317235476185e-02,2.837317947345407543e+00,-3.753330286669139260e-01,-2.907009498669055336e-01,-4.311306135592269523e-02,-3.519076715388935045e-02,-3.801429606348527557e-02,-1.435916317235476011e-02,-1.286658602907498339e-01,-4.767312946227962589e-02,5.913962991410492975e-01,-2.487592975524973576e-02,-4.967123990818995694e-01,-1.786283982422259831e-01,-4.979810447122926670e-02,-1.712050908829709783e+00,-2.030901712371240009e-02,-4.892821642774447533e-01,5.656854249492379694e+00
1.124138413027766292e+00,-5.537123258831522232e-01,-5.507016019503075954e-01,-2.878929612425566442e-01,1.483889449827636708e+00,4.576042590972519419e-01,1.677823450289539942e+00,-4.963069089824175273e-01,-6.493539992246850634e-01,-3.636176791775609651e-02,2.504399521212484769e-01,-6.008461346790693741e-02,8.186869958680963455e-01,2.156104224226526700e+00,6.450939483302627897e-01,1.494658002972147348e-01,5.452081536475141821e-01,-7.377412798852590881e-02,3.503150831509637547e-02,4.979617339522358077e-01,-4.872757218968044035e-01,-8.156443337717953490e-01,1.032813093961410411e+00,1.057843244668419835e+00,-8.805736447596543282e-02,5.774176121584963933e-02,-2.482415229036441240e-01,-1.057395018361759059e-01,9.914206831217776683e-01,1.526066522788584123e+00,-4.805784352658213909e-01,0.000000000000000000e+00,0.000000000000000000e+00,-2.392467030372219805e-01,-4.681622135693289666e-01,-4.719362008065465242e-01,-3.543402485077752351e-01,8.664690071199970811e-01,7.520236568657093779e-01,-4.845014723481537167e-01,-3.774647335768301359e-01,1.696017942249628430e+00,1.146903797035573769e+00,-2.472873054599261933e-01,-3.669621702617922865e-01,1.739375798511208382e+00,1.929128938546737260e+01,-5.183686688943279358e-02,-7.051398600435393460e-01,-1.040941436780788015e-01,-2.030901712371240009e-02,-8.401389803667852485e-02,-3.271524934852403366e-01,-5.191945123345532709e-01,-7.103890521813077674e-01,-5.752567881263277033e-02,-3.801429606348526863e-02,-1.147078669352808861e-01,-1.711160802546210780e-01,-7.340709118518067011e-02,-7.197411700355742237e-02,-1.244624194945742751e-01,-7.051263942166730025e-02,-2.872721242393142319e-02,-2.030901712371240009e-02,-2.019004323808653023e-01,-1.435916317235476011e-02,-1.435916317235476011e-02,-5.183686688943279358e-02,-3.801429606348527557e-02,-3.801429606348527557e-02,-1.558271304830920190e-01,-4.064318733121485144e-02,-8.148853797899899276e-02,-1.210011918676099085e-01,-5.569323991926412171e-02,-7.051263942166730025e-02,-4.979810447122927364e-02,-3.212131358814808435e-02,-2.030901712371240009e-02,-3.801429606348527557e-02,-6.749673070628271765e-02,-3.519076715388935045e-02,-1.435916317235476185e-02,-3.524455202264515918e-01,-3.753330286669139260e-01,-2.907009498669055336e-01,-4.311306135592269523e-02,-3.519076715388935045e-02,-3.801429606348527557e-02,-1.435916317235476011e-02,-1.286658602907498339e-01,-4.767312946227962589e-02,-1.690913523558418063e+00,-2.487592975524973576e-02,2.013237442528823973e+00,-1.786283982422259831e-01,-4.979810447122926670e-02,5.840947806181536750e-01,-2.030901712371240009e-02,-4.892821642774447533e-01,-1.767766952966368654e-01
-1.362693796943434510e+00,4.047385190264539689e-01,-5.507016019503075954e-01,-1.284019034700219164e+00,-1.135152723844908840e+00,-1.120335343784116588e+00,5.905777172739697933e-01,-4.963069089824175273e-01,-6.493539992246850634e-01,-6.302706439077716549e-01,-1.830254307560849281e+00,-6.008461346790693741e-02,-1.474590091486071008e+00,-1.651909731325023722e+00,-8.493276110900550846e-02,-1.412628921053730391e+00,9.387628447616762351e-02,-1.801752323248414722e+00,-1.236479578871264806e+00,3.726186262622038226e-01,7.759212083585886877e-02,-6.292804948981121915e-02,9.646047415393940172e-01,-1.174689346781359722e+00,3.766579043152746276e-01,-1.289323023433794457e+00,1.990084922459883554e+00,1.005928889149460659e+00,-4.964492436252954666e-01,-5.412548705748637667e-01,9.276940622890612609e-01,0.000000000000000000e+00,0.000000000000000000e+00,2.080378393099147072e+00,7.108409781372613256e-01,7.213723788716157603e-01,-6.875724278281833968e-01,-8.017370417844121508e-03,-4.122754887853995465e-01,-1.191009481073873166e+00,3.532317663393710117e+00,-4.668062001933125371e-01,1.043350084387937082e+00,2.100248347741838106e+00,2.194380977853250148e+00,-4.602362970513234064e-01,-5.183686688943279358e-02,-5.183686688943279358e-02,-7.051398600435393460e-01,-1.040941436780788015e-01,-2.030901712371240009e-02,-8.401389803667852485e-02,-3.271524934852403366e-01,1.926060419058570616e+00,-7.103890521813077674e-01,-5.752567881263277033e-02,-3.801429606348526863e-02,-1.147078669352808861e-01,-1.711160802546210780e-01,-7.340709118518067011e-02,-7.197411700355742237e-02,-1.244624194945742751e-01,-7.051263942166730025e-02,-2.872721242393142319e-02,-2.030901712371240009e-02,-2.019004323808653023e-01,-1.435916317235476011e-02,-1.435916317235476011e-02,-5.183686688943279358e-02,-3.801429606348527557e-02,-3.801429606348527557e-02,-1.558271304830920190e-01,-4.064318733121485144e-02,-8.148853797899899276e-02,-1.210011918676099085e-01,-5.569323991926412171e-02,-7.051263942166730025e-02,-4.979810447122927364e-02,-3.212131358814808435e-02,-2.030901712371240009e-02,-3.801429606348527557e-02,-6.749673070628271765e-02,-3.519076715388935045e-02,-1.435916317235476185e-02,-3.524455202264515918e-01,-3.753330286669139260e-01,3.439961240091715222e+00,-4.311306135592269523e-02,-3.519076715388935045e-02,-3.801429606348527557e-02,-1.435916317235476011e-02,-1.286658602907498339e-01,-4.767312946227962589e-02,-1.690913523558418063e+00,-2.487592975524973576e-02,2.013237442528823973e+00,-1.786283982422259831e-01,-4.979810447122926670e-02,5.840947806181536750e-01,-2.030901712371240009e-02,-4.892821642774447533e-01,-1.767766952966368654e-01
2.836705096844331919e-01,-5.537123258831522232e-01,-5.507016019503075954e-01,-2.878929612425566442e-01,5.510799085196067537e-01,-6.182636519582266343e-01,-4.966680157416004104e-01,-4.963069089824175273e-01,-6.493539992246850634e-01,-6.302706439077716549e-01,4.132768941833259713e-01,4.325644612047202520e-01,-2.929693549510424821e-01,2.247295896860070363e-01,6.320577570903027943e-03,3.961123352473639447e-01,-4.702885519880157239e-01,-1.241326962623585883e+00,-1.142871400673495907e+00,1.219324108821398522e-01,9.248938849348538049e-01,4.388828066981781961e-01,-3.086178370049146302e-01,-1.002353497616815359e+00,-6.457156870254534553e-01,1.419333102564523941e-01,8.750744390088503744e-02,-3.836565995825850228e-01,-7.669710484883995871e-01,-1.967013050142891462e-01,-5.809668599935657873e-02,0.000000000000000000e+00,0.000000000000000000e+00,5.339616623415676111e-01,7.108409781372613256e-01,7.213723788716157603e-01,2.099940119523267534e-01,2.064288688408625339e-01,-6.239662425401465429e-01,-2.489988027729138353e-01,-3.774647335768301359e-01,-4.668062001933125371e-01,7.326889464450275780e-01,9.264805211409559149e-01,-3.669621702617922865e-01,-4.602362970513234064e-01,-5.183686688943279358e-02,-5.183686688943279358e-02,1.418158377741196352e+00,-1.040941436780788015e-01,-2.030901712371240009e-02,-8.401389803667852485e-02,-3.271524934852403366e-01,-5.191945123345532709e-01,-7.103890521813077674e-01,-5.752567881263277033e-02,-3.801429606348526863e-02,-1.147078669352808861e-01,-1.711160802546210780e-01,-7.340709118518067011e-02,-7.197411700355742237e-02,-1.244624194945742751e-01,-7.051263942166730025e-02,-2.872721242393142319e-02,-2.030901712371240009e-02,-2.019004323808653023e-01,-1.435916317235476011e-02,-1.435916317235476011e-02,-5.183686688943279358e-02,-3.801429606348527557e-02,-3.801429606348527557e-02,-1.558271304830920190e-01,-4.064318733121485144e-02,-8.148853797899899276e-02,-1.210011918676099085e-01,-5.569323991926412171e-02,-7.051263942166730025e-02,-4.979810447122927364e-02,-3.212131358814808435e-02,-2.030901712371240009e-02,-3.801429606348527557e-02,-6.749673070628271765e-02,-3.519076715388935045e-02,-1.435916317235476185e-02,2.837317947345407543e+00,-3.753330286669139260e-01,-2.907009498669055336e-01,-4.311306135592269523e-02,-3.519076715388935045e-02,-3.801429606348527557e-02,-1.435916317235476011e-02,-1.286658602907498339e-01,-4.767312946227962589e-02,5.913962991410492975e-01,-2.487592975524973576e-02,-4.967123990818995694e-01,-1.786283982422259831e-01,-4.979810447122926670e-02,5.840947806181536750e-01,-2.030901712371240009e-02,-4.892821642774447533e-01,-1.767766952966368654e-01
-6.133689392096616233e-01,-5.537123258831522232e-01,-5.507016019503075954e-01,7.082331122151057645e-01,7.663436488214598885e-01,8.520891598175940329e-01,5.905777172739697933e-01,-4.963069089824175273e-01,-6.623362709603883292e-02,-3.636176791775609651e-02,8.414777418280475763e-01,-1.045382762813161337e+00,-7.530237716827385686e-02,3.654775387618344751e-01,-8.493276110900550846e-02,8.894054051476624201e-01,4.323751863546776431e-01,2.868459015291825676e+00,-9.634557257944388331e-01,-2.540969121879561032e-01,-1.052143564629467676e+00,-1.317455189959784834e+00,1.032813093961410411e+00,1.480849419890483354e+00,-6.457156870254534553e-01,2.261248592970551696e-01,-8.078231342445260088e-01,-6.152541810379259513e-01,-2.259274387621911795e-01,6.646826088871474747e-01,-1.325541933798751071e+00,0.000000000000000000e+00,0.000000000000000000e+00,-2.172267616484195862e+00,-1.352414607349271769e+00,-7.702633457260871230e-01,2.122969312491094662e+00,-2.839248371276442695e-01,-9.415023731722672595e-01,-4.845014723481537167e-01,9.257960654133498002e-01,-4.668062001933125371e-01,-1.234831593860066690e+00,-7.167944361002790421e-01,-3.669621702617922865e-01,-4.602362970513234064e-01,-5.183686688943279358e-02,-5.183686688943279358e-02,-7.051398600435393460e-01,-1.040941436780788015e-01,-2.030901712371240009e-02,-8.401389803667852485e-02,3.056678521220304923e+00,-5.191945123345532709e-01,-7.103890521813077674e-01,-5.752567881263277033e-02,-3.801429606348526863e-02,-1.147078669352808861e-01,-1.711160802546210780e-01,-7.340709118518067011e-02,-7.197411700355742237e-02,-1.244624194945742751e-01,-7.051263942166730025e-02,-2.872721242393142319e-02,-2.030901712371240009e-02,-2.019004323808653023e-01,-1.435916317235476011e-02,-1.435916317235476011e-02,-5.183686688943279358e-02,-3.801429606348527557e-02,-3.801429606348527557e-02,-1.558271304830920190e-01,-4.064318733121485144e-02,-8.148853797899899276e-02,-1.210011918676099085e-01,-5.569323991926412171e-02,-7.051263942166730025e-02,-4.979810447122927364e-02,-3.212131358814808435e-02,-2.030901712371240009e-02,-3.801429606348527557e-02,-6.749673070628271765e-02,-3.519076715388935045e-02,-1.435916317235476185e-02,-3.524455202264515918e-01,-3.753330286669139260e-01,-2.907009498669055336e-01,-4.311306135592269523e-02,-3.519076715388935045e-02,-3.801429606348527557e-02,-1.435916317235476011e-02,-1.286658602907498339e-01,-4.767312946227962589e-02,5.913962991410492975e-01,-2.487592975524973576e-02,-4.967123990818995694e-01,-1.786283982422259831e-01,-4.979810447122926670e-02,5.840947806181536750e-01,-2.030901712371240009e-02,-4.892821642774447533e-01,-1.767766952966368654e-01
4.173249213950045999e-01,-5.537123258831522232e-01,2.454871401305955825e+00,7.082331122151057645e-01,6.228344886202245023e-01,1.999681598276771055e+00,-4.966680157416004104e-01,1.810913805415002020e+00,-6.493539992246850634e-01,1.151455984062275117e+00,8.414777418280475763e-01,-1.045382762813161337e+00,2.667457307760764951e-01,7.251667419556153682e-01,2.800805936106286476e-01,-1.793962463029842302e-01,1.673537826575880905e+00,-2.138804681447331324e-01,9.743696044694237501e-02,-1.131498666018180055e+00,-1.052143564629467676e+00,-1.568360618053779465e+00,-4.526132476736162147e-01,6.740043078928436016e-01,8.413731731065147157e-01,1.320614996824891030e+00,9.828380220462961114e-01,1.283845986895869817e+00,2.249422360096490769e-01,1.870620088349158827e+00,-1.325541933798751071e+00,0.000000000000000000e+00,0.000000000000000000e+00,-1.399059251105406521e+00,-4.681622135693289666e-01,-1.366917635565168210e+00,-7.975586874074144239e-01,-1.172440407888017733e+00,-3.064301119080259928e-01,-2.489988027729138353e-01,-3.774647335768301359e-01,-4.668062001933125371e-01,-5.099556053266109945e-01,-9.515480014204554804e-01,9.137094037957288473e-01,-4.602362970513234064e-01,-5.183686688943279358e-02,-5.183686688943279358e-02,-7.051398600435393460e-01,-1.040941436780788015e-01,-2.030901712371240009e-02,-8.401389803667852485e-02,-3.271524934852403366e-01,-5.191945123345532709e-01,1.407679351095596942e+00,-5.752567881263277033e-02,-3.801429606348526863e-02,-1.147078669352808861e-01,-1.711160802546210780e-01,-7.340709118518067011e-02,-7.197411700355742237e-02,-1.244624194945742751e-01,-7.051263942166730025e-02,-2.872721242393142319e-02,-2.030901712371240009e-02,-2.019004323808653023e-01,-1.435916317235476011e-02,-1.435916317235476011e-02,-5.183686688943279358e-02,-3.801429606348527557e-02,-3.801429606348527557e-02,-1.558271304830920190e-01,-4.064318733121485144e-02,-8.148853797899899276e-02,-1.210011918676099085e-01,-5.569323991926412171e-02,-7.051263942166730025e-02,-4.979810447122927364e-02,-3.212131358814808435e-02,-2.030901712371240009e-02,-3.801429606348527557e-02,-6.749673070628271765e-02,-3.519076715388935045e-02,-1.435916317235476185e-02,-3.524455202264515918e-01,-3.753330286669139260e-01,-2.907009498669055336e-01,-4.311306135592269523e-02,-3.519076715388935045e-02,-3.801429606348527557e-02,-1.435916317235476011e-02,-1.286658602907498339e-01,-4.767312946227962589e-02,5.913962991410492975e-01,-2.487592975524973576e-02,-4.967123990818995694e-01,-1.786283982422259831e-01,-4.979810447122926670e-02,-1.712050908829709783e+00,-2.030901712371240009e-02,-4.892821642774447533e-01,-1.767766952966368654e-01
6.725585318769496945e-01,-5.537123258831522232e-01,-5.507016019503075954e-01,7.082331122151057645e-01,3.716934582680625487e-01,4.576042590972519419e-01,-4.966680157416004104e-01,-4.963069089824175273e-01,-6.493539992246850634e-01,-6.302706439077716549e-01,8.414777418280475763e-01,1.862399238684066816e-01,-2.307787898702514384e-01,-6.275774352731693373e-01,-6.324527931884567078e-01,-1.496522300288474598e-02,-4.702885519880157239e-01,1.597364389384861028e-01,-9.244523182120348848e-01,3.308375903655265127e-01,3.600260422021904771e-01,1.879773786041834815e-01,5.174610978839523368e-01,9.951756631540400466e-01,9.782874304053058856e-02,8.154657025812744875e-01,-8.078231342445260088e-01,2.184971122013014133e-01,4.278335896569772645e-01,5.785442174970039098e-01,3.643850632671082335e-01,0.000000000000000000e+00,0.000000000000000000e+00,5.339616623415676111e-01,1.213393822839661657e-01,4.230452339520751615e-01,6.721981742317142405e-01,4.182028808190868530e-01,-5.181208656627730447e-01,-4.845014723481537167e-01,-3.774647335768301359e-01,1.696017942249628430e+00,1.113666705592083056e-01,-1.253374013974976713e-02,-3.669621702617922865e-01,1.739375798511208382e+00,-5.183686688943279358e-02,-5.183686688943279358e-02,-7.051398600435393460e-01,-1.040941436780788015e-01,-2.030901712371240009e-02,-8.401389803667852485e-02,-3.271524934852403366e-01,-5.191945123345532709e-01,1.407679351095596942e+00,-5.752567881263277033e-02,-3.801429606348526863e-02,-1.147078669352808861e-01,-1.711160802546210780e-01,-7.340709118518067011e-02,-7.197411700355742237e-02,-1.244624194945742751e-01,-7.051263942166730025e-02,-2.872721242393142319e-02,-2.030901712371240009e-02,-2.019004323808653023e-01,-1.435916317235476011e-02,-1.435916317235476011e-02,-5.183686688943279358e-02,-3.801429606348527557e-02,-3.801429606348527557e-02,-1.558271304830920190e-01,-4.064318733121485144e-02,-8.148853797899899276e-02,-1.210011918676099085e-01,-5.569323991926412171e-02,-7.051263942166730025e-02,-4.979810447122927364e-02,-3.212131358814808435e-02,-2.030901712371240009e-02,-3.801429606348527557e-02,-6.749673070628271765e-02,-3.519076715388935045e-02,-1.435916317235476185e-02,-3.524455202264515918e-01,-3.753330286669139260e-01,-2.907009498669055336e-01,-4.311306135592269523e-02,-3.519076715388935045e-02,-3.801429606348527557e-02,-1.435916317235476011e-02,-1.286658602907498339e-01,-4.767312946227962589e-02,5.913962991410492975e-01,-2.487592975524973576e-02,-4.967123990818995694e-01,-1.786283982422259831e-01,-4.979810447122926670e-02,-1.712050908829709783e+00,-2.030901712371240009e-02,2.043810449286999731e+00,-1.767766952966368654e-01
7.472722969279907979e+00,-5.537123258831522232e-01,-5.507016019503075954e-01,-1.284019034700219164e+00,-3.099750526878054524e-01,-1.048610816380417976e+00,-4.966680157416004104e-01,-4.963069089824175273e-01,-6.493539992246850634e-01,-6.302706439077716549e-01,-9.617906165631040505e-01,9.252135358773474483e-01,-7.283033105165793719e-01,1.856329371649440563e-01,7.363472870101713808e-01,8.071898934976127205e-01,9.387628447616762351e-02,7.201617995633149416e-01,-4.297530684971095222e-02,3.726186262622038226e-01,-6.362483984730694930e-02,6.897882347921728829e-01,-1.039927797388649905e-01,-6.263480085305367373e-01,-2.739434719924614403e-01,3.945079573782606652e-01,-1.363252006354677692e-01,-1.520590181272440944e-01,1.197393118962197245e-01,8.800285873625066646e-01,-5.809668599935657873e-02,0.000000000000000000e+00,0.000000000000000000e+00,1.473574796521728292e-01,7.108409781372613256e-01,4.230452339520751615e-01,1.402166504177205786e+00,-2.304802915179977596e-01,4.344875262335887722e-01,6.930118755280455511e-01,9.257960654133498002e-01,-4.668062001933125371e-01,-9.574075473606477593e-02,-2.472873054599261933e-01,9.137094037957288473e-01,-4.602362970513234064e-01,-5.183686688943279358e-02,-5.183686688943279358e-02,1.418158377741196352e+00,-1.040941436780788015e-01,-2.030901712371240009e-02,-8.401389803667852485e-02,-3.271524934852403366e-01,-5.191945123345532709e-01,-7.103890521813077674e-01,-5.752567881263277033e-02,-3.801429606348526863e-02,-1.147078669352808861e-01,-1.711160802546210780e-01,-7.340709118518067011e-02,-7.197411700355742237e-02,-1.244624194945742751e-01,-7.051263942166730025e-02,-2.872721242393142319e-02,-2.030901712371240009e-02,-2.019004323808653023e-01,-1.435916317235476011e-02,-1.435916317235476011e-02,-5.183686688943279358e-02,-3.801429606348527557e-02,-3.801429606348527557e-02,6.417367738851512016e+00,-4.064318733121485144e-02,-8.148853797899899276e-02,-1.210011918676099085e-01,-5.569323991926412171e-02,-7.051263942166730025e-02,-4.979810447122927364e-02,-3.212131358814808435e-02,-2.030901712371240009e-02,-3.801429606348527557e-02,-6.749673070628271765e-02,-3.519076715388935045e-02,-1.435916317235476185e-02,-3.524455202264515918e-01,-3.753330286669139260e-01,-2.907009498669055336e-01,-4.311306135592269523e-02,-3.519076715388935045e-02,-3.801429606348527557e-02,-1.435916317235476011e-02,-1.286658602907498339e-01,-4.767312946227962589e-02,-1.690913523558418063e+00,-2.487592975524973576e-02,2.013237442528823973e+00,-1.786283982422259831e-01,-4.979810447122926670e-02,-1.712050908829709783e+00,-2.030901712371240009e-02,2.043810449286999731e+00,-1.767766952966368654e-01
-2.366847169952922963e-02,-5.537123258831522232e-01,-4.977276807426366662e-02,7.082331122151057645e-01,6.228344886202245023e-01,7.803646324138955315e-01,-4.966680157416004104e-01,6.573034482162921632e-01,-6.623362709603883292e-02,-3.636176791775609651e-02,4.735868727248358501e-01,-7.990582254768477943e-01,-7.530237716827385686e-02,5.375028098545124866e-01,-4.499461158286396367e-01,8.071898934976127205e-01,-3.574555846951790183e-01,6.633221216768130091e-02,-5.188168793550362867e-01,4.143996621588811879e-01,-1.052143564629467676e+00,1.879773786041834815e-01,-2.025159554595558076e-01,6.818377555821408809e-01,6.554870655900186804e-01,8.154657025812744875e-01,8.750744390088503744e-02,1.700721633515483555e+00,-7.820000376474609549e-01,1.047830648512136920e-01,-7.622329347767978769e-01,0.000000000000000000e+00,0.000000000000000000e+00,-1.012455068416011628e+00,-1.352414607349271769e+00,-1.736090558870059808e-01,-2.237200263685563240e+00,-1.021459566540766195e+00,-9.473935815327891308e-02,-4.845014723481537167e-01,-3.774647335768301359e-01,-4.668062001933125371e-01,-4.064018926789744190e-01,1.161234086461132353e+00,-3.669621702617922865e-01,1.739375798511208382e+00,-5.183686688943279358e-02,-5.183686688943279358e-02,-7.051398600435393460e-01,-1.040941436780788015e-01,-2.030901712371240009e-02,-8.401389803667852485e-02,-3.271524934852403366e-01,1.926060419058570616e+00,-7.103890521813077674e-01,-5.752567881263277033e-02,-3.801429606348526863e-02,-1.147078669352808861e-01,-1.711160802546210780e-01,-7.340709118518067011e-02,-7.197411700355742237e-02,-1.244624194945742751e-01,-7.051263942166730025e-02,-2.872721242393142319e-02,-2.030901712371240009e-02,-2.019004323808653023e-01,-1.435916317235476011e-02,-1.435916317235476011e-02,-5.183686688943279358e-02,-3.801429606348527557e-02,-3.801429606348527557e-02,-1.558271304830920190e-01,-4.064318733121485144e-02,-8.148853797899899276e-02,-1.210011918676099085e-01,-5.569323991926412171e-02,-7.051263942166730025e-02,-4.979810447122927364e-02,-3.212131358814808435e-02,-2.030901712371240009e-02,-3.801429606348527557e-02,-6.749673070628271765e-02,-3.519076715388935045e-02,-1.435916317235476185e-02,-3.524455202264515918e-01,-3.753330286669139260e-01,3.439961240091715222e+00,-4.311306135592269523e-02,-3.519076715388935045e-02,-3.801429606348527557e-02,-1.435916317235476011e-02,-1.286658602907498339e-01,-4.767312946227962589e-02,5.913962991410492975e-01,-2.487592975524973576e-02,-4.967123990818995694e-01,-1.786283982422259831e-01,-4.979810447122926670e-02,-1.712050908829709783e+00,-2.030901712371240009e-02,2.043810449286999731e+00,-1.767766952966368654e-01
-2.524358620407671228e-01,-5.537123258831522232e-01,9.520848996778241702e-01,-1.284019034700219164e+00,-9.916435636436735646e-01,-6.541259156600758295e-01,-4.966680157416004104e-01,-4.963069089824175273e-01,-6.493539992246850634e-01,-3.636176791775609651e-02,-1.383960466353674423e+00,-6.008461346790693741e-02,4.309132461027489924e+00,-2.757075625836009625e-01,7.363472870101713808e-01,-9.193358511534318600e-01,-8.087874538665257296e-01,-1.801752323248414722e+00,-1.236479578871264806e+00,-2.958779480846334686e-01,1.969899393990280689e+00,1.944315375262146484e+00,3.810443930399191048e-01,1.104843930804204399e+00,4.696009580735226452e-01,-1.106413368653558910e-01,-8.078231342445260088e-01,-2.446980507093804713e-01,-1.357535038078231948e-01,-6.273932619650074427e-01,2.617621059354920288e+00,0.000000000000000000e+00,0.000000000000000000e+00,1.307170027720357286e+00,-1.734114156426813935e-01,1.019699523791156359e+00,1.013286514950638928e+00,9.766983824398929315e-01,-8.356569962948936503e-01,-9.555068114986333683e-01,-3.774647335768301359e-01,-4.668062001933125371e-01,-6.135093179742474589e-01,-1.186301566740631808e+00,-3.669621702617922865e-01,-4.602362970513234064e-01,-5.183686688943279358e-02,-5.183686688943279358e-02,1.418158377741196352e+00,-1.040941436780788015e-01,-2.030901712371240009e-02,-8.401389803667852485e-02,-3.271524934852403366e-01,-5.191945123345532709e-01,-7.103890521813077674e-01,-5.752567881263277033e-02,-3.801429606348526863e-02,-1.147078669352808861e-01,-1.711160802546210780e-01,-7.340709118518067011e-02,-7.197411700355742237e-02,-1.244624194945742751e-01,-7.051263942166730025e-02,-2.872721242393142319e-02,-2.030901712371240009e-02,-2.019004323808653023e-01,-1.435916317235476011e-02,-1.435916317235476011e-02,-5.183686688943279358e-02,-3.801429606348527557e-02,-3.801429606348527557e-02,-1.558271304830920190e-01,-4.064318733121485144e-02,-8.148853797899899276e-02,-1.210011918676099085e-01,-5.569323991926412171e-02,-7.051263942166730025e-02,-4.979810447122927364e-02,-3.212131358814808435e-02,-2.030901712371240009e-02,-3.801429606348527557e-02,-6.749673070628271765e-02,-3.519076715388935045e-02,-1.435916317235476185e-02,-3.524455202264515918e-01,2.664300564093018409e+00,-2.907009498669055336e-01,-4.311306135592269523e-02,-3.519076715388935045e-02,-3.801429606348527557e-02,-1.435916317235476011e-02,-1.286658602907498339e-01,-4.767312946227962589e-02,5.913962991410492975e-01,-2.487592975524973576e-02,-4.967123990818995694e-01,-1.786283982422259831e-01,-4.979810447122926670e-02,5.840947806181536750e-01,-2.030901712371240009e-02,-4.892821642774447533e-01,-1.767766952966368654e-01
1.117521857992589629e+00,3.280091053755272323e+00,4.511560658017802483e-01,7.082331122151057645e-01,1.340380289626401433e+00,-8.605169026788763234e-03,5.905777172739697933e-01,6.573034482162921632e-01,1.100007117161253767e+00,-6.302706439077716549e-01,8.414777418280475763e-01,9.252135358773474483e-01,-6.738865660708870386e-01,1.577473766914791797e+00,7.363472870101713808e-01,4.783278468974136999e-01,-6.959544865736890795e-01,6.633221216768130091e-02,-4.564114272231903913e-01,4.143996621588811879e-01,9.248938849348538049e-01,2.195220803356141115e+00,-3.465113661282573365e-01,1.175344960007881578e+00,1.213145388139506675e+00,3.945079573782606652e-01,6.470890552417668529e-01,5.427337262387786909e-01,-6.060855801251639752e-02,-2.828396964044327944e-01,3.643850632671082335e-01,0.000000000000000000e+00,0.000000000000000000e+00,5.339616623415676111e-01,1.005591776063908815e+00,1.318026668710696736e+00,1.142913178026161214e+00,-9.860525550743753920e-01,3.286421493562152185e-01,-2.489988027729138353e-01,-3.774647335768301359e-01,-4.668062001933125371e-01,-3.028481800313378436e-01,-7.167944361002790421e-01,-3.669621702617922865e-01,-4.602362970513234064e-01,-5.183686688943279358e-02,-5.183686688943279358e-02,-7.051398600435393460e-01,-1.040941436780788015e-01,-2.030901712371240009e-02,-8.401389803667852485e-02,-3.271524934852403366e-01,-5.191945123345532709e-01,1.407679351095596942e+00,-5.752567881263277033e-02,-3.801429606348526863e-02,-1.147078669352808861e-01,-1.711160802546210780e-01,-7.340709118518067011e-02,-7.197411700355742237e-02,-1.244624194945742751e-01,-7.051263942166730025e-02,-2.872721242393142319e-02,-2.030901712371240009e-02,-2.019004323808653023e-01,-1.435916317235476011e-02,-1.435916317235476011e-02,-5.183686688943279358e-02,-3.801429606348527557e-02,-3.801429606348527557e-02,-1.558271304830920190e-01,-4.064318733121485144e-02,-8.148853797899899276e-02,-1.210011918676099085e-01,-5.569323991926412171e-02,-7.051263942166730025e-02,-4.979810447122927364e-02,-3.212131358814808435e-02,-2.030901712371240009e-02,-3.801429606348527557e-02,-6.749673070628271765e-02,-3.519076715388935045e-02,-1.435916317235476185e-02,-3.524455202264515918e-01,-3.753330286669139260e-01,-2.907009498669055336e-01,-4.311306135592269523e-02,-3.519076715388935045e-02,-3.801429606348527557e-02,-1.435916317235476011e-02,-1.286658602907498339e-01,-4.767312946227962589e-02,5.913962991410492975e-01,-2.487592975524973576e-02,-4.967123990818995694e-01,-1.786283982422259831e-01,-4.979810447122926670e-02,5.840947806181536750e-01,-2.030901712371240009e-02,-4.892821642774447533e-01,-1.767766952966368654e-01
-9.630538728187556519e-01,-5.537123258831522232e-01,4.511560658017802483e-01,7.082331122151057645e-01,-2.023431825368789405e-01,6.311935837690980933e-02,-4.966680157416004104e-01,-4.963069089824175273e-01,-6.493539992246850634e-01,2.339273736042306151e+00,8.414777418280475763e-01,-3.064091508042205425e-01,-7.438509517867770704e-01,-2.131529185498998447e-01,-3.586927771487311012e-01,9.716209167977121197e-01,-2.446226174023423960e-01,-2.605825815301355264e-01,-8.542461845637082662e-01,-3.410696807892142027e-03,-4.872757218968044035e-01,1.879773786041834815e-01,-7.633401864850249963e-01,-7.017322259041630650e-02,-8.805736447596543282e-02,7.312741535406717119e-01,-8.078231342445260088e-01,1.793360666097619793e+00,4.459436610091294106e-02,1.310720544313225044e+00,-4.805784352658213909e-01,0.000000000000000000e+00,0.000000000000000000e+00,-2.392467030372219805e-01,-4.681622135693289666e-01,-4.719362008065465242e-01,2.224329341666445303e-01,-1.068223543949206933e+00,1.110601872409461635e-02,6.930118755280455511e-01,-3.774647335768301359e-01,-4.668062001933125371e-01,9.397963717403006179e-01,-4.820408707801026038e-01,-3.669621702617922865e-01,-4.602362970513234064e-01,-5.183686688943279358e-02,-5.183686688943279358e-02,-7.051398600435393460e-01,-1.040941436780788015e-01,-2.030901712371240009e-02,-8.401389803667852485e-02,-3.271524934852403366e-01,-5.191945123345532709e-01,1.407679351095596942e+00,-5.752567881263277033e-02,-3.801429606348526863e-02,-1.147078669352808861e-01,-1.711160802546210780e-01,-7.340709118518067011e-02,-7.197411700355742237e-02,-1.244624194945742751e-01,-7.051263942166730025e-02,-2.872721242393142319e-02,-2.030901712371240009e-02,-2.019004323808653023e-01,-1.435916317235476011e-02,-1.435916317235476011e-02,-5.183686688943279358e-02,-3.801429606348527557e-02,-3.801429606348527557e-02,-1.558271304830920190e-01,-4.064318733121485144e-02,-8.148853797899899276e-02,-1.210011918676099085e-01,-5.569323991926412171e-02,-7.051263942166730025e-02,-4.979810447122927364e-02,-3.212131358814808435e-02,-2.030901712371240009e-02,-3.801429606348527557e-02,-6.749673070628271765e-02,-3.519076715388935045e-02,-1.435916317235476185e-02,-3.524455202264515918e-01,-3.753330286669139260e-01,-2.907009498669055336e-01,-4.311306135592269523e-02,-3.519076715388935045e-02,-3.801429606348527557e-02,-1.435916317235476011e-02,-1.286658602907498339e-01,-4.767312946227962589e-02,-1.690913523558418063e+00,-2.487592975524973576e-02,-4.967123990818995694e-01,5.598214000911362120e+00,-4.979810447122926670e-02,5.840947806181536750e-01,-2.030901712371240009e-02,-4.892821642774447533e-01,-1.767766952966368654e-01
-1.875936226960344955e-01,-5.537123258831522232e-01,1.953942567429912014e+00,-1.284019034700219164e+00,-1.099275433794600021e+00,-7.258504430637744420e-01,-4.966680157416004104e-01,6.573034482162921632e-01,-6.493539992246850634e-01,-3.636176791775609651e-02,-8.729592771120775474e-02,1.171538073213661102e+00,-8.307619780337290039e-02,8.893726825440805284e-01,2.196400705888708060e+00,-1.496522300288474598e-02,-1.895668281666913063e-02,-2.605825815301355264e-01,-7.138339172670549182e-01,3.726186262622038226e-01,9.248938849348538049e-01,6.897882347921728829e-01,5.629333328319633400e-01,-5.480135316375619459e-01,9.782874304053058856e-02,-1.106413368653558910e-01,4.232564107054141989e-01,-7.542127299111305305e-01,3.226306655435477455e-01,-1.015016023220653985e+00,9.276940622890612609e-01,0.000000000000000000e+00,0.000000000000000000e+00,9.205658450309623930e-01,1.300342573990556527e+00,1.318026668710696736e+00,-3.229156029137091877e-01,3.002246661045496090e+00,-1.259038503804387865e+00,-7.200041419233935702e-01,-3.774647335768301359e-01,-4.668062001933125371e-01,-3.028481800313378436e-01,6.917269558207794766e-01,-3.669621702617922865e-01,-4.602362970513234064e-01,-5.183686688943279358e-02,-5.183686688943279358e-02,-7.051398600435393460e-01,-1.040941436780788015e-01,-2.030901712371240009e-02,-8.401389803667852485e-02,-3.271524934852403366e-01,1.926060419058570616e+00,-7.103890521813077674e-01,-5.752567881263277033e-02,-3.801429606348526863e-02,-1.147078669352808861e-01,-1.711160802546210780e-01,-7.340709118518067011e-02,-7.197411700355742237e-02,-1.244624194945742751e-01,-7.051263942166730025e-02,-2.872721242393142319e-02,-2.030901712371240009e-02,-2.019004323808653023e-01,-1.435916317235476011e-02,-1.435916317235476011e-02,-5.183686688943279358e-02,-3.801429606348527557e-02,-3.801429606348527557e-02,-1.558271304830920190e-01,-4.064318733121485144e-02,-8.148853797899899276e-02,-1.210011918676099085e-01,-5.569323991926412171e-02,-7.051263942166730025e-02,-4.979810447122927364e-02,-3.212131358814808435e-02,-2.030901712371240009e-02,-3.801429606348527557e-02,-6.749673070628271765e-02,-3.519076715388935045e-02,-1.435916317235476185e-02,-3.524455202264515918e-01,-3.753330286669139260e-01,3.439961240091715222e+00,-4.311306135592269523e-02,-3.519076715388935045e-02,-3.801429606348527557e-02,-1.435916317235476011e-02,-1.286658602907498339e-01,-4.767312946227962589e-02,5.913962991410492975e-01,-2.487592975524973576e-02,-4.967123990818995694e-01,-1.786283982422259831e-01,-4.979810447122926670e-02,5.840947806181536750e-01,-2.030901712371240009e-02,-4.892821642774447533e-01,-1.767766952966368654e-01
-6.617983780054018106e-02,-5.537123258831522232e-01,-5.507016019503075954e-01,7.082331122151057645e-01,5.152026184692979349e-01,1.390023115345333293e+00,-4.966680157416004104e-01,-4.963069089824175273e-01,-6.493539992246850634e-01,-6.302706439077716549e-01,8.414777418280475763e-01,1.417862610549974756e+00,-2.865945335768058100e-02,-6.744934182984452242e-01,-1.761860997889140579e-01,-1.793962463029842302e-01,4.323751863546776431e-01,-5.407952618425498903e-01,4.016635395896914762e-01,-1.131498666018180055e+00,3.600260422021904771e-01,4.388828066981781961e-01,-2.252520729335611704e-01,3.949504505974839319e-02,-1.810004182342134504e-01,5.774176121584963933e-02,-8.078231342445260088e-01,-5.226151484557896021e-01,-4.213042978299886832e-01,8.800285873625066646e-01,3.643850632671082335e-01,0.000000000000000000e+00,0.000000000000000000e+00,5.339616623415676111e-01,7.108409781372613256e-01,7.213723788716157603e-01,1.504296602357920287e+00,2.671538704085181862e-03,1.069559787497829983e+00,4.575092059528056976e-01,-3.774647335768301359e-01,-4.668062001933125371e-01,-9.574075473606477593e-02,-2.472873054599261933e-01,-3.669621702617922865e-01,-4.602362970513234064e-01,-5.183686688943279358e-02,-5.183686688943279358e-02,-7.051398600435393460e-01,-1.040941436780788015e-01,-2.030901712371240009e-02,-8.401389803667852485e-02,-3.271524934852403366e-01,-5.191945123345532709e-01,1.407679351095596942e+00,-5.752567881263277033e-02,-3.801429606348526863e-02,-1.147078669352808861e-01,-1.711160802546210780e-01,-7.340709118518067011e-02,-7.197411700355742237e-02,-1.244624194945742751e-01,-7.051263942166730025e-02,-2.872721242393142319e-02,-2.030901712371240009e-02,-2.019004323808653023e-01,-1.435916317235476011e-02,-1.435916317235476011e-02,-5.183686688943279358e-02,-3.801429606348527557e-02,-3.801429606348527557e-02,-1.558271304830920190e-01,-4.064318733121485144e-02,-8.148853797899899276e-02,-1.210011918676099085e-01,-5.569323991926412171e-02,-7.051263942166730025e-02,-4.979810447122927364e-02,-3.212131358814808435e-02,-2.030901712371240009e-02,-3.801429606348527557e-02,-6.749673070628271765e-02,-3.519076715388935045e-02,-1.435916317235476185e-02,-3.524455202264515918e-01,-3.753330286669139260e-01,-2.907009498669055336e-01,-4.311306135592269523e-02,-3.519076715388935045e-02,-3.801429606348527557e-02,-1.435916317235476011e-02,-1.286658602907498339e-01,-4.767312946227962589e-02,5.913962991410492975e-01,-2.487592975524973576e-02,-4.967123990818995694e-01,-1.786283982422259831e-01,-4.979810447122926670e-02,5.840947806181536750e-01,-2.030901712371240009e-02,-4.892821642774447533e-01,-1.767766952966368654e-01
-1.122843676918275246e+00,8.839639414812570095e-01,-5.507016019503075954e-01,7.082331122151057645e-01,5.869571985699155725e-01,-8.032969643048733233e-02,-4.966680157416004104e-01,-4.963069089824175273e-01,2.849368233547192375e+00,-6.302706439077716549e-01,8.414777418280475763e-01,1.862399238684066816e-01,-3.862552025722290061e-01,4.749481658208113966e-01,9.188539643699884518e-01,1.494658002972147348e-01,-2.446226174023423960e-01,-2.138804681447331324e-01,1.712178034358456280e+00,1.082896236505718424e+00,-6.362483984730694930e-02,4.388828066981781961e-01,-5.469604018174498671e-03,5.878363833105715308e-01,4.696009580735226452e-01,-1.948328859059586526e-01,8.750744390088503744e-02,-5.689346647468578322e-01,-1.733259767054764200e-01,1.864467346107001947e-02,-5.809668599935657873e-02,0.000000000000000000e+00,0.000000000000000000e+00,1.473574796521728292e-01,4.160901802106137248e-01,-1.736090558870059808e-01,1.956680562889161923e+00,-3.367013259171702244e-01,-7.298116194175201521e-01,-7.200041419233935702e-01,-3.774647335768301359e-01,-4.668062001933125371e-01,-3.028481800313378436e-01,-4.820408707801026038e-01,-3.669621702617922865e-01,-4.602362970513234064e-01,-5.183686688943279358e-02,-5.183686688943279358e-02,-7.051398600435393460e-01,-1.040941436780788015e-01,-2.030901712371240009e-02,-8.401389803667852485e-02,-3.271524934852403366e-01,-5.191945123345532709e-01,1.407679351095596942e+00,-5.752567881263277033e-02,-3.801429606348526863e-02,-1.147078669352808861e-01,-1.711160802546210780e-01,-7.340709118518067011e-02,-7.197411700355742237e-02,-1.244624194945742751e-01,-7.051263942166730025e-02,-2.872721242393142319e-02,-2.030901712371240009e-02,-2.019004323808653023e-01,-1.435916317235476011e-02,-1.435916317235476011e-02,-5.183686688943279358e-02,-3.801429606348527557e-02,-3.801429606348527557e-02,-1.558271304830920190e-01,-4.064318733121485144e-02,-8.148853797899899276e-02,-1.210011918676099085e-01,-5.569323991926412171e-02,-7.051263942166730025e-02,-4.979810447122927364e-02,-3.212131358814808435e-02,-2.030901712371240009e-02,-3.801429606348527557e-02,-6.749673070628271765e-02,-3.519076715388935045e-02,-1.435916317235476185e-02,-3.524455202264515918e-01,-3.753330286669139260e-01,-2.907009498669055336e-01,-4.311306135592269523e-02,-3.519076715388935045e-02,-3.801429606348527557e-02,-1.435916317235476011e-02,-1.286658602907498339e-01,-4.767312946227962589e-02,5.913962991410492975e-01,-2.487592975524973576e-02,-4.967123990818995694e-01,-1.786283982422259831e-01,-4.979810447122926670e-02,5.840947806181536750e-01,-2.030901712371240009e-02,-4.892821642774447533e-01,-1.767766952966368654e-01
-7.951587888011442118e-01,-7.448690342834912714e-02,-5.507016019503075954e-01,-1.284019034700219164e+00,-1.664658924865700940e-01,-9.051617615730208621e-01,5.905777172739697933e-01,-4.963069089824175273e-01,-6.623362709603883292e-02,-6.302706439077716549e-01,-7.386436959595167329e-01,-6.008461346790693741e-02,8.186869958680963455e-01,2.156104224226526700e+00,6.450939483302627897e-01,1.494658002972147348e-01,5.452081536475141821e-01,-7.377412798852590881e-02,3.503150831509637547e-02,4.979617339522358077e-01,-4.872757218968044035e-01,6.897882347921728829e-01,1.654266971584227974e+00,7.993394709216032901e-01,-6.457156870254534553e-01,-6.999821801495752505e-01,-1.363252006354677692e-01,-2.446980507093804713e-01,-1.097608809987749012e+00,7.508210002772911507e-01,-4.805784352658213909e-01,0.000000000000000000e+00,0.000000000000000000e+00,-2.392467030372219805e-01,-4.681622135693289666e-01,-1.736090558870059808e-01,-8.171990909037056827e-01,-4.977030195662303647e-01,7.520236568657093779e-01,-4.845014723481537167e-01,-3.774647335768301359e-01,1.696017942249628430e+00,-3.028481800313378436e-01,-2.472873054599261933e-01,-3.669621702617922865e-01,1.739375798511208382e+00,-5.183686688943279358e-02,-5.183686688943279358e-02,1.418158377741196352e+00,-1.040941436780788015e-01,-2.030901712371240009e-02,-8.401389803667852485e-02,-3.271524934852403366e-01,-5.191945123345532709e-01,-7.103890521813077674e-01,-5.752567881263277033e-02,-3.801429606348526863e-02,-1.147078669352808861e-01,-1.711160802546210780e-01,-7.340709118518067011e-02,-7.197411700355742237e-02,-1.244624194945742751e-01,-7.051263942166730025e-02,-2.872721242393142319e-02,-2.030901712371240009e-02,-2.019004323808653023e-01,-1.435916317235476011e-02,-1.435916317235476011e-02,-5.183686688943279358e-02,-3.801429606348527557e-02,-3.801429606348527557e-02,-1.558271304830920190e-01,-4.064318733121485144e-02,-8.148853797899899276e-02,-1.210011918676099085e-01,-5.569323991926412171e-02,-7.051263942166730025e-02,-4.979810447122927364e-02,-3.212131358814808435e-02,-2.030901712371240009e-02,-3.801429606348527557e-02,-6.749673070628271765e-02,-3.519076715388935045e-02,-1.435916317235476185e-02,-3.524455202264515918e-01,2.664300564093018409e+00,-2.907009498669055336e-01,-4.311306135592269523e-02,-3.519076715388935045e-02,-3.801429606348527557e-02,-1.435916317235476011e-02,-1.286658602907498339e-01,-4.767312946227962589e-02,-1.690913523558418063e+00,-2.487592975524973576e-02,2.013237442528823973e+00,-1.786283982422259831e-01,-4.979810447122926670e-02,5.840947806181536750e-01,-2.030901712371240009e-02,-4.892821642774447533e-01,-1.767766952966368654e-01
2.244523421196008284e-01,-5.537123258831522232e-01,-5.507016019503075954e-01,-1.284019034700219164e+00,-7.763798233418204298e-01,-1.084473080082267282e+00,-4.966680157416004104e-01,-4.963069089824175273e-01,-6.493539992246850634e-01,-6.302706439077716549e-01,-1.377929468499523358e+00,1.862399238684066816e-01,-6.738865660708870386e-01,-4.112764745722221477e-02,6.320577570903027943e-03,9.716209167977121197e-01,-4.702885519880157239e-01,7.668639129487173633e-01,4.484676286885759811e-01,-2.958779480846334686e-01,-7.697096432631360674e-01,-5.647389056778006067e-01,3.734656872152507523e-01,6.583374125142485989e-01,-8.805736447596543282e-02,4.786995064188634408e-01,8.750744390088503744e-02,1.237526470604801476e+00,-2.785289008189059112e-01,2.770598476315010439e-01,-4.805784352658213909e-01,0.000000000000000000e+00,0.000000000000000000e+00,-2.392467030372219805e-01,-1.734114156426813935e-01,-1.068590490645627611e+00,-9.343868317649101085e-01,1.515152179457081694e+00,-9.473935815327891308e-02,-7.200041419233935702e-01,-3.774647335768301359e-01,-4.668062001933125371e-01,1.768226072921393000e+00,1.630741217101485230e+00,-3.669621702617922865e-01,1.739375798511208382e+00,-5.183686688943279358e-02,-5.183686688943279358e-02,1.418158377741196352e+00,-1.040941436780788015e-01,-2.030901712371240009e-02,-8.401389803667852485e-02,-3.271524934852403366e-01,-5.191945123345532709e-01,-7.103890521813077674e-01,-5.752567881263277033e-02,-3.801429606348526863e-02,-1.147078669352808861e-01,-1.711160802546210780e-01,-7.340709118518067011e-02,-7.197411700355742237e-02,-1.244624194945742751e-01,-7.051263942166730025e-02,-2.872721242393142319e-02,-2.030901712371240009e-02,-2.019004323808653023e-01,-1.435916317235476011e-02,-1.435916317235476011e-02,-5.183686688943279358e-02,-3.801429606348527557e-02,-3.801429606348527557e-02,-1.558271304830920190e-01,-4.064318733121485144e-02,-8.148853797899899276e-02,-1.210011918676099085e-01,-5.569323991926412171e-02,-7.051263942166730025e-02,-4.979810447122927364e-02,-3.212131358814808435e-02,-2.030901712371240009e-02,-3.801429606348527557e-02,-6.749673070628271765e-02,-3.519076715388935045e-02,-1.435916317235476185e-02,2.837317947345407543e+00,-3.753330286669139260e-01,-2.907009498669055336e-01,-4.311306135592269523e-02,-3.519076715388935045e-02,-3.801429606348527557e-02,-1.435916317235476011e-02,-1.286658602907498339e-01,-4.767312946227962589e-02,5.913962991410492975e-01,-2.487592975524973576e-02,-4.967123990818995694e-01,-1.786283982422259831e-01,-4.979810447122926670e-02,-1.712050908829709783e+00,-2.030901712371240009e-02,2.043810449286999731e+00,-1.767766952966368654e-01
-3.371277664910302119e-01,-7.448690342834912714e-02,-5.507016019503075954e-01,-1.284019034700219164e+00,-1.099275433794600021e+00,-9.051617615730208621e-01,2.765069183305110201e+00,6.573034482162921632e-01,-6.623362709603883292e-02,-6.302706439077716549e-01,-2.260088783566809312e-01,-6.008461346790693741e-02,-2.353031823252243360e+00,-2.340010815695734880e+00,-3.826319646985255396e+00,-4.454602852105570499e+00,-8.087874538665257296e-01,-1.801752323248414722e+00,-1.236479578871264806e+00,-2.384929742918500128e+00,1.066110845618019498e+00,-6.292804948981121915e-02,-2.294238763068062958e+00,-2.326206157108087869e+00,-3.898722568564133795e+00,-4.572793436017302149e+00,-8.078231342445260088e-01,-1.773242088314630704e+00,-1.202811734101178587e+00,-2.436299481158024527e+00,1.913484810577479101e+00,0.000000000000000000e+00,0.000000000000000000e+00,2.080378393099147072e+00,7.108409781372613256e-01,1.019699523791156359e+00,1.154697420123935947e+00,-4.268889966334487029e-01,-9.415023731722672595e-01,-7.200041419233935702e-01,2.229056864403530014e+00,-4.668062001933125371e-01,-1.856153869745885920e+00,-1.186301566740631808e+00,-3.669621702617922865e-01,-4.602362970513234064e-01,-5.183686688943279358e-02,-5.183686688943279358e-02,-7.051398600435393460e-01,-1.040941436780788015e-01,-2.030901712371240009e-02,-8.401389803667852485e-02,-3.271524934852403366e-01,1.926060419058570616e+00,-7.103890521813077674e-01,-5.752567881263277033e-02,-3.801429606348526863e-02,-1.147078669352808861e-01,-1.711160802546210780e-01,-7.340709118518067011e-02,-7.197411700355742237e-02,-1.244624194945742751e-01,-7.051263942166730025e-02,-2.872721242393142319e-02,-2.030901712371240009e-02,-2.019004323808653023e-01,-1.435916317235476011e-02,-1.435916317235476011e-02,1.929128938546737260e+01,-3.801429606348527557e-02,-3.801429606348527557e-02,-1.558271304830920190e-01,-4.064318733121485144e-02,-8.148853797899899276e-02,-1.210011918676099085e-01,-5.569323991926412171e-02,-7.051263942166730025e-02,-4.979810447122927364e-02,-3.212131358814808435e-02,-2.030901712371240009e-02,-3.801429606348527557e-02,-6.749673070628271765e-02,-3.519076715388935045e-02,-1.435916317235476185e-02,-3.524455202264515918e-01,-3.753330286669139260e-01,-2.907009498669055336e-01,-4.311306135592269523e-02,-3.519076715388935045e-02,-3.801429606348527557e-02,-1.435916317235476011e-02,-1.286658602907498339e-01,-4.767312946227962589e-02,5.913962991410492975e-01,-2.487592975524973576e-02,-4.967123990818995694e-01,-1.786283982422259831e-01,-4.979810447122926670e-02,5.840947806181536750e-01,-2.030901712371240009e-02,-4.892821642774447533e-01,-1.767766952966368654e-01
-8.988732889775405965e-01,-5.537123258831522232e-01,1.453013733553867981e+00,7.082331122151057645e-01,-7.046252432412027922e-01,3.141552042898547725e-01,-4.966680157416004104e-01,6.573034482162921632e-01,-6.493539992246850634e-01,1.745364860052290412e+00,4.615248770165341075e-01,9.252135358773474483e-01,-3.551599200318334981e-01,-7.526867233405715174e-01,-9.062128092281823699e-01,4.783278468974136999e-01,-8.087874538665257296e-01,2.074523087739984728e+00,2.690519538095186847e-01,2.472755185721718374e-01,3.600260422021904771e-01,1.693409947168151630e+00,-8.921781855043895426e-01,-6.733486946663216344e-01,3.766579043152746276e-01,-2.644978782475312235e-02,4.232564107054141989e-01,3.574556610745059926e-01,1.615123733222823432e+00,1.864467346107001947e-02,3.643850632671082335e-01,0.000000000000000000e+00,0.000000000000000000e+00,5.339616623415676111e-01,4.160901802106137248e-01,1.019699523791156359e+00,5.111468655621259627e-01,-1.098954157674753684e+00,-1.047347750049640647e+00,-7.200041419233935702e-01,-3.774647335768301359e-01,-4.668062001933125371e-01,-7.170630306218840344e-01,-1.186301566740631808e+00,-3.669621702617922865e-01,1.739375798511208382e+00,-5.183686688943279358e-02,-5.183686688943279358e-02,-7.051398600435393460e-01,-1.040941436780788015e-01,-2.030901712371240009e-02,-8.401389803667852485e-02,-3.271524934852403366e-01,1.926060419058570616e+00,-7.103890521813077674e-01,-5.752567881263277033e-02,-3.801429606348526863e-02,-1.147078669352808861e-01,-1.711160802546210780e-01,-7.340709118518067011e-02,-7.197411700355742237e-02,-1.244624194945742751e-01,-7.051263942166730025e-02,-2.872721242393142319e-02,-2.030901712371240009e-02,-2.019004323808653023e-01,-1.435916317235476011e-02,-1.435916317235476011e-02,-5.183686688943279358e-02,-3.801429606348527557e-02,-3.801429606348527557e-02,-1.558271304830920190e-01,-4.064318733121485144e-02,-8.148853797899899276e-02,-1.210011918676099085e-01,-5.569323991926412171e-02,-7.051263942166730025e-02,-4.979810447122927364e-02,-3.212131358814808435e-02,-2.030901712371240009e-02,-3.801429606348527557e-02,-6.749673070628271765e-02,-3.519076715388935045e-02,-1.435916317235476185e-02,-3.524455202264515918e-01,-3.753330286669139260e-01,3.439961240091715222e+00,-4.311306135592269523e-02,-3.519076715388935045e-02,-3.801429606348527557e-02,-1.435916317235476011e-02,-1.286658602907498339e-01,-4.767312946227962589e-02,5.913962991410492975e-01,-2.487592975524973576e-02,-4.967123990818995694e-01,-1.786283982422259831e-01,-4.979810447122926670e-02,5.840947806181536750e-01,-2.030901712371240009e-02,-4.892821642774447533e-01,-1.767766952966368654e-01
-2.378794409633781803e-01,-5.537123258831522232e-01,-5.507016019503075954e-01,7.082331122151057645e-01,-8.481344034424381784e-01,-5.106768608526787157e-01,5.905777172739697933e-01,-4.963069089824175273e-01,-6.493539992246850634e-01,1.151455984062275117e+00,8.414777418280475763e-01,-6.008461346790693741e-02,-1.598971221647653040e+00,-1.870850985442977121e+00,-1.761860997889140579e-01,-3.438272696030836850e-01,1.560704859283044144e+00,-1.801752323248414722e+00,-1.236479578871264806e+00,-1.340403845501566771e+00,-6.362483984730694930e-02,-6.292804948981121915e-02,-6.117660699916547262e-01,-1.856199295750239564e+00,2.837148505570266099e-01,-8.683652782307808016e-01,-8.078231342445260088e-01,3.111361447834378180e-01,1.299514960882535375e+00,-2.828396964044327944e-01,-5.809668599935657873e-02,0.000000000000000000e+00,0.000000000000000000e+00,1.473574796521728292e-01,-7.629130114959765674e-01,-4.719362008065465242e-01,1.091732740046983258e-01,1.571268952347210535e+00,1.169513956014681527e-01,1.399519884253765056e+00,9.257960654133498002e-01,-4.668062001933125371e-01,-1.027724168564793761e+00,-4.820408707801026038e-01,-3.669621702617922865e-01,-4.602362970513234064e-01,-5.183686688943279358e-02,-5.183686688943279358e-02,-7.051398600435393460e-01,-1.040941436780788015e-01,-2.030901712371240009e-02,-8.401389803667852485e-02,-3.271524934852403366e-01,-5.191945123345532709e-01,1.407679351095596942e+00,-5.752567881263277033e-02,-3.801429606348526863e-02,-1.147078669352808861e-01,-1.711160802546210780e-01,-7.340709118518067011e-02,-7.197411700355742237e-02,-1.244624194945742751e-01,-7.051263942166730025e-02,-2.872721242393142319e-02,-2.030901712371240009e-02,-2.019004323808653023e-01,-1.435916317235476011e-02,-1.435916317235476011e-02,-5.183686688943279358e-02,-3.801429606348527557e-02,-3.801429606348527557e-02,-1.558271304830920190e-01,-4.064318733121485144e-02,-8.148853797899899276e-02,-1.210011918676099085e-01,-5.569323991926412171e-02,-7.051263942166730025e-02,-4.979810447122927364e-02,-3.212131358814808435e-02,-2.030901712371240009e-02,-3.801429606348527557e-02,-6.749673070628271765e-02,-3.519076715388935045e-02,-1.435916317235476185e-02,-3.524455202264515918e-01,-3.753330286669139260e-01,-2.907009498669055336e-01,-4.311306135592269523e-02,-3.519076715388935045e-02,-3.801429606348527557e-02,-1.435916317235476011e-02,-1.286658602907498339e-01,-4.767312946227962589e-02,5.913962991410492975e-01,-2.487592975524973576e-02,-4.967123990818995694e-01,-1.786283982422259831e-01,-4.979810447122926670e-02,-1.712050908829709783e+00,-2.030901712371240009e-02,2.043810449286999731e+00,-1.767766952966368654e-01
-7.825505073973784698e-02,-7.448690342834912714e-02,4.511560658017802483e-01,-1.284019034700219164e+00,-9.916435636436735646e-01,-8.692994978711715559e-01,-4.966680157416004104e-01,6.573034482162921632e-01,-6.493539992246850634e-01,-3.636176791775609651e-02,-7.386436959595167329e-01,-5.527336881405341407e-01,-5.198091526297738546e-02,3.342002167449839578e-01,9.757391625081156261e-02,1.136051940097811741e+00,-8.087874538665257296e-01,-8.677100555403667315e-01,6.590860296335560031e-01,-2.384929742918500128e+00,-4.872757218968044035e-01,-1.066549761865789980e+00,-5.435577175696383323e-01,-7.595166192485937051e-01,-1.810004182342134504e-01,6.470826045000689364e-01,8.709216997781196179e-01,1.721775959102332110e-01,1.675239689859068903e+00,2.339906519364291781e-01,-7.622329347767978769e-01,0.000000000000000000e+00,0.000000000000000000e+00,-2.392467030372219805e-01,-7.629130114959765674e-01,-1.068590490645627611e+00,4.463335340243648197e-01,-1.910649391308834322e-01,-6.239662425401465429e-01,-1.349613319767399566e-02,-3.774647335768301359e-01,-4.668062001933125371e-01,6.291352337973910025e-01,-1.253374013974976713e-02,9.137094037957288473e-01,-4.602362970513234064e-01,-5.183686688943279358e-02,-5.183686688943279358e-02,-7.051398600435393460e-01,-1.040941436780788015e-01,-2.030901712371240009e-02,-8.401389803667852485e-02,-3.271524934852403366e-01,1.926060419058570616e+00,-7.103890521813077674e-01,-5.752567881263277033e-02,-3.801429606348526863e-02,-1.147078669352808861e-01,-1.711160802546210780e-01,-7.340709118518067011e-02,-7.197411700355742237e-02,-1.244624194945742751e-01,-7.051263942166730025e-02,-2.872721242393142319e-02,-2.030901712371240009e-02,-2.019004323808653023e-01,-1.435916317235476011e-02,-1.435916317235476011e-02,-5.183686688943279358e-02,-3.801429606348527557e-02,-3.801429606348527557e-02,-1.558271304830920190e-01,-4.064318733121485144e-02,-8.148853797899899276e-02,-1.210011918676099085e-01,-5.569323991926412171e-02,-7.051263942166730025e-02,-4.979810447122927364e-02,-3.212131358814808435e-02,-2.030901712371240009e-02,-3.801429606348527557e-02,-6.749673070628271765e-02,-3.519076715388935045e-02,-1.435916317235476185e-02,-3.524455202264515918e-01,-3.753330286669139260e-01,3.439961240091715222e+00,-4.311306135592269523e-02,-3.519076715388935045e-02,-3.801429606348527557e-02,-1.435916317235476011e-02,-1.286658602907498339e-01,-4.767312946227962589e-02,-1.690913523558418063e+00,-2.487592975524973576e-02,2.013237442528823973e+00,-1.786283982422259831e-01,-4.979810447122926670e-02,5.840947806181536750e-01,-2.030901712371240009e-02,-4.892821642774447533e-01,-1.767766952966368654e-01
-2.458193070055903484e-01,-5.537123258831522232e-01,-4.977276807426366662e-02,-1.284019034700219164e+00,-9.916435636436735646e-01,-9.410240252748701684e-01,-4.966680157416004104e-01,6.573034482162921632e-01,-6.493539992246850634e-01,-6.302706439077716549e-01,-1.426177451332731438e+00,-1.045382762813161337e+00,-3.643327399277963147e-02,2.951035642239209222e-01,2.800805936106286476e-01,-1.496522300288474598e-02,-8.087874538665257296e-01,-7.743058287695619990e-01,-1.053807589815569518e-01,2.472755185721718374e-01,-7.697096432631360674e-01,6.897882347921728829e-01,1.593637324986880044e+00,1.081343587736311784e+00,9.782874304053058856e-02,-2.644978782475312235e-02,-2.482415229036441240e-01,-5.941998554510771746e-02,-8.496304888632369989e-01,8.800285873625066646e-01,-4.805784352658213909e-01,0.000000000000000000e+00,0.000000000000000000e+00,-6.258508857266168457e-01,-7.629130114959765674e-01,4.230452339520751615e-01,6.989246701211582202e-02,-9.005412820989410205e-01,-1.259038503804387865e+00,-9.555068114986333683e-01,-3.774647335768301359e-01,-4.668062001933125371e-01,7.812957911571764835e-03,2.222198251804266556e-01,-3.669621702617922865e-01,-4.602362970513234064e-01,-5.183686688943279358e-02,-5.183686688943279358e-02,-7.051398600435393460e-01,-1.040941436780788015e-01,-2.030901712371240009e-02,-8.401389803667852485e-02,-3.271524934852403366e-01,1.926060419058570616e+00,-7.103890521813077674e-01,-5.752567881263277033e-02,-3.801429606348526863e-02,-1.147078669352808861e-01,-1.711160802546210780e-01,-7.340709118518067011e-02,-7.197411700355742237e-02,-1.244624194945742751e-01,-7.051263942166730025e-02,-2.872721242393142319e-02,-2.030901712371240009e-02,4.952936396459016066e+00,-1.435916317235476011e-02,-1.435916317235476011e-02,-5.183686688943279358e-02,-3.801429606348527557e-02,-3.801429606348527557e-02,-1.558271304830920190e-01,-4.064318733121485144e-02,-8.148853797899899276e-02,-1.210011918676099085e-01,-5.569323991926412171e-02,-7.051263942166730025e-02,-4.979810447122927364e-02,-3.212131358814808435e-02,-2.030901712371240009e-02,-3.801429606348527557e-02,-6.749673070628271765e-02,-3.519076715388935045e-02,-1.435916317235476185e-02,-3.524455202264515918e-01,-3.753330286669139260e-01,-2.907009498669055336e-01,-4.311306135592269523e-02,-3.519076715388935045e-02,-3.801429606348527557e-02,-1.435916317235476011e-02,-1.286658602907498339e-01,-4.767312946227962589e-02,5.913962991410492975e-01,-2.487592975524973576e-02,-4.967123990818995694e-01,-1.786283982422259831e-01,-4.979810447122926670e-02,-1.712050908829709783e+00,-2.030901712371240009e-02,-4.892821642774447533e-01,5.656854249492379694e+00
1.054168343530771601e+00,2.321640208845666020e+00,-5.507016019503075954e-01,7.082331122151057645e-01,-3.458523427381143267e-01,-2.596410149397337386e-01,-4.966680157416004104e-01,-4.963069089824175273e-01,1.683127489289899970e+00,-6.302706439077716549e-01,8.414777418280475763e-01,1.417862610549974756e+00,-2.865945335768058100e-02,-6.744934182984452242e-01,-1.761860997889140579e-01,-1.793962463029842302e-01,4.323751863546776431e-01,-5.407952618425498903e-01,4.016635395896914762e-01,-1.131498666018180055e+00,3.600260422021904771e-01,-6.292804948981121915e-02,-1.722011321608817591e-01,7.758391278537106750e-01,4.696009580735226452e-01,3.945079573782606652e-01,-8.078231342445260088e-01,1.839680182388687912e+00,4.353480842365080594e-01,2.339906519364291781e-01,3.643850632671082335e-01,0.000000000000000000e+00,0.000000000000000000e+00,5.339616623415676111e-01,7.108409781372613256e-01,4.230452339520751615e-01,-4.479595051734301947e-01,-4.522751557980307924e-01,1.069559787497829983e+00,4.575092059528056976e-01,-3.774647335768301359e-01,-4.668062001933125371e-01,1.113666705592083056e-01,9.264805211409559149e-01,-3.669621702617922865e-01,1.739375798511208382e+00,-5.183686688943279358e-02,-5.183686688943279358e-02,-7.051398600435393460e-01,-1.040941436780788015e-01,-2.030901712371240009e-02,-8.401389803667852485e-02,3.056678521220304923e+00,-5.191945123345532709e-01,-7.103890521813077674e-01,-5.752567881263277033e-02,-3.801429606348526863e-02,-1.147078669352808861e-01,-1.711160802546210780e-01,-7.340709118518067011e-02,-7.197411700355742237e-02,-1.244624194945742751e-01,-7.051263942166730025e-02,-2.872721242393142319e-02,-2.030901712371240009e-02,-2.019004323808653023e-01,-1.435916317235476011e-02,-1.435916317235476011e-02,-5.183686688943279358e-02,-3.801429606348527557e-02,-3.801429606348527557e-02,-1.558271304830920190e-01,-4.064318733121485144e-02,-8.148853797899899276e-02,-1.210011918676099085e-01,-5.569323991926412171e-02,-7.051263942166730025e-02,-4.979810447122927364e-02,-3.212131358814808435e-02,-2.030901712371240009e-02,-3.801429606348527557e-02,-6.749673070628271765e-02,-3.519076715388935045e-02,-1.435916317235476185e-02,-3.524455202264515918e-01,-3.753330286669139260e-01,-2.907009498669055336e-01,-4.311306135592269523e-02,-3.519076715388935045e-02,-3.801429606348527557e-02,-1.435916317235476011e-02,-1.286658602907498339e-01,-4.767312946227962589e-02,5.913962991410492975e-01,-2.487592975524973576e-02,-4.967123990818995694e-01,-1.786283982422259831e-01,-4.979810447122926670e-02,5.840947806181536750e-01,-2.030901712371240009e-02,-4.892821642774447533e-01,-1.767766952966368654e-01
8.596416254965737469e-01,-5.537123258831522232e-01,-5.507016019503075954e-01,-2.878929612425566442e-01,5.869571985699155725e-01,4.217419953954026357e-01,5.905777172739697933e-01,-4.963069089824175273e-01,-6.493539992246850634e-01,-3.636176791775609651e-02,3.770909070584201883e-01,4.325644612047202520e-01,-3.707075613020312521e-01,7.251667419556153682e-01,7.363472870101713808e-01,1.053836428447761930e+00,-1.895668281666913063e-02,3.932470058654981004e-01,-4.330093826737481111e-01,5.397427698489131176e-01,9.248938849348538049e-01,9.406936628861676253e-01,-5.814512466929810941e-01,2.509981326707801386e-01,-3.668865257507094579e-01,2.261248592970551696e-01,-3.601578451718204787e-01,1.005928889149460659e+00,1.464833841632209976e+00,1.095374565837865966e+00,9.276940622890612609e-01,0.000000000000000000e+00,0.000000000000000000e+00,9.205658450309623930e-01,1.005591776063908815e+00,7.213723788716157603e-01,-1.189057397100153457e+00,-1.014778998339560312e+00,-2.005847350306524668e-01,-9.555068114986333683e-01,-3.774647335768301359e-01,3.858842084692569063e+00,1.113666705592083056e-01,-7.167944361002790421e-01,9.137094037957288473e-01,-4.602362970513234064e-01,-5.183686688943279358e-02,-5.183686688943279358e-02,1.418158377741196352e+00,-1.040941436780788015e-01,-2.030901712371240009e-02,-8.401389803667852485e-02,-3.271524934852403366e-01,-5.191945123345532709e-01,-7.103890521813077674e-01,-5.752567881263277033e-02,-3.801429606348526863e-02,-1.147078669352808861e-01,-1.711160802546210780e-01,-7.340709118518067011e-02,-7.197411700355742237e-02,-1.244624194945742751e-01,-7.051263942166730025e-02,-2.872721242393142319e-02,-2.030901712371240009e-02,-2.019004323808653023e-01,-1.435916317235476011e-02,-1.435916317235476011e-02,-5.183686688943279358e-02,-3.801429606348527557e-02,-3.801429606348527557e-02,-1.558271304830920190e-01,-4.064318733121485144e-02,-8.148853797899899276e-02,-1.210011918676099085e-01,-5.569323991926412171e-02,-7.051263942166730025e-02,-4.979810447122927364e-02,-3.212131358814808435e-02,-2.030901712371240009e-02,-3.801429606348527557e-02,-6.749673070628271765e-02,-3.519076715388935045e-02,-1.435916317235476185e-02,-3.524455202264515918e-01,2.664300564093018409e+00,-2.907009498669055336e-01,-4.311306135592269523e-02,-3.519076715388935045e-02,-3.801429606348527557e-02,-1.435916317235476011e-02,-1.286658602907498339e-01,-4.767312946227962589e-02,5.913962991410492975e-01,-2.487592975524973576e-02,-4.967123990818995694e-01,-1.786283982422259831e-01,-4.979810447122926670e-02,5.840947806181536750e-01,-2.030901712371240009e-02,-4.892821642774447533e-01,-1.767766952966368654e-01
2.244523421196008284e-01,-7.448690342834912714e-02,-5.507016019503075954e-01,-2.878929612425566442e-01,-4.176069228387320198e-01,2.725709467506052044e-02,-4.966680157416004104e-01,-4.963069089824175273e-01,-6.623362709603883292e-02,-6.302706439077716549e-01,-3.647218290021541076e-01,-6.008461346790693741e-02,1.370628260960116140e+00,-6.353967657773818001e-01,-5.411994545085482278e-01,-6.726893162032826501e-01,-6.959544865736890795e-01,-5.407952618425498903e-01,-3.472018859924600465e-01,3.308375903655265127e-01,2.563010628859577089e+00,-6.292804948981121915e-02,-9.641407391419663797e-02,-1.250073564154984829e-01,9.782874304053058856e-02,-2.790244349465614282e-01,-5.839904897081731328e-01,7.743313076941197304e-01,-8.195725105451143744e-01,3.201290433265728819e-01,2.617621059354920288e+00,0.000000000000000000e+00,0.000000000000000000e+00,1.307170027720357286e+00,4.160901802106137248e-01,-1.736090558870059808e-01,2.022148574543466193e+00,2.613437591735317422e+00,5.403329031109622704e-01,1.635022553829005076e+00,-3.774647335768301359e-01,-4.668062001933125371e-01,-5.099556053266109945e-01,1.630741217101485230e+00,9.137094037957288473e-01,1.739375798511208382e+00,-5.183686688943279358e-02,-5.183686688943279358e-02,1.418158377741196352e+00,-1.040941436780788015e-01,-2.030901712371240009e-02,-8.401389803667852485e-02,-3.271524934852403366e-01,-5.191945123345532709e-01,-7.103890521813077674e-01,-5.752567881263277033e-02,-3.801429606348526863e-02,-1.147078669352808861e-01,-1.711160802546210780e-01,-7.340709118518067011e-02,-7.197411700355742237e-02,-1.244624194945742751e-01,-7.051263942166730025e-02,-2.872721242393142319e-02,-2.030901712371240009e-02,-2.019004323808653023e-01,-1.435916317235476011e-02,-1.435916317235476011e-02,-5.183686688943279358e-02,-3.801429606348527557e-02,-3.801429606348527557e-02,-1.558271304830920190e-01,-4.064318733121485144e-02,-8.148853797899899276e-02,-1.210011918676099085e-01,-5.569323991926412171e-02,-7.051263942166730025e-02,-4.979810447122927364e-02,-3.212131358814808435e-02,-2.030901712371240009e-02,-3.801429606348527557e-02,-6.749673070628271765e-02,-3.519076715388935045e-02,-1.435916317235476185e-02,2.837317947345407543e+00,-3.753330286669139260e-01,-2.907009498669055336e-01,-4.311306135592269523e-02,-3.519076715388935045e-02,-3.801429606348527557e-02,-1.435916317235476011e-02,-1.286658602907498339e-01,-4.767312946227962589e-02,5.913962991410492975e-01,-2.487592975524973576e-02,-4.967123990818995694e-01,-1.786283982422259831e-01,-4.979810447122926670e-02,5.840947806181536750e-01,-2.030901712371240009e-02,-4.892821642774447533e-01,-1.767766952966368654e-01
6.032501178834727140e-01,-5.537123258831522232e-01,-4.977276807426366662e-02,7.082331122151057645e-01,1.483889449827636708e+00,2.035543861978620583e+00,-4.966680157416004104e-01,-4.963069089824175273e-01,-6.493539992246850634e-01,-3.636176791775609651e-02,-1.414115455624429751e+00,1.417862610549974756e+00,1.075223076826359092e+00,8.111793775019545683e-01,4.625872709704457186e-01,-7.549048278533324607e-01,-3.574555846951790183e-01,-2.605825815301355264e-01,-9.556550442779578880e-01,1.166458308299073154e+00,9.248938849348538049e-01,6.897882347921728829e-01,1.699739206532238756e+00,1.527850106026267918e+00,-5.527726332672054932e-01,-2.644978782475312235e-02,-8.078231342445260088e-01,-9.394907950754033399e-01,-8.421159942837063150e-01,7.938901959723629886e-01,3.643850632671082335e-01,0.000000000000000000e+00,0.000000000000000000e+00,1.307170027720357286e+00,1.595093371917204017e+00,7.213723788716157603e-01,-4.198082601620793941e-01,-6.814248422869645383e-02,-9.473935815327891308e-02,-4.845014723481537167e-01,-3.774647335768301359e-01,-4.668062001933125371e-01,-3.028481800313378436e-01,4.569733905006030938e-01,-3.669621702617922865e-01,1.739375798511208382e+00,-5.183686688943279358e-02,-5.183686688943279358e-02,1.418158377741196352e+00,-1.040941436780788015e-01,-2.030901712371240009e-02,-8.401389803667852485e-02,-3.271524934852403366e-01,-5.191945123345532709e-01,-7.103890521813077674e-01,-5.752567881263277033e-02,-3.801429606348526863e-02,-1.147078669352808861e-01,-1.711160802546210780e-01,-7.340709118518067011e-02,-7.197411700355742237e-02,-1.244624194945742751e-01,-7.051263942166730025e-02,-2.872721242393142319e-02,-2.030901712371240009e-02,-2.019004323808653023e-01,-1.435916317235476011e-02,-1.435916317235476011e-02,-5.183686688943279358e-02,-3.801429606348527557e-02,-3.801429606348527557e-02,-1.558271304830920190e-01,-4.064318733121485144e-02,-8.148853797899899276e-02,-1.210011918676099085e-01,-5.569323991926412171e-02,-7.051263942166730025e-02,-4.979810447122927364e-02,-3.212131358814808435e-02,-2.030901712371240009e-02,-3.801429606348527557e-02,-6.749673070628271765e-02,-3.519076715388935045e-02,-1.435916317235476185e-02,-3.524455202264515918e-01,2.664300564093018409e+00,-2.907009498669055336e-01,-4.311306135592269523e-02,-3.519076715388935045e-02,-3.801429606348527557e-02,-1.435916317235476011e-02,-1.286658602907498339e-01,-4.767312946227962589e-02,5.913962991410492975e-01,-2.487592975524973576e-02,-4.967123990818995694e-01,-1.786283982422259831e-01,-4.979810447122926670e-02,5.840947806181536750e-01,-2.030901712371240009e-02,-4.892821642774447533e-01,-1.767766952966368654e-01
-4.878198074171818388e-01,-5.537123258831522232e-01,2.454871401305955825e+00,-2.878929612425566442e-01,-2.740977626374966336e-01,-7.258504430637744420e-01,1.677823450289539942e+00,-4.963069089824175273e-01,1.100007117161253767e+00,1.151455984062275117e+00,4.313698877457791681e-01,4.325644612047202520e-01,2.435829182714591319e-03,6.834297960175468589e-02,6.450939483302627897e-01,-9.718073465293448898e-02,2.350535630332900805e+00,2.064385523238884967e-01,1.049120105457593155e+00,1.219324108821398522e-01,-4.872757218968044035e-01,-5.647389056778006067e-01,-6.875531282383399168e-01,-4.305118162980999252e-01,4.885689282282582209e-03,8.996572516218772630e-01,-1.363252006354677692e-01,8.206508239851878495e-01,7.133843836791426973e-01,-1.105629136241454841e-01,-7.622329347767978769e-01,0.000000000000000000e+00,0.000000000000000000e+00,-6.258508857266168457e-01,-1.734114156426813935e-01,1.247180890325345903e-01,-1.219172682461133306e+00,2.832554031547294127e-01,8.578690337430828761e-01,2.220065363775658440e-01,-3.774647335768301359e-01,1.696017942249628430e+00,9.397963717403006179e-01,4.569733905006030938e-01,2.194380977853250148e+00,-4.602362970513234064e-01,-5.183686688943279358e-02,-5.183686688943279358e-02,-7.051398600435393460e-01,-1.040941436780788015e-01,-2.030901712371240009e-02,-8.401389803667852485e-02,-3.271524934852403366e-01,1.926060419058570616e+00,-7.103890521813077674e-01,1.738354106619246764e+01,-3.801429606348526863e-02,-1.147078669352808861e-01,-1.711160802546210780e-01,-7.340709118518067011e-02,-7.197411700355742237e-02,-1.244624194945742751e-01,-7.051263942166730025e-02,-2.872721242393142319e-02,-2.030901712371240009e-02,-2.019004323808653023e-01,-1.435916317235476011e-02,-1.435916317235476011e-02,-5.183686688943279358e-02,-3.801429606348527557e-02,-3.801429606348527557e-02,-1.558271304830920190e-01,-4.064318733121485144e-02,-8.148853797899899276e-02,-1.210011918676099085e-01,-5.569323991926412171e-02,-7.051263942166730025e-02,-4.979810447122927364e-02,-3.212131358814808435e-02,-2.030901712371240009e-02,-3.801429606348527557e-02,-6.749673070628271765e-02,-3.519076715388935045e-02,-1.435916317235476185e-02,-3.524455202264515918e-01,-3.753330286669139260e-01,-2.907009498669055336e-01,-4.311306135592269523e-02,-3.519076715388935045e-02,-3.801429606348527557e-02,-1.435916317235476011e-02,-1.286658602907498339e-01,-4.767312946227962589e-02,5.913962991410492975e-01,-2.487592975524973576e-02,-4.967123990818995694e-01,-1.786283982422259831e-01,-4.979810447122926670e-02,5.840947806181536750e-01,-2.030901712371240009e-02,-4.892821642774447533e-01,-1.767766952966368654e-01
-5.617598099352826280e-01,-5.537123258831522232e-01,-5.507016019503075954e-01,-2.878929612425566442e-01,-3.817296327884231455e-01,-7.975749704674730545e-01,5.905777172739697933e-01,-4.963069089824175273e-01,5.168867450326074531e-01,-6.302706439077716549e-01,-7.627676873761207732e-01,-3.064091508042205425e-01,-4.018028438424267601e-01,-8.152413673742724409e-01,-9.974661479080908499e-01,7.249743818475629098e-01,9.387628447616762351e-02,6.734596861779125199e-01,1.946198479852878416e+00,1.458925559575814379e+00,-4.872757218968044035e-01,-6.292804948981121915e-02,-5.587151292189753704e-01,-2.503425194442581159e-01,6.554870655900186804e-01,1.573189643946699467e+00,-3.601578451718204787e-01,-3.373370832915168482e-01,1.648262793734038001e-01,9.230977830575785026e-01,-4.805784352658213909e-01,0.000000000000000000e+00,0.000000000000000000e+00,-2.392467030372219805e-01,-1.734114156426813935e-01,1.247180890325345903e-01,-4.336719314983039641e-02,-8.952030247255506057e-02,2.339704310026312406e+00,1.635022553829005076e+00,-3.774647335768301359e-01,-4.668062001933125371e-01,-1.027724168564793761e+00,-9.515480014204554804e-01,-3.669621702617922865e-01,-4.602362970513234064e-01,-5.183686688943279358e-02,-5.183686688943279358e-02,-7.051398600435393460e-01,-1.040941436780788015e-01,-2.030901712371240009e-02,-8.401389803667852485e-02,-3.271524934852403366e-01,1.926060419058570616e+00,-7.103890521813077674e-01,-5.752567881263277033e-02,-3.801429606348526863e-02,-1.147078669352808861e-01,-1.711160802546210780e-01,-7.340709118518067011e-02,-7.197411700355742237e-02,-1.244624194945742751e-01,-7.051263942166730025e-02,-2.872721242393142319e-02,-2.030901712371240009e-02,4.952936396459016066e+00,-1.435916317235476011e-02,-1.435916317235476011e-02,-5.183686688943279358e-02,-3.801429606348527557e-02,-3.801429606348527557e-02,-1.558271304830920190e-01,-4.064318733121485144e-02,-8.148853797899899276e-02,-1.210011918676099085e-01,-5.569323991926412171e-02,-7.051263942166730025e-02,-4.979810447122927364e-02,-3.212131358814808435e-02,-2.030901712371240009e-02,-3.801429606348527557e-02,-6.749673070628271765e-02,-3.519076715388935045e-02,-1.435916317235476185e-02,-3.524455202264515918e-01,-3.753330286669139260e-01,-2.907009498669055336e-01,-4.311306135592269523e-02,-3.519076715388935045e-02,-3.801429606348527557e-02,-1.435916317235476011e-02,-1.286658602907498339e-01,-4.767312946227962589e-02,-1.690913523558418063e+00,-2.487592975524973576e-02,2.013237442528823973e+00,-1.786283982422259831e-01,-4.979810447122926670e-02,5.840947806181536750e-01,-2.030901712371240009e-02,-4.892821642774447533e-01,-1.767766952966368654e-01
1.849184257844194434e-01,-5.537123258831522232e-01,-4.977276807426366662e-02,2.700485259130430471e+00,1.627398610028872206e+00,1.963819334574921971e+00,5.905777172739697933e-01,-4.963069089824175273e-01,-6.623362709603883292e-02,1.151455984062275117e+00,8.414777418280475763e-01,4.325644612047202520e-01,-5.975473589807609592e-02,9.128306740567186939e-01,3.713339322905371831e-01,1.053836428447761930e+00,-3.574555846951790183e-01,9.069702531049245176e-01,1.130383234799038766e-01,8.322100211256544533e-01,-6.362483984730694930e-02,-5.647389056778006067e-01,-9.376504204524006569e-01,-3.100598414392873731e-02,2.837148505570266099e-01,7.312741535406717119e-01,8.750744390088503744e-02,3.111361447834378180e-01,6.006669649861826610e-01,2.770598476315010439e-01,-5.809668599935657873e-02,0.000000000000000000e+00,0.000000000000000000e+00,1.473574796521728292e-01,1.213393822839661657e-01,-4.719362008065465242e-01,2.983758276856373626e-01,5.484739607426002417e-01,1.598786671884697697e+00,1.399519884253765056e+00,-3.774647335768301359e-01,-4.668062001933125371e-01,5.255815211497544270e-01,-4.820408707801026038e-01,-3.669621702617922865e-01,-4.602362970513234064e-01,-5.183686688943279358e-02,-5.183686688943279358e-02,-7.051398600435393460e-01,-1.040941436780788015e-01,-2.030901712371240009e-02,-8.401389803667852485e-02,3.056678521220304923e+00,-5.191945123345532709e-01,-7.103890521813077674e-01,-5.752567881263277033e-02,-3.801429606348526863e-02,-1.147078669352808861e-01,-1.711160802546210780e-01,-7.340709118518067011e-02,-7.197411700355742237e-02,-1.244624194945742751e-01,-7.051263942166730025e-02,-2.872721242393142319e-02,-2.030901712371240009e-02,-2.019004323808653023e-01,-1.435916317235476011e-02,-1.435916317235476011e-02,-5.183686688943279358e-02,-3.801429606348527557e-02,-3.801429606348527557e-02,-1.558271304830920190e-01,-4.064318733121485144e-02,-8.148853797899899276e-02,-1.210011918676099085e-01,-5.569323991926412171e-02,-7.051263942166730025e-02,-4.979810447122927364e-02,-3.212131358814808435e-02,-2.030901712371240009e-02,-3.801429606348527557e-02,-6.749673070628271765e-02,-3.519076715388935045e-02,-1.435916317235476185e-02,-3.524455202264515918e-01,-3.753330286669139260e-01,-2.907009498669055336e-01,-4.311306135592269523e-02,-3.519076715388935045e-02,-3.801429606348527557e-02,-1.435916317235476011e-02,-1.286658602907498339e-01,-4.767312946227962589e-02,5.913962991410492975e-01,-2.487592975524973576e-02,-4.967123990818995694e-01,-1.786283982422259831e-01,-4.979810447122926670e-02,-1.712050908829709783e+00,-2.030901712371240009e-02,2.043810449286999731e+00,-1.767766952966368654e-01
-1.554077651335923349e+00,-5.537123258831522232e-01,4.511560658017802483e-01,-2.878929612425566442e-01,-3.458523427381143267e-01,-3.672278060452816018e-01,-4.966680157416004104e-01,1.810913805415002020e+00,-6.623362709603883292e-02,-3.636176791775609651e-02,3.167809285169097544e-01,-1.538031837485788644e+00,1.759319292715059824e+00,-3.069848846004514797e-01,-5.411994545085482278e-01,-1.330413409403680580e+00,-8.087874538665257296e-01,-1.147922735852781262e+00,2.144471831941536233e-01,-2.958779480846334686e-01,-1.617011407362130893e+00,-1.819266046147774096e+00,1.305646503649476875e+00,7.210049940286284986e-01,9.782874304053058856e-02,-1.106413368653558910e-01,-1.363252006354677692e-01,8.669703402762560795e-01,3.000871818049558604e-01,1.909214562413573679e-01,-1.607196433309727501e+00,0.000000000000000000e+00,0.000000000000000000e+00,-2.945475981862985648e+00,-2.236667001129214238e+00,-1.963571925404249408e+00,1.102977690917035680e+00,-1.249266942201884500e+00,-1.576574634436508360e+00,-9.555068114986333683e-01,-3.774647335768301359e-01,-4.668062001933125371e-01,-1.441939019155339841e+00,-2.472873054599261933e-01,-3.669621702617922865e-01,-4.602362970513234064e-01,-5.183686688943279358e-02,-5.183686688943279358e-02,-7.051398600435393460e-01,-1.040941436780788015e-01,-2.030901712371240009e-02,-8.401389803667852485e-02,-3.271524934852403366e-01,1.926060419058570616e+00,-7.103890521813077674e-01,-5.752567881263277033e-02,-3.801429606348526863e-02,-1.147078669352808861e-01,-1.711160802546210780e-01,-7.340709118518067011e-02,-7.197411700355742237e-02,-1.244624194945742751e-01,-7.051263942166730025e-02,-2.872721242393142319e-02,-2.030901712371240009e-02,-2.019004323808653023e-01,-1.435916317235476011e-02,-1.435916317235476011e-02,-5.183686688943279358e-02,-3.801429606348527557e-02,-3.801429606348527557e-02,-1.558271304830920190e-01,-4.064318733121485144e-02,-8.148853797899899276e-02,-1.210011918676099085e-01,-5.569323991926412171e-02,-7.051263942166730025e-02,-4.979810447122927364e-02,-3.212131358814808435e-02,-2.030901712371240009e-02,-3.801429606348527557e-02,-6.749673070628271765e-02,-3.519076715388935045e-02,-1.435916317235476185e-02,-3.524455202264515918e-01,-3.753330286669139260e-01,3.439961240091715222e+00,-4.311306135592269523e-02,-3.519076715388935045e-02,-3.801429606348527557e-02,-1.435916317235476011e-02,-1.286658602907498339e-01,-4.767312946227962589e-02,-1.690913523558418063e+00,-2.487592975524973576e-02,-4.967123990818995694e-01,-1.786283982422259831e-01,-4.979810447122926670e-02,5.840947806181536750e-01,-2.030901712371240009e-02,-4.892821642774447533e-01,-1.767766952966368654e-01
7.445135678844974070e-01,-7.448690342834912714e-02,-5.507016019503075954e-01,-1.284019034700219164e+00,-1.135152723844908840e+00,-1.084473080082267282e+00,5.905777172739697933e-01,-4.963069089824175273e-01,-6.623362709603883292e-02,-6.302706439077716549e-01,-1.462363438457637832e+00,1.417862610549974756e+00,-2.865945335768058100e-02,-6.744934182984452242e-01,-1.761860997889140579e-01,-1.793962463029842302e-01,4.323751863546776431e-01,-5.407952618425498903e-01,4.016635395896914762e-01,-1.131498666018180055e+00,3.600260422021904771e-01,-6.292804948981121915e-02,1.161651092980775068e+00,1.692352507501514669e+00,8.413731731065147157e-01,-1.948328859059586526e-01,-2.440887836729143182e-02,2.858709540792188086e+00,-1.357535038078231948e-01,-2.442452223400181505e-02,3.643850632671082335e-01,0.000000000000000000e+00,0.000000000000000000e+00,5.339616623415676111e-01,7.108409781372613256e-01,4.230452339520751615e-01,-6.358526986212831300e-01,1.129009140239811276e-01,1.069559787497829983e+00,4.575092059528056976e-01,-3.774647335768301359e-01,-4.668062001933125371e-01,-8.206167432695206099e-01,-2.472873054599261933e-01,-3.669621702617922865e-01,-4.602362970513234064e-01,-5.183686688943279358e-02,-5.183686688943279358e-02,-7.051398600435393460e-01,-1.040941436780788015e-01,-2.030901712371240009e-02,-8.401389803667852485e-02,-3.271524934852403366e-01,1.926060419058570616e+00,-7.103890521813077674e-01,-5.752567881263277033e-02,-3.801429606348526863e-02,-1.147078669352808861e-01,-1.711160802546210780e-01,-7.340709118518067011e-02,-7.197411700355742237e-02,-1.244624194945742751e-01,-7.051263942166730025e-02,-2.872721242393142319e-02,-2.030901712371240009e-02,-2.019004323808653023e-01,-1.435916317235476011e-02,-1.435916317235476011e-02,-5.183686688943279358e-02,-3.801429606348527557e-02,-3.801429606348527557e-02,-1.558271304830920190e-01,-4.064318733121485144e-02,-8.148853797899899276e-02,-1.210011918676099085e-01,-5.569323991926412171e-02,-7.051263942166730025e-02,-4.979810447122927364e-02,-3.212131358814808435e-02,-2.030901712371240009e-02,-3.801429606348527557e-02,-6.749673070628271765e-02,-3.519076715388935045e-02,-1.435916317235476185e-02,-3.524455202264515918e-01,-3.753330286669139260e-01,3.439961240091715222e+00,-4.311306135592269523e-02,-3.519076715388935045e-02,-3.801429606348527557e-02,-1.435916317235476011e-02,-1.286658602907498339e-01,-4.767312946227962589e-02,5.913962991410492975e-01,-2.487592975524973576e-02,-4.967123990818995694e-01,-1.786283982422259831e-01,-4.979810447122926670e-02,-1.712050908829709783e+00,-2.030901712371240009e-02,2.043810449286999731e+00,-1.767766952966368654e-01
-5.829327860478483725e-01,-5.537123258831522232e-01,-5.507016019503075954e-01,-1.284019034700219164e+00,-1.099275433794600021e+00,-8.334372341693222497e-01,-4.966680157416004104e-01,-4.963069089824175273e-01,-6.493539992246850634e-01,-6.302706439077716549e-01,-2.065463223872738396e+00,-6.008461346790693741e-02,-8.060415168675679753e-01,-9.012540029206113079e-01,1.888272549307201120e-01,-1.001551362803481560e+00,2.012036728454390744e+00,5.333533460217053657e-01,-8.776482291131505464e-01,-3.410696807892142027e-03,-6.362483984730694930e-02,-6.292804948981121915e-02,6.841926260266595339e-01,-1.563411471726883772e-01,2.837148505570266099e-01,-1.205131474393191793e+00,-2.482415229036441240e-01,4.037751773655741672e-01,-1.056955254897004731e-01,1.478522605462855299e-01,-5.809668599935657873e-02,0.000000000000000000e+00,0.000000000000000000e+00,5.339616623415676111e-01,-1.734114156426813935e-01,-4.719362008065465242e-01,-3.896929748010994343e-01,-8.143619523033859275e-01,2.763085817535806399e+00,2.106027892979484673e+00,2.229056864403530014e+00,-4.668062001933125371e-01,-4.064018926789744190e-01,1.865494782421661668e+00,-3.669621702617922865e-01,-4.602362970513234064e-01,-5.183686688943279358e-02,-5.183686688943279358e-02,1.418158377741196352e+00,-1.040941436780788015e-01,-2.030901712371240009e-02,-8.401389803667852485e-02,-3.271524934852403366e-01,-5.191945123345532709e-01,-7.103890521813077674e-01,-5.752567881263277033e-02,-3.801429606348526863e-02,-1.147078669352808861e-01,-1.711160802546210780e-01,-7.340709118518067011e-02,-7.197411700355742237e-02,-1.244624194945742751e-01,-7.051263942166730025e-02,-2.872721242393142319e-02,-2.030901712371240009e-02,-2.019004323808653023e-01,-1.435916317235476011e-02,-1.435916317235476011e-02,-5.183686688943279358e-02,-3.801429606348527557e-02,-3.801429606348527557e-02,-1.558271304830920190e-01,-4.064318733121485144e-02,-8.148853797899899276e-02,-1.210011918676099085e-01,-5.569323991926412171e-02,-7.051263942166730025e-02,-4.979810447122927364e-02,-3.212131358814808435e-02,-2.030901712371240009e-02,-3.801429606348527557e-02,-6.749673070628271765e-02,-3.519076715388935045e-02,-1.435916317235476185e-02,-3.524455202264515918e-01,2.664300564093018409e+00,-2.907009498669055336e-01,-4.311306135592269523e-02,-3.519076715388935045e-02,-3.801429606348527557e-02,-1.435916317235476011e-02,-1.286658602907498339e-01,-4.767312946227962589e-02,5.913962991410492975e-01,-2.487592975524973576e-02,-4.967123990818995694e-01,-1.786283982422259831e-01,-4.979810447122926670e-02,5.840947806181536750e-01,-2.030901712371240009e-02,-4.892821642774447533e-01,-1.767766952966368654e-01
-9.822418824207683752e-01,4.047385190264539689e-01,-5.507016019503075954e-01,-1.284019034700219164e+00,-1.099275433794600021e+00,-1.120335343784116588e+00,5.905777172739697933e-01,-4.963069089824175273e-01,-6.623362709603883292e-02,-6.302706439077716549e-01,-1.836285305415000124e+00,6.788889985410339056e-01,-1.163637266082116151e+00,-1.115016219951357607e-01,1.375120657769531185e+00,3.961123352473639447e-01,-2.446226174023423960e-01,3.465448924800957342e-01,9.321098827103817541e-01,3.837033908878519084e-02,9.248938849348538049e-01,-6.292804948981121915e-02,-2.294238763068062958e+00,-2.326206157108087869e+00,-3.898722568564133795e+00,-4.572793436017302149e+00,-8.078231342445260088e-01,-1.773242088314630704e+00,-1.202811734101178587e+00,-2.436299481158024527e+00,3.603411807643338349e+00,0.000000000000000000e+00,0.000000000000000000e+00,1.307170027720357286e+00,7.108409781372613256e-01,1.318026668710696736e+00,9.910273909881754939e-01,1.125006996506662027e+00,1.169513956014681527e-01,9.285145451032854602e-01,-3.774647335768301359e-01,-4.668062001933125371e-01,-1.856153869745885920e+00,-7.167944361002790421e-01,-3.669621702617922865e-01,-4.602362970513234064e-01,-5.183686688943279358e-02,-5.183686688943279358e-02,-7.051398600435393460e-01,-1.040941436780788015e-01,-2.030901712371240009e-02,-8.401389803667852485e-02,-3.271524934852403366e-01,1.926060419058570616e+00,-7.103890521813077674e-01,-5.752567881263277033e-02,-3.801429606348526863e-02,-1.147078669352808861e-01,-1.711160802546210780e-01,-7.340709118518067011e-02,-7.197411700355742237e-02,-1.244624194945742751e-01,-7.051263942166730025e-02,-2.872721242393142319e-02,-2.030901712371240009e-02,-2.019004323808653023e-01,-1.435916317235476011e-02,-1.435916317235476011e-02,-5.183686688943279358e-02,-3.801429606348527557e-02,-3.801429606348527557e-02,-1.558271304830920190e-01,-4.064318733121485144e-02,-8.148853797899899276e-02,-1.210011918676099085e-01,-5.569323991926412171e-02,-7.051263942166730025e-02,-4.979810447122927364e-02,-3.212131358814808435e-02,-2.030901712371240009e-02,-3.801429606348527557e-02,-6.749673070628271765e-02,-3.519076715388935045e-02,-1.435916317235476185e-02,-3.524455202264515918e-01,-3.753330286669139260e-01,3.439961240091715222e+00,-4.311306135592269523e-02,-3.519076715388935045e-02,-3.801429606348527557e-02,-1.435916317235476011e-02,-1.286658602907498339e-01,-4.767312946227962589e-02,5.913962991410492975e-01,-2.487592975524973576e-02,-4.967123990818995694e-01,-1.786283982422259831e-01,-4.979810447122926670e-02,5.840947806181536750e-01,-2.030901712371240009e-02,-4.892821642774447533e-01,-1.767766952966368654e-01
5.787688642533185268e-01,-5.537123258831522232e-01,-5.507016019503075954e-01,-2.878929612425566442e-01,1.160993839374857117e+00,-8.032969643048733233e-02,-4.966680157416004104e-01,6.573034482162921632e-01,-6.493539992246850634e-01,-6.302706439077716549e-01,-4.507894273215078823e-02,6.788889985410339056e-01,2.123289863303841618e-01,-9.586296098671048815e-02,7.363472870101713808e-01,-5.904738045532329505e-01,-6.959544865736890795e-01,-2.707201460312350788e-02,3.002546798754416879e-01,7.904289852289771989e-01,2.478280452449677540e+00,6.897882347921728829e-01,1.730054029830912832e+00,-1.025853840684707752e+00,3.766579043152746276e-01,-6.999821801495752505e-01,-2.482415229036441240e-01,-1.773242088314630704e+00,-1.202811734101178587e+00,-2.828396964044327944e-01,1.969815710479674520e+00,0.000000000000000000e+00,0.000000000000000000e+00,1.307170027720357286e+00,4.160901802106137248e-01,7.213723788716157603e-01,-5.815142489482106880e-01,5.805406881083881032e-01,1.110601872409461635e-02,-1.349613319767399566e-02,-3.774647335768301359e-01,-4.668062001933125371e-01,-9.241704559171570743e-01,-7.167944361002790421e-01,-3.669621702617922865e-01,-4.602362970513234064e-01,-5.183686688943279358e-02,-5.183686688943279358e-02,1.418158377741196352e+00,-1.040941436780788015e-01,-2.030901712371240009e-02,-8.401389803667852485e-02,-3.271524934852403366e-01,-5.191945123345532709e-01,-7.103890521813077674e-01,-5.752567881263277033e-02,-3.801429606348526863e-02,-1.147078669352808861e-01,-1.711160802546210780e-01,-7.340709118518067011e-02,-7.197411700355742237e-02,-1.244624194945742751e-01,-7.051263942166730025e-02,-2.872721242393142319e-02,-2.030901712371240009e-02,-2.019004323808653023e-01,-1.435916317235476011e-02,-1.435916317235476011e-02,-5.183686688943279358e-02,-3.801429606348527557e-02,-3.801429606348527557e-02,-1.558271304830920190e-01,-4.064318733121485144e-02,-8.148853797899899276e-02,-1.210011918676099085e-01,-5.569323991926412171e-02,-7.051263942166730025e-02,-4.979810447122927364e-02,-3.212131358814808435e-02,-2.030901712371240009e-02,-3.801429606348527557e-02,-6.749673070628271765e-02,-3.519076715388935045e-02,-1.435916317235476185e-02,-3.524455202264515918e-01,2.664300564093018409e+00,-2.907009498669055336e-01,-4.311306135592269523e-02,-3.519076715388935045e-02,-3.801429606348527557e-02,-1.435916317235476011e-02,-1.286658602907498339e-01,-4.767312946227962589e-02,-1.690913523558418063e+00,-2.487592975524973576e-02,2.013237442528823973e+00,-1.786283982422259831e-01,-4.979810447122926670e-02,5.840947806181536750e-01,-2.030901712371240009e-02,-4.892821642774447533e-01,-1.767766952966368654e-01
1.842567702809017605e-01,8.839639414812570095e-01,4.511560658017802483e-01,-1.284019034700219164e+00,-9.198889835430558160e-01,-2.596410149397337386e-01,5.905777172739697933e-01,-4.963069089824175273e-01,-6.623362709603883292e-02,-6.302706439077716549e-01,-2.380708740649829513e-01,9.252135358773474483e-01,4.844127085588447179e-01,3.654775387618344751e-01,9.757391625081156261e-02,6.725028864716499355e-02,2.067092517690042597e-01,3.465448924800957342e-01,4.874710362709795408e-01,1.219324108821398522e-01,9.248938849348538049e-01,4.388828066981781961e-01,-1.202905124315798435e+00,1.099960742634255167e-01,1.770803710688994892e+00,1.404806545865493916e+00,4.232564107054141989e-01,1.700721633515483555e+00,4.459436610091294106e-02,1.864467346107001947e-02,9.276940622890612609e-01,0.000000000000000000e+00,0.000000000000000000e+00,9.205658450309623930e-01,1.005591776063908815e+00,7.213723788716157603e-01,2.255869376149332250e+00,-3.640916555421140344e-01,1.069559787497829983e+00,-1.349613319767399566e-02,-3.774647335768301359e-01,-4.668062001933125371e-01,-1.131277881212430225e+00,-1.186301566740631808e+00,-3.669621702617922865e-01,-4.602362970513234064e-01,-5.183686688943279358e-02,-5.183686688943279358e-02,-7.051398600435393460e-01,-1.040941436780788015e-01,-2.030901712371240009e-02,-8.401389803667852485e-02,-3.271524934852403366e-01,1.926060419058570616e+00,-7.103890521813077674e-01,-5.752567881263277033e-02,-3.801429606348526863e-02,8.717797887081346175e+00,-1.711160802546210780e-01,-7.340709118518067011e-02,-7.197411700355742237e-02,-1.244624194945742751e-01,-7.051263942166730025e-02,-2.872721242393142319e-02,-2.030901712371240009e-02,-2.019004323808653023e-01,-1.435916317235476011e-02,-1.435916317235476011e-02,-5.183686688943279358e-02,-3.801429606348527557e-02,-3.801429606348527557e-02,-1.558271304830920190e-01,-4.064318733121485144e-02,-8.148853797899899276e-02,-1.210011918676099085e-01,-5.569323991926412171e-02,-7.051263942166730025e-02,-4.979810447122927364e-02,-3.212131358814808435e-02,-2.030901712371240009e-02,-3.801429606348527557e-02,-6.749673070628271765e-02,-3.519076715388935045e-02,-1.435916317235476185e-02,-3.524455202264515918e-01,-3.753330286669139260e-01,-2.907009498669055336e-01,-4.311306135592269523e-02,-3.519076715388935045e-02,-3.801429606348527557e-02,-1.435916317235476011e-02,-1.286658602907498339e-01,-4.767312946227962589e-02,5.913962991410492975e-01,-2.487592975524973576e-02,-4.967123990818995694e-01,-1.786283982422259831e-01,-4.979810447122926670e-02,-1.712050908829709783e+00,-2.030901712371240009e-02,2.043810449286999731e+00,-1.767766952966368654e-01
4.621520817583273932e-01,-5.537123258831522232e-01,-5.507016019503075954e-01,7.082331122151057645e-01,8.739755189723863449e-01,-2.237787512378844601e-01,-4.966680157416004104e-01,-4.963069089824175273e-01,5.168867450326074531e-01,-6.302706439077716549e-01,8.414777418280475763e-01,-3.064091508042205425e-01,-4.018028438424267601e-01,-8.152413673742724409e-01,-9.974661479080908499e-01,7.249743818475629098e-01,9.387628447616762351e-02,6.734596861779125199e-01,1.946198479852878416e+00,1.458925559575814379e+00,-4.872757218968044035e-01,-5.647389056778006067e-01,2.218915707218805100e-01,5.095019064175967394e-01,2.837148505570266099e-01,6.470826045000689364e-01,-2.440887836729143182e-02,7.953856332809684793e-02,2.700292034868331248e-01,6.171386915614185398e-02,-5.809668599935657873e-02,0.000000000000000000e+00,0.000000000000000000e+00,-2.392467030372219805e-01,-1.734114156426813935e-01,-7.702633457260871230e-01,-4.008225367823311514e-01,-6.640491677762551115e-01,2.339704310026312406e+00,1.635022553829005076e+00,-3.774647335768301359e-01,-4.668062001933125371e-01,1.043350084387937082e+00,9.264805211409559149e-01,-3.669621702617922865e-01,-4.602362970513234064e-01,-5.183686688943279358e-02,-5.183686688943279358e-02,-7.051398600435393460e-01,-1.040941436780788015e-01,-2.030901712371240009e-02,-8.401389803667852485e-02,3.056678521220304923e+00,-5.191945123345532709e-01,-7.103890521813077674e-01,-5.752567881263277033e-02,-3.801429606348526863e-02,-1.147078669352808861e-01,-1.711160802546210780e-01,-7.340709118518067011e-02,-7.197411700355742237e-02,-1.244624194945742751e-01,-7.051263942166730025e-02,-2.872721242393142319e-02,-2.030901712371240009e-02,-2.019004323808653023e-01,-1.435916317235476011e-02,-1.435916317235476011e-02,-5.183686688943279358e-02,-3.801429606348527557e-02,-3.801429606348527557e-02,-1.558271304830920190e-01,-4.064318733121485144e-02,-8.148853797899899276e-02,-1.210011918676099085e-01,-5.569323991926412171e-02,-7.051263942166730025e-02,-4.979810447122927364e-02,-3.212131358814808435e-02,-2.030901712371240009e-02,-3.801429606348527557e-02,-6.749673070628271765e-02,-3.519076715388935045e-02,-1.435916317235476185e-02,-3.524455202264515918e-01,-3.753330286669139260e-01,-2.907009498669055336e-01,-4.311306135592269523e-02,-3.519076715388935045e-02,-3.801429606348527557e-02,-1.435916317235476011e-02,-1.286658602907498339e-01,-4.767312946227962589e-02,-1.690913523558418063e+00,-2.487592975524973576e-02,2.013237442528823973e+00,-1.786283982422259831e-01,-4.979810447122926670e-02,-1.712050908829709783e+00,-2.030901712371240009e-02,2.043810449286999731e+00,-1.767766952966368654e-01
-2.366847169952922963e-02,-7.448690342834912714e-02,-5.507016019503075954e-01,-2.878929612425566442e-01,5.152026184692979349e-01,-7.617127067656237482e-01,5.905777172739697933e-01,6.573034482162921632e-01,-6.623362709603883292e-02,-6.302706439077716549e-01,5.761138362454029105e-01,-6.008461346790693741e-02,-3.643327399277963147e-02,-8.804363048249802537e-02,-3.586927771487311012e-01,2.316813119472644900e-01,-5.831215192808524295e-01,1.130343255530836949e-01,3.548594504908069713e-01,1.219324108821398522e-01,-4.872757218968044035e-01,-3.138334775838059199e-01,-2.820572149217986588e-02,-1.010186945306112749e+00,-2.739434719924614403e-01,-1.106413368653558910e-01,3.113400884372377608e-01,-5.226151484557896021e-01,7.359278674177349711e-01,-2.436299481158024527e+00,-4.805784352658213909e-01,0.000000000000000000e+00,0.000000000000000000e+00,-2.392467030372219805e-01,-7.629130114959765674e-01,-1.736090558870059808e-01,-2.797067152218684627e-01,6.760728133856312994e-01,-2.005847350306524668e-01,2.220065363775658440e-01,-3.774647335768301359e-01,1.696017942249628430e+00,-9.241704559171570743e-01,-7.167944361002790421e-01,-3.669621702617922865e-01,-4.602362970513234064e-01,-5.183686688943279358e-02,-5.183686688943279358e-02,1.418158377741196352e+00,-1.040941436780788015e-01,-2.030901712371240009e-02,-8.401389803667852485e-02,-3.271524934852403366e-01,-5.191945123345532709e-01,-7.103890521813077674e-01,-5.752567881263277033e-02,-3.801429606348526863e-02,-1.147078669352808861e-01,-1.711160802546210780e-01,-7.340709118518067011e-02,-7.197411700355742237e-02,-1.244624194945742751e-01,-7.051263942166730025e-02,-2.872721242393142319e-02,-2.030901712371240009e-02,-2.019004323808653023e-01,-1.435916317235476011e-02,-1.435916317235476011e-02,-5.183686688943279358e-02,-3.801429606348527557e-02,-3.801429606348527557e-02,6.417367738851512016e+00,-4.064318733121485144e-02,-8.148853797899899276e-02,-1.210011918676099085e-01,-5.569323991926412171e-02,-7.051263942166730025e-02,-4.979810447122927364e-02,-3.212131358814808435e-02,-2.030901712371240009e-02,-3.801429606348527557e-02,-6.749673070628271765e-02,-3.519076715388935045e-02,-1.435916317235476185e-02,-3.524455202264515918e-01,-3.753330286669139260e-01,-2.907009498669055336e-01,-4.311306135592269523e-02,-3.519076715388935045e-02,-3.801429606348527557e-02,-1.435916317235476011e-02,-1.286658602907498339e-01,-4.767312946227962589e-02,-1.690913523558418063e+00,-2.487592975524973576e-02,-4.967123990818995694e-01,5.598214000911362120e+00,-4.979810447122926670e-02,5.840947806181536750e-01,-2.030901712371240009e-02,-4.892821642774447533e-01,-1.767766952966368654e-01
-8.652942721740183307e-01,-5.537123258831522232e-01,-5.507016019503075954e-01,7.082331122151057645e-01,9.098528090226952747e-01,-8.605169026788763234e-03,-4.966680157416004104e-01,-4.963069089824175273e-01,-6.623362709603883292e-02,-6.302706439077716549e-01,8.414777418280475763e-01,-7.990582254768477943e-01,1.013032511745568076e+00,3.078785223723616404e+00,2.800805936106286476e-01,7.249743818475629098e-01,-2.446226174023423960e-01,2.074523087739984728e+00,-1.010259814893323060e+00,1.082896236505718424e+00,-4.872757218968044035e-01,4.388828066981781961e-01,6.462990969033168831e-01,2.382814968115343560e-02,-8.316017945419494906e-01,3.945079573782606652e-01,1.206670666582648543e+00,-1.057395018361759059e-01,-7.519420593293382193e-01,-7.996700447452947946e-01,-7.622329347767978769e-01,0.000000000000000000e+00,0.000000000000000000e+00,-6.258508857266168457e-01,1.213393822839661657e-01,7.213723788716157603e-01,-1.577282706210177077e+00,2.485164485084591646e-01,2.227967724788416926e-01,-7.200041419233935702e-01,-3.774647335768301359e-01,-4.668062001933125371e-01,3.184740958544813871e-01,9.264805211409559149e-01,-3.669621702617922865e-01,1.739375798511208382e+00,-5.183686688943279358e-02,-5.183686688943279358e-02,-7.051398600435393460e-01,-1.040941436780788015e-01,-2.030901712371240009e-02,-8.401389803667852485e-02,-3.271524934852403366e-01,-5.191945123345532709e-01,1.407679351095596942e+00,-5.752567881263277033e-02,-3.801429606348526863e-02,-1.147078669352808861e-01,-1.711160802546210780e-01,-7.340709118518067011e-02,-7.197411700355742237e-02,-1.244624194945742751e-01,-7.051263942166730025e-02,-2.872721242393142319e-02,-2.030901712371240009e-02,-2.019004323808653023e-01,-1.435916317235476011e-02,-1.435916317235476011e-02,-5.183686688943279358e-02,-3.801429606348527557e-02,-3.801429606348527557e-02,-1.558271304830920190e-01,-4.064318733121485144e-02,-8.148853797899899276e-02,-1.210011918676099085e-01,-5.569323991926412171e-02,-7.051263942166730025e-02,-4.979810447122927364e-02,-3.212131358814808435e-02,-2.030901712371240009e-02,-3.801429606348527557e-02,-6.749673070628271765e-02,-3.519076715388935045e-02,-1.435916317235476185e-02,-3.524455202264515918e-01,-3.753330286669139260e-01,-2.907009498669055336e-01,-4.311306135592269523e-02,-3.519076715388935045e-02,-3.801429606348527557e-02,-1.435916317235476011e-02,-1.286658602907498339e-01,-4.767312946227962589e-02,5.913962991410492975e-01,-2.487592975524973576e-02,-4.967123990818995694e-01,-1.786283982422259831e-01,-4.979810447122926670e-02,5.840947806181536750e-01,-2.030901712371240009e-02,-4.892821642774447533e-01,-1.767766952966368654e-01
-5.678801233428211193e-01,6.634669010938894829e+00,4.511560658017802483e-01,7.082331122151057645e-01,5.510799085196067537e-01,3.141552042898547725e-01,5.905777172739697933e-01,-4.963069089824175273e-01,5.168867450326074531e-01,-6.302706439077716549e-01,8.414777418280475763e-01,-1.784356374822102298e+00,1.448366467311104744e+00,5.453221403587249494e-01,-5.411994545085482278e-01,-3.438272696030836850e-01,2.067092517690042597e-01,-4.006889216863427361e-01,-3.003977968935755416e-01,7.904289852289771989e-01,-1.617011407362130893e+00,-2.070171474241768728e+00,8.736602716433718996e-01,1.057843244668419835e+00,7.484301193482666426e-01,3.103164083376579452e-01,-5.839904897081731328e-01,-3.836565995825850228e-01,-4.513622761481113632e-01,-6.749371792907364609e-02,-1.325541933798751071e+00,0.000000000000000000e+00,0.000000000000000000e+00,-2.945475981862985648e+00,-1.941916203202566749e+00,-1.665244780484708809e+00,7.108243011077536311e-01,-1.429648480822015844e-01,-4.122754887853995465e-01,2.220065363775658440e-01,-3.774647335768301359e-01,-4.668062001933125371e-01,-1.234831593860066690e+00,-1.186301566740631808e+00,-3.669621702617922865e-01,-4.602362970513234064e-01,-5.183686688943279358e-02,-5.183686688943279358e-02,-7.051398600435393460e-01,-1.040941436780788015e-01,-2.030901712371240009e-02,-8.401389803667852485e-02,-3.271524934852403366e-01,-5.191945123345532709e-01,1.407679351095596942e+00,-5.752567881263277033e-02,-3.801429606348526863e-02,-1.147078669352808861e-01,-1.711160802546210780e-01,-7.340709118518067011e-02,-7.197411700355742237e-02,-1.244624194945742751e-01,-7.051263942166730025e-02,-2.872721242393142319e-02,-2.030901712371240009e-02,-2.019004323808653023e-01,-1.435916317235476011e-02,-1.435916317235476011e-02,-5.183686688943279358e-02,-3.801429606348527557e-02,-3.801429606348527557e-02,-1.558271304830920190e-01,-4.064318733121485144e-02,-8.148853797899899276e-02,-1.210011918676099085e-01,-5.569323991926412171e-02,-7.051263942166730025e-02,-4.979810447122927364e-02,-3.212131358814808435e-02,-2.030901712371240009e-02,-3.801429606348527557e-02,-6.749673070628271765e-02,-3.519076715388935045e-02,-1.435916317235476185e-02,-3.524455202264515918e-01,-3.753330286669139260e-01,-2.907009498669055336e-01,-4.311306135592269523e-02,-3.519076715388935045e-02,-3.801429606348527557e-02,-1.435916317235476011e-02,-1.286658602907498339e-01,-4.767312946227962589e-02,5.913962991410492975e-01,-2.487592975524973576e-02,-4.967123990818995694e-01,-1.786283982422259831e-01,-4.979810447122926670e-02,5.840947806181536750e-01,-2.030901712371240009e-02,-4.892821642774447533e-01,-1.767766952966368654e-01
-1.512025700025620700e-01,1.363189363936059939e+00,-4.977276807426366662e-02,-2.878929612425566442e-01,-7.046252432412027922e-01,-4.389523334489801587e-01,2.765069183305110201e+00,-4.963069089824175273e-01,-6.623362709603883292e-02,-3.636176791775609651e-02,-7.687986852302716168e-01,-3.064091508042205425e-01,-3.551599200318334981e-01,-8.699766809037609017e-01,8.276006256900798608e-01,3.138968235973142451e-01,7.879351027681897435e+00,-2.605825815301355264e-01,7.682955708642862369e-01,-2.384929742918500128e+00,-1.052143564629467676e+00,-6.292804948981121915e-02,7.069287435006649245e-01,6.583374125142485989e-01,-6.457156870254534553e-01,1.419333102564523941e-01,-5.839904897081731328e-01,-1.520590181272440944e-01,-5.189927273638874627e-01,5.785442174970039098e-01,-1.043887434287774418e+00,0.000000000000000000e+00,0.000000000000000000e+00,-1.012455068416011628e+00,-1.734114156426813935e-01,-4.719362008065465242e-01,-1.478426008612177878e+00,-7.395395884498808803e-01,-4.122754887853995465e-01,-1.662014820224352984e+00,-3.774647335768301359e-01,-4.668062001933125371e-01,-1.131277881212430225e+00,-7.167944361002790421e-01,9.137094037957288473e-01,-4.602362970513234064e-01,-5.183686688943279358e-02,-5.183686688943279358e-02,-7.051398600435393460e-01,-1.040941436780788015e-01,-2.030901712371240009e-02,-8.401389803667852485e-02,-3.271524934852403366e-01,1.926060419058570616e+00,-7.103890521813077674e-01,-5.752567881263277033e-02,-3.801429606348526863e-02,-1.147078669352808861e-01,-1.711160802546210780e-01,-7.340709118518067011e-02,-7.197411700355742237e-02,-1.244624194945742751e-01,-7.051263942166730025e-02,-2.872721242393142319e-02,-2.030901712371240009e-02,4.952936396459016066e+00,-1.435916317235476011e-02,-1.435916317235476011e-02,-5.183686688943279358e-02,-3.801429606348527557e-02,-3.801429606348527557e-02,-1.558271304830920190e-01,-4.064318733121485144e-02,-8.148853797899899276e-02,-1.210011918676099085e-01,-5.569323991926412171e-02,-7.051263942166730025e-02,-4.979810447122927364e-02,-3.212131358814808435e-02,-2.030901712371240009e-02,-3.801429606348527557e-02,-6.749673070628271765e-02,-3.519076715388935045e-02,-1.435916317235476185e-02,-3.524455202264515918e-01,-3.753330286669139260e-01,-2.907009498669055336e-01,-4.311306135592269523e-02,-3.519076715388935045e-02,-3.801429606348527557e-02,-1.435916317235476011e-02,-1.286658602907498339e-01,-4.767312946227962589e-02,5.913962991410492975e-01,-2.487592975524973576e-02,-4.967123990818995694e-01,-1.786283982422259831e-01,-4.979810447122926670e-02,5.840947806181536750e-01,-2.030901712371240009e-02,-4.892821642774447533e-01,-1.767766952966368654e-01
6.178065389608616842e-01,-5.537123258831522232e-01,4.511560658017802483e-01,-1.284019034700219164e+00,-9.557662735933646347e-01,-4.389523334489801587e-01,-4.966680157416004104e-01,6.573034482162921632e-01,-6.623362709603883292e-02,-6.302706439077716549e-01,-8.230776659176306520e-01,1.171538073213661102e+00,2.972035311790483636e+00,-1.292220528131242663e+00,4.625872709704457186e-01,-2.645861595804476440e+00,-8.087874538665257296e-01,5.333533460217053657e-01,7.214914817654016765e-01,1.793173846749233080e+00,9.248938849348538049e-01,4.388828066981781961e-01,-3.616687777775943746e-01,7.445053370965207806e-01,7.484301193482666426e-01,1.068040349703082814e+00,-2.440887836729143182e-02,4.037751773655741672e-01,-4.288187924095193670e-01,5.785442174970039098e-01,9.276940622890612609e-01,0.000000000000000000e+00,0.000000000000000000e+00,9.205658450309623930e-01,1.300342573990556527e+00,1.019699523791156359e+00,-6.450182202528856878e-01,-1.038160987043780681e+00,-9.473935815327891308e-02,6.930118755280455511e-01,-3.774647335768301359e-01,-4.668062001933125371e-01,-1.992944673837013236e-01,-9.515480014204554804e-01,-3.669621702617922865e-01,3.938987894073740392e+00,-5.183686688943279358e-02,-5.183686688943279358e-02,1.418158377741196352e+00,-1.040941436780788015e-01,-2.030901712371240009e-02,-8.401389803667852485e-02,-3.271524934852403366e-01,-5.191945123345532709e-01,-7.103890521813077674e-01,-5.752567881263277033e-02,-3.801429606348526863e-02,-1.147078669352808861e-01,-1.711160802546210780e-01,-7.340709118518067011e-02,-7.197411700355742237e-02,-1.244624194945742751e-01,-7.051263942166730025e-02,-2.872721242393142319e-02,-2.030901712371240009e-02,-2.019004323808653023e-01,-1.435916317235476011e-02,-1.435916317235476011e-02,-5.183686688943279358e-02,-3.801429606348527557e-02,-3.801429606348527557e-02,-1.558271304830920190e-01,-4.064318733121485144e-02,-8.148853797899899276e-02,-1.210011918676099085e-01,-5.569323991926412171e-02,-7.051263942166730025e-02,-4.979810447122927364e-02,-3.212131358814808435e-02,-2.030901712371240009e-02,-3.801429606348527557e-02,-6.749673070628271765e-02,-3.519076715388935045e-02,-1.435916317235476185e-02,-3.524455202264515918e-01,2.664300564093018409e+00,-2.907009498669055336e-01,-4.311306135592269523e-02,-3.519076715388935045e-02,-3.801429606348527557e-02,-1.435916317235476011e-02,-1.286658602907498339e-01,-4.767312946227962589e-02,-1.690913523558418063e+00,-2.487592975524973576e-02,2.013237442528823973e+00,-1.786283982422259831e-01,-4.979810447122926670e-02,5.840947806181536750e-01,-2.030901712371240009e-02,-4.892821642774447533e-01,-1.767766952966368654e-01
-1.487746687108275845e+00,-5.537123258831522232e-01,-4.977276807426366662e-02,7.082331122151057645e-01,-3.099750526878054524e-01,8.162268961157447267e-01,-4.966680157416004104e-01,-4.963069089824175273e-01,-6.493539992246850634e-01,2.339273736042306151e+00,8.414777418280475763e-01,-1.045382762813161337e+00,1.345907799793956972e-01,-4.790101556931294913e-01,-5.411994545085482278e-01,3.961123352473639447e-01,-5.831215192808524295e-01,-8.677100555403667315e-01,-1.049263222475726787e+00,2.054944826754944998e-01,-1.334577485995799284e+00,-5.647389056778006067e-01,-5.469604018174498671e-03,-2.503425194442581159e-01,-8.316017945419494906e-01,8.154657025812744875e-01,1.994237661690613783e-01,1.258580796191650364e-01,8.336162969516335286e-01,1.909214562413573679e-01,-1.325541933798751071e+00,0.000000000000000000e+00,0.000000000000000000e+00,-1.399059251105406521e+00,-1.647165405275919259e+00,-1.068590490645627611e+00,-6.024640126775879789e-01,-1.658117716115680373e+00,-8.356569962948936503e-01,-4.845014723481537167e-01,-3.774647335768301359e-01,-4.668062001933125371e-01,-4.064018926789744190e-01,-4.820408707801026038e-01,-3.669621702617922865e-01,-4.602362970513234064e-01,-5.183686688943279358e-02,-5.183686688943279358e-02,-7.051398600435393460e-01,-1.040941436780788015e-01,-2.030901712371240009e-02,-8.401389803667852485e-02,3.056678521220304923e+00,-5.191945123345532709e-01,-7.103890521813077674e-01,-5.752567881263277033e-02,-3.801429606348526863e-02,-1.147078669352808861e-01,-1.711160802546210780e-01,-7.340709118518067011e-02,-7.197411700355742237e-02,-1.244624194945742751e-01,-7.051263942166730025e-02,-2.872721242393142319e-02,-2.030901712371240009e-02,-2.019004323808653023e-01,-1.435916317235476011e-02,-1.435916317235476011e-02,-5.183686688943279358e-02,-3.801429606348527557e-02,-3.801429606348527557e-02,-1.558271304830920190e-01,-4.064318733121485144e-02,-8.148853797899899276e-02,-1.210011918676099085e-01,-5.569323991926412171e-02,-7.051263942166730025e-02,-4.979810447122927364e-02,-3.212131358814808435e-02,-2.030901712371240009e-02,-3.801429606348527557e-02,-6.749673070628271765e-02,-3.519076715388935045e-02,-1.435916317235476185e-02,-3.524455202264515918e-01,-3.753330286669139260e-01,-2.907009498669055336e-01,-4.311306135592269523e-02,-3.519076715388935045e-02,-3.801429606348527557e-02,-1.435916317235476011e-02,-1.286658602907498339e-01,-4.767312946227962589e-02,5.913962991410492975e-01,-2.487592975524973576e-02,-4.967123990818995694e-01,-1.786283982422259831e-01,-4.979810447122926670e-02,5.840947806181536750e-01,-2.030901712371240009e-02,-4.892821642774447533e-01,-1.767766952966368654e-01
6.014305652487991205e-01,-5.537123258831522232e-01,-5.507016019503075954e-01,-1.284019034700219164e+00,-1.063398143744291202e+00,-1.012748552678568670e+00,-4.966680157416004104e-01,-4.963069089824175273e-01,-6.493539992246850634e-01,-6.302706439077716549e-01,-1.866440294685755452e+00,-6.008461346790693741e-02,1.370628260960116140e+00,-6.353967657773818001e-01,-5.411994545085482278e-01,-6.726893162032826501e-01,-6.959544865736890795e-01,-5.407952618425498903e-01,-3.472018859924600465e-01,3.308375903655265127e-01,2.563010628859577089e+00,9.406936628861676253e-01,5.705120386566316926e-01,1.574850792162053148e+00,1.677860656930746819e+00,-5.315990820683696993e-01,-8.078231342445260088e-01,2.858709540792188086e+00,-8.315204175110843532e-02,6.171386915614185398e-02,1.969815710479674520e+00,0.000000000000000000e+00,0.000000000000000000e+00,1.307170027720357286e+00,4.160901802106137248e-01,1.616353813630237335e+00,1.467634515831509834e+00,-5.224211219106918991e-01,5.403329031109622704e-01,1.635022553829005076e+00,-3.774647335768301359e-01,-4.668062001933125371e-01,3.184740958544813871e-01,-2.472873054599261933e-01,-3.669621702617922865e-01,-4.602362970513234064e-01,-5.183686688943279358e-02,-5.183686688943279358e-02,1.418158377741196352e+00,-1.040941436780788015e-01,-2.030901712371240009e-02,-8.401389803667852485e-02,-3.271524934852403366e-01,-5.191945123345532709e-01,-7.103890521813077674e-01,-5.752567881263277033e-02,-3.801429606348526863e-02,-1.147078669352808861e-01,-1.711160802546210780e-01,-7.340709118518067011e-02,-7.197411700355742237e-02,-1.244624194945742751e-01,-7.051263942166730025e-02,-2.872721242393142319e-02,-2.030901712371240009e-02,-2.019004323808653023e-01,-1.435916317235476011e-02,-1.435916317235476011e-02,-5.183686688943279358e-02,-3.801429606348527557e-02,-3.801429606348527557e-02,-1.558271304830920190e-01,-4.064318733121485144e-02,-8.148853797899899276e-02,-1.210011918676099085e-01,-5.569323991926412171e-02,-7.051263942166730025e-02,-4.979810447122927364e-02,-3.212131358814808435e-02,-2.030901712371240009e-02,-3.801429606348527557e-02,-6.749673070628271765e-02,-3.519076715388935045e-02,-1.435916317235476185e-02,2.837317947345407543e+00,-3.753330286669139260e-01,-2.907009498669055336e-01,-4.311306135592269523e-02,-3.519076715388935045e-02,-3.801429606348527557e-02,-1.435916317235476011e-02,-1.286658602907498339e-01,-4.767312946227962589e-02,5.913962991410492975e-01,-2.487592975524973576e-02,-4.967123990818995694e-01,-1.786283982422259831e-01,-4.979810447122926670e-02,5.840947806181536750e-01,-2.030901712371240009e-02,-4.892821642774447533e-01,-1.767766952966368654e-01
5.013551703417499228e-01,-5.537123258831522232e-01,-5.507016019503075954e-01,7.082331122151057645e-01,1.205524279159006507e-01,2.782929405880055218e-01,-4.966680157416004104e-01,-4.963069089824175273e-01,-6.493539992246850634e-01,-6.302706439077716549e-01,8.414777418280475763e-01,-5.527336881405341407e-01,-2.385526105053501489e-01,9.962030161860523092e-02,-3.586927771487311012e-01,1.494658002972147348e-01,7.708740882331873712e-01,9.069702531049245176e-01,1.322143958534419017e+00,-2.384929742918500128e+00,-4.872757218968044035e-01,-6.292804948981121915e-02,1.839980415985381368e-01,-3.835111301623150837e-01,9.782874304053058856e-02,7.312741535406717119e-01,-2.482415229036441240e-01,7.953856332809684793e-02,-2.033839550235991278e-01,7.938901959723629886e-01,-5.809668599935657873e-02,0.000000000000000000e+00,0.000000000000000000e+00,1.473574796521728292e-01,-1.352414607349271769e+00,4.230452339520751615e-01,1.320870780837047898e-01,1.183127939857152588e+00,-9.415023731722672595e-01,-1.191009481073873166e+00,-3.774647335768301359e-01,-4.668062001933125371e-01,-4.064018926789744190e-01,-4.820408707801026038e-01,9.137094037957288473e-01,-4.602362970513234064e-01,-5.183686688943279358e-02,-5.183686688943279358e-02,-7.051398600435393460e-01,-1.040941436780788015e-01,-2.030901712371240009e-02,-8.401389803667852485e-02,-3.271524934852403366e-01,-5.191945123345532709e-01,1.407679351095596942e+00,-5.752567881263277033e-02,-3.801429606348526863e-02,-1.147078669352808861e-01,-1.711160802546210780e-01,-7.340709118518067011e-02,-7.197411700355742237e-02,-1.244624194945742751e-01,-7.051263942166730025e-02,-2.872721242393142319e-02,-2.030901712371240009e-02,-2.019004323808653023e-01,-1.435916317235476011e-02,-1.435916317235476011e-02,-5.183686688943279358e-02,-3.801429606348527557e-02,-3.801429606348527557e-02,-1.558271304830920190e-01,-4.064318733121485144e-02,-8.148853797899899276e-02,-1.210011918676099085e-01,-5.569323991926412171e-02,-7.051263942166730025e-02,-4.979810447122927364e-02,-3.212131358814808435e-02,-2.030901712371240009e-02,-3.801429606348527557e-02,-6.749673070628271765e-02,-3.519076715388935045e-02,-1.435916317235476185e-02,-3.524455202264515918e-01,-3.753330286669139260e-01,-2.907009498669055336e-01,-4.311306135592269523e-02,-3.519076715388935045e-02,-3.801429606348527557e-02,-1.435916317235476011e-02,-1.286658602907498339e-01,-4.767312946227962589e-02,5.913962991410492975e-01,-2.487592975524973576e-02,-4.967123990818995694e-01,-1.786283982422259831e-01,-4.979810447122926670e-02,5.840947806181536750e-01,-2.030901712371240009e-02,-4.892821642774447533e-01,-1.767766952966368654e-01
-1.650973355764333572e-01,-5.537123258831522232e-01,-5.507016019503075954e-01,-1.284019034700219164e+00,-1.063398143744291202e+00,-5.106768608526787157e-01,-4.966680157416004104e-01,-4.963069089824175273e-01,-6.493539992246850634e-01,-6.302706439077716549e-01,-7.989536745010268337e-01,-6.008461346790693741e-02,3.755792196674604400e-01,1.778136066607315935e-01,6.320577570903027943e-03,1.494658002972147348e-01,-1.895668281666913063e-02,5.333533460217053657e-01,-1.833875741463642794e-01,6.233048416422678484e-01,-1.052143564629467676e+00,-5.647389056778006067e-01,-8.163911272577045741e-01,1.347680809172426386e+00,1.584917603172498746e+00,8.154657025812744875e-01,-8.078231342445260088e-01,-1.356366441695016967e+00,-5.565652002615407712e-01,1.870620088349158827e+00,-1.043887434287774418e+00,0.000000000000000000e+00,0.000000000000000000e+00,-1.012455068416011628e+00,-4.681622135693289666e-01,-7.702633457260871230e-01,-1.503303853040813376e+00,-7.215020543066251735e-01,-6.239662425401465429e-01,-1.191009481073873166e+00,-3.774647335768301359e-01,-4.668062001933125371e-01,-5.099556053266109945e-01,-1.421055132060808246e+00,-3.669621702617922865e-01,-4.602362970513234064e-01,-5.183686688943279358e-02,-5.183686688943279358e-02,1.418158377741196352e+00,-1.040941436780788015e-01,-2.030901712371240009e-02,-8.401389803667852485e-02,-3.271524934852403366e-01,-5.191945123345532709e-01,-7.103890521813077674e-01,-5.752567881263277033e-02,-3.801429606348526863e-02,-1.147078669352808861e-01,-1.711160802546210780e-01,-7.340709118518067011e-02,-7.197411700355742237e-02,-1.244624194945742751e-01,-7.051263942166730025e-02,-2.872721242393142319e-02,-2.030901712371240009e-02,-2.019004323808653023e-01,-1.435916317235476011e-02,-1.435916317235476011e-02,-5.183686688943279358e-02,-3.801429606348527557e-02,-3.801429606348527557e-02,-1.558271304830920190e-01,-4.064318733121485144e-02,-8.148853797899899276e-02,-1.210011918676099085e-01,-5.569323991926412171e-02,-7.051263942166730025e-02,-4.979810447122927364e-02,-3.212131358814808435e-02,-2.030901712371240009e-02,-3.801429606348527557e-02,-6.749673070628271765e-02,-3.519076715388935045e-02,-1.435916317235476185e-02,-3.524455202264515918e-01,-3.753330286669139260e-01,-2.907009498669055336e-01,-4.311306135592269523e-02,-3.519076715388935045e-02,2.630589287593180714e+01,-1.435916317235476011e-02,-1.286658602907498339e-01,-4.767312946227962589e-02,5.913962991410492975e-01,-2.487592975524973576e-02,-4.967123990818995694e-01,-1.786283982422259831e-01,-4.979810447122926670e-02,5.840947806181536750e-01,-2.030901712371240009e-02,-4.892821642774447533e-01,-1.767766952966368654e-01
-4.497746159649152475e-01,-5.537123258831522232e-01,-4.977276807426366662e-02,7.082331122151057645e-01,1.627398610028872206e+00,7.086401050101969190e-01,-4.966680157416004104e-01,-4.963069089824175273e-01,-6.493539992246850634e-01,-3.636176791775609651e-02,8.414777418280475763e-01,-6.008461346790693741e-02,1.967813450601863801e-01,1.778136066607315935e-01,6.320577570903027943e-03,6.427588701975132102e-01,1.447871891990207383e+00,1.130343255530836949e-01,2.144471831941536233e-01,8.739910570223318187e-01,-6.362483984730694930e-02,-6.292804948981121915e-02,-9.641407391419663797e-02,-9.367356565830856074e-02,-4.598295795089574756e-01,2.261248592970551696e-01,1.994237661690613783e-01,-6.615736973289941814e-01,3.707987152138226411e-02,-2.828396964044327944e-01,-5.809668599935657873e-02,0.000000000000000000e+00,0.000000000000000000e+00,1.473574796521728292e-01,4.160901802106137248e-01,-1.736090558870059808e-01,-2.194761444999086264e-01,-1.503134731035279670e-01,2.227967724788416926e-01,-1.349613319767399566e-02,-3.774647335768301359e-01,-4.668062001933125371e-01,1.354011222330846920e+00,9.264805211409559149e-01,-3.669621702617922865e-01,-4.602362970513234064e-01,-5.183686688943279358e-02,-5.183686688943279358e-02,-7.051398600435393460e-01,-1.040941436780788015e-01,-2.030901712371240009e-02,-8.401389803667852485e-02,-3.271524934852403366e-01,-5.191945123345532709e-01,1.407679351095596942e+00,-5.752567881263277033e-02,-3.801429606348526863e-02,-1.147078669352808861e-01,-1.711160802546210780e-01,-7.340709118518067011e-02,-7.197411700355742237e-02,-1.244624194945742751e-01,-7.051263942166730025e-02,-2.872721242393142319e-02,-2.030901712371240009e-02,-2.019004323808653023e-01,-1.435916317235476011e-02,-1.435916317235476011e-02,-5.183686688943279358e-02,-3.801429606348527557e-02,-3.801429606348527557e-02,-1.558271304830920190e-01,-4.064318733121485144e-02,-8.148853797899899276e-02,-1.210011918676099085e-01,-5.569323991926412171e-02,-7.051263942166730025e-02,-4.979810447122927364e-02,-3.212131358814808435e-02,-2.030901712371240009e-02,-3.801429606348527557e-02,-6.749673070628271765e-02,-3.519076715388935045e-02,-1.435916317235476185e-02,-3.524455202264515918e-01,-3.753330286669139260e-01,-2.907009498669055336e-01,-4.311306135592269523e-02,-3.519076715388935045e-02,-3.801429606348527557e-02,-1.435916317235476011e-02,-1.286658602907498339e-01,-4.767312946227962589e-02,5.913962991410492975e-01,-2.487592975524973576e-02,-4.967123990818995694e-01,-1.786283982422259831e-01,-4.979810447122926670e-02,-1.712050908829709783e+00,-2.030901712371240009e-02,2.043810449286999731e+00,-1.767766952966368654e-01
6.374907901905126906e-01,-5.537123258831522232e-01,-5.507016019503075954e-01,-1.284019034700219164e+00,-1.135152723844908840e+00,-7.617127067656237482e-01,-4.966680157416004104e-01,-4.963069089824175273e-01,-6.493539992246850634e-01,-6.302706439077716549e-01,-1.926750273227265220e+00,-5.527336881405341407e-01,4.999603498290424719e-01,-1.675367722837661555e+00,-5.411994545085482278e-01,-1.494844432703780202e+00,2.350535630332900805e+00,-4.940931484571475241e-01,-1.365834850474799411e-01,-1.340403845501566771e+00,-6.362483984730694930e-02,1.442504519074156999e+00,-9.073355971537265807e-01,2.196643419135902164e-01,4.696009580735226452e-01,4.786995064188634408e-01,-1.363252006354677692e-01,8.669703402762560795e-01,6.232104487247749347e-01,8.800285873625066646e-01,9.276940622890612609e-01,0.000000000000000000e+00,0.000000000000000000e+00,1.473574796521728292e-01,1.213393822839661657e-01,1.019699523791156359e+00,1.354374855669563615e+00,-1.012774827879198591e+00,-5.181208656627730447e-01,-2.489988027729138353e-01,-3.774647335768301359e-01,-4.668062001933125371e-01,4.220278085021179071e-01,-2.472873054599261933e-01,-3.669621702617922865e-01,-4.602362970513234064e-01,-5.183686688943279358e-02,-5.183686688943279358e-02,1.418158377741196352e+00,-1.040941436780788015e-01,-2.030901712371240009e-02,-8.401389803667852485e-02,-3.271524934852403366e-01,-5.191945123345532709e-01,-7.103890521813077674e-01,-5.752567881263277033e-02,-3.801429606348526863e-02,-1.147078669352808861e-01,-1.711160802546210780e-01,-7.340709118518067011e-02,-7.197411700355742237e-02,-1.244624194945742751e-01,-7.051263942166730025e-02,-2.872721242393142319e-02,-2.030901712371240009e-02,-2.019004323808653023e-01,-1.435916317235476011e-02,-1.435916317235476011e-02,-5.183686688943279358e-02,-3.801429606348527557e-02,-3.801429606348527557e-02,-1.558271304830920190e-01,-4.064318733121485144e-02,-8.148853797899899276e-02,-1.210011918676099085e-01,-5.569323991926412171e-02,-7.051263942166730025e-02,-4.979810447122927364e-02,-3.212131358814808435e-02,-2.030901712371240009e-02,-3.801429606348527557e-02,-6.749673070628271765e-02,-3.519076715388935045e-02,-1.435916317235476185e-02,2.837317947345407543e+00,-3.753330286669139260e-01,-2.907009498669055336e-01,-4.311306135592269523e-02,-3.519076715388935045e-02,-3.801429606348527557e-02,-1.435916317235476011e-02,-1.286658602907498339e-01,-4.767312946227962589e-02,-1.690913523558418063e+00,-2.487592975524973576e-02,2.013237442528823973e+00,-1.786283982422259831e-01,-4.979810447122926670e-02,5.840947806181536750e-01,-2.030901712371240009e-02,-4.892821642774447533e-01,-1.767766952966368654e-01
-9.711223258999172880e-02,-5.537123258831522232e-01,-5.507016019503075954e-01,-1.284019034700219164e+00,-8.840116934927469972e-01,-1.048610816380417976e+00,-4.966680157416004104e-01,-4.963069089824175273e-01,-6.493539992246850634e-01,-6.302706439077716549e-01,-1.836285305415000124e+00,1.862399238684066816e-01,-2.851955343159434109e-01,-5.102874777099800641e-01,6.320577570903027943e-03,1.494658002972147348e-01,-1.317896501095057737e-01,-3.072846949155379481e-01,2.378492277435957092e-01,1.793173846749233080e+00,9.248938849348538049e-01,1.879773786041834815e-01,-1.418863088622077107e-01,1.491633127099130929e-01,1.770803710688994892e+00,-1.120939925352589128e+00,-8.078231342445260088e-01,-1.057395018361759059e-01,6.006669649861826610e-01,2.339906519364291781e-01,9.276940622890612609e-01,0.000000000000000000e+00,0.000000000000000000e+00,9.205658450309623930e-01,-1.734114156426813935e-01,1.318026668710696736e+00,5.209670673102715366e-01,-4.275570534535693135e-01,-3.064301119080259928e-01,-2.489988027729138353e-01,-3.774647335768301359e-01,1.696017942249628430e+00,4.220278085021179071e-01,-1.253374013974976713e-02,3.475052551910771559e+00,-4.602362970513234064e-01,-5.183686688943279358e-02,-5.183686688943279358e-02,1.418158377741196352e+00,-1.040941436780788015e-01,-2.030901712371240009e-02,-8.401389803667852485e-02,-3.271524934852403366e-01,-5.191945123345532709e-01,-7.103890521813077674e-01,-5.752567881263277033e-02,-3.801429606348526863e-02,-1.147078669352808861e-01,-1.711160802546210780e-01,-7.340709118518067011e-02,-7.197411700355742237e-02,-1.244624194945742751e-01,-7.051263942166730025e-02,-2.872721242393142319e-02,-2.030901712371240009e-02,-2.019004323808653023e-01,-1.435916317235476011e-02,-1.435916317235476011e-02,-5.183686688943279358e-02,-3.801429606348527557e-02,-3.801429606348527557e-02,-1.558271304830920190e-01,-4.064318733121485144e-02,-8.148853797899899276e-02,-1.210011918676099085e-01,-5.569323991926412171e-02,-7.051263942166730025e-02,-4.979810447122927364e-02,-3.212131358814808435e-02,-2.030901712371240009e-02,-3.801429606348527557e-02,-6.749673070628271765e-02,-3.519076715388935045e-02,-1.435916317235476185e-02,2.837317947345407543e+00,-3.753330286669139260e-01,-2.907009498669055336e-01,-4.311306135592269523e-02,-3.519076715388935045e-02,-3.801429606348527557e-02,-1.435916317235476011e-02,-1.286658602907498339e-01,-4.767312946227962589e-02,5.913962991410492975e-01,-2.487592975524973576e-02,-4.967123990818995694e-01,-1.786283982422259831e-01,-4.979810447122926670e-02,5.840947806181536750e-01,-2.030901712371240009e-02,-4.892821642774447533e-01,-1.767766952966368654e-01
8.449197905433053490e-01,-5.537123258831522232e-01,3.456729069058043891e+00,-2.878929612425566442e-01,-1.063398143744291202e+00,-1.161919601323366108e-01,-4.966680157416004104e-01,6.573034482162921632e-01,-6.493539992246850634e-01,1.745364860052290412e+00,-5.714093844045281534e-02,4.325644612047202520e-01,-2.929693549510424821e-01,2.247295896860070363e-01,6.320577570903027943e-03,3.961123352473639447e-01,-4.702885519880157239e-01,-1.241326962623585883e+00,-1.142871400673495907e+00,1.219324108821398522e-01,9.248938849348538049e-01,4.388828066981781961e-01,-1.460581122354527528e+00,8.649573119553326250e-02,9.782874304053058856e-02,6.470826045000689364e-01,-3.601578451718204787e-01,9.596093728583924287e-01,1.660210700700007536e+00,4.062674347167165023e-01,9.276940622890612609e-01,0.000000000000000000e+00,0.000000000000000000e+00,5.339616623415676111e-01,7.108409781372613256e-01,7.213723788716157603e-01,2.970664674525512750e-01,1.153733439771847058e+00,-6.239662425401465429e-01,-2.489988027729138353e-01,-3.774647335768301359e-01,-4.668062001933125371e-01,1.146903797035573769e+00,1.630741217101485230e+00,9.137094037957288473e-01,-4.602362970513234064e-01,-5.183686688943279358e-02,-5.183686688943279358e-02,-7.051398600435393460e-01,-1.040941436780788015e-01,-2.030901712371240009e-02,-8.401389803667852485e-02,-3.271524934852403366e-01,1.926060419058570616e+00,-7.103890521813077674e-01,-5.752567881263277033e-02,-3.801429606348526863e-02,8.717797887081346175e+00,-1.711160802546210780e-01,-7.340709118518067011e-02,-7.197411700355742237e-02,-1.244624194945742751e-01,-7.051263942166730025e-02,-2.872721242393142319e-02,-2.030901712371240009e-02,-2.019004323808653023e-01,-1.435916317235476011e-02,-1.435916317235476011e-02,-5.183686688943279358e-02,-3.801429606348527557e-02,-3.801429606348527557e-02,-1.558271304830920190e-01,-4.064318733121485144e-02,-8.148853797899899276e-02,-1.210011918676099085e-01,-5.569323991926412171e-02,-7.051263942166730025e-02,-4.979810447122927364e-02,-3.212131358814808435e-02,-2.030901712371240009e-02,-3.801429606348527557e-02,-6.749673070628271765e-02,-3.519076715388935045e-02,-1.435916317235476185e-02,-3.524455202264515918e-01,-3.753330286669139260e-01,-2.907009498669055336e-01,-4.311306135592269523e-02,-3.519076715388935045e-02,-3.801429606348527557e-02,-1.435916317235476011e-02,-1.286658602907498339e-01,-4.767312946227962589e-02,5.913962991410492975e-01,-2.487592975524973576e-02,-4.967123990818995694e-01,-1.786283982422259831e-01,-4.979810447122926670e-02,-1.712050908829709783e+00,-2.030901712371240009e-02,2.043810449286999731e+00,-1.767766952966368654e-01
-8.333693941292903418e-01,-7.448690342834912714e-02,-5.507016019503075954e-01,-1.284019034700219164e+00,-1.135152723844908840e+00,-1.048610816380417976e+00,5.905777172739697933e-01,-4.963069089824175273e-01,-6.493539992246850634e-01,-6.302706439077716549e-01,-8.291086637717818286e-01,-6.008461346790693741e-02,-2.353031823252243360e+00,-2.340010815695734880e+00,-3.826319646985255396e+00,-4.454602852105570499e+00,-8.087874538665257296e-01,-1.801752323248414722e+00,-1.236479578871264806e+00,-2.384929742918500128e+00,1.066110845618019498e+00,-6.292804948981121915e-02,-2.294238763068062958e+00,-2.326206157108087869e+00,-3.898722568564133795e+00,-4.572793436017302149e+00,-8.078231342445260088e-01,-1.773242088314630704e+00,-1.202811734101178587e+00,-2.436299481158024527e+00,7.587013625824753360e-01,0.000000000000000000e+00,0.000000000000000000e+00,2.080378393099147072e+00,4.160901802106137248e-01,1.247180890325345903e-01,-5.212836782262508795e-01,1.718909509593858909e+00,-9.473935815327891308e-02,-4.845014723481537167e-01,2.229056864403530014e+00,-4.668062001933125371e-01,-1.856153869745885920e+00,-1.421055132060808246e+00,-3.669621702617922865e-01,-4.602362970513234064e-01,-5.183686688943279358e-02,-5.183686688943279358e-02,-7.051398600435393460e-01,-1.040941436780788015e-01,-2.030901712371240009e-02,-8.401389803667852485e-02,-3.271524934852403366e-01,1.926060419058570616e+00,-7.103890521813077674e-01,-5.752567881263277033e-02,-3.801429606348526863e-02,-1.147078669352808861e-01,-1.711160802546210780e-01,-7.340709118518067011e-02,-7.197411700355742237e-02,-1.244624194945742751e-01,-7.051263942166730025e-02,-2.872721242393142319e-02,-2.030901712371240009e-02,-2.019004323808653023e-01,-1.435916317235476011e-02,-1.435916317235476011e-02,-5.183686688943279358e-02,-3.801429606348527557e-02,-3.801429606348527557e-02,-1.558271304830920190e-01,-4.064318733121485144e-02,-8.148853797899899276e-02,-1.210011918676099085e-01,-5.569323991926412171e-02,-7.051263942166730025e-02,2.008108562802319952e+01,-3.212131358814808435e-02,-2.030901712371240009e-02,-3.801429606348527557e-02,-6.749673070628271765e-02,-3.519076715388935045e-02,-1.435916317235476185e-02,-3.524455202264515918e-01,-3.753330286669139260e-01,-2.907009498669055336e-01,-4.311306135592269523e-02,-3.519076715388935045e-02,-3.801429606348527557e-02,-1.435916317235476011e-02,-1.286658602907498339e-01,-4.767312946227962589e-02,5.913962991410492975e-01,-2.487592975524973576e-02,-4.967123990818995694e-01,-1.786283982422259831e-01,-4.979810447122926670e-02,5.840947806181536750e-01,-2.030901712371240009e-02,-4.892821642774447533e-01,-1.767766952966368654e-01
-8.729033104644716712e-01,2.800865631300469172e+00,-4.977276807426366662e-02,-2.878929612425566442e-01,1.806785060280416300e+00,-9.768862889767194746e-01,7.114052115367390350e+00,6.573034482162921632e-01,1.100007117161253767e+00,-6.302706439077716549e-01,4.856488684331381478e-01,-1.045382762813161337e+00,2.667457307760764951e-01,7.251667419556153682e-01,2.800805936106286476e-01,-1.793962463029842302e-01,1.673537826575880905e+00,-2.138804681447331324e-01,9.743696044694237501e-02,-1.131498666018180055e+00,-1.052143564629467676e+00,-1.819266046147774096e+00,-1.304830984284317992e-02,4.233339818353242801e-01,-1.810004182342134504e-01,3.945079573782606652e-01,3.113400884372377608e-01,-2.446980507093804713e-01,-1.014949369612911712e+00,2.770598476315010439e-01,-1.325541933798751071e+00,0.000000000000000000e+00,0.000000000000000000e+00,-1.399059251105406521e+00,-4.681622135693289666e-01,-1.665244780484708809e+00,-1.147812549757941669e+00,-4.496029285175484613e-01,-3.064301119080259928e-01,-2.489988027729138353e-01,-3.774647335768301359e-01,-4.668062001933125371e-01,-9.574075473606477593e-02,2.222198251804266556e-01,-3.669621702617922865e-01,-4.602362970513234064e-01,-5.183686688943279358e-02,-5.183686688943279358e-02,1.418158377741196352e+00,-1.040941436780788015e-01,-2.030901712371240009e-02,-8.401389803667852485e-02,-3.271524934852403366e-01,-5.191945123345532709e-01,-7.103890521813077674e-01,-5.752567881263277033e-02,-3.801429606348526863e-02,-1.147078669352808861e-01,-1.711160802546210780e-01,-7.340709118518067011e-02,-7.197411700355742237e-02,8.034553755751097981e+00,-7.051263942166730025e-02,-2.872721242393142319e-02,-2.030901712371240009e-02,-2.019004323808653023e-01,-1.435916317235476011e-02,-1.435916317235476011e-02,-5.183686688943279358e-02,-3.801429606348527557e-02,-3.801429606348527557e-02,-1.558271304830920190e-01,-4.064318733121485144e-02,-8.148853797899899276e-02,-1.210011918676099085e-01,-5.569323991926412171e-02,-7.051263942166730025e-02,-4.979810447122927364e-02,-3.212131358814808435e-02,-2.030901712371240009e-02,-3.801429606348527557e-02,-6.749673070628271765e-02,-3.519076715388935045e-02,-1.435916317235476185e-02,-3.524455202264515918e-01,-3.753330286669139260e-01,-2.907009498669055336e-01,-4.311306135592269523e-02,-3.519076715388935045e-02,-3.801429606348527557e-02,-1.435916317235476011e-02,-1.286658602907498339e-01,-4.767312946227962589e-02,5.913962991410492975e-01,-2.487592975524973576e-02,-4.967123990818995694e-01,-1.786283982422259831e-01,-4.979810447122926670e-02,-1.712050908829709783e+00,-2.030901712371240009e-02,-4.892821642774447533e-01,5.656854249492379694e+00
-1.717138906116101593e-01,-5.537123258831522232e-01,4.511560658017802483e-01,7.082331122151057645e-01,1.564297179662094972e-01,1.856232543469374052e+00,-4.966680157416004104e-01,-4.963069089824175273e-01,-6.623362709603883292e-02,1.151455984062275117e+00,8.414777418280475763e-01,4.325644612047202520e-01,2.045551656952854513e-01,7.616231010596714868e-02,1.375120657769531185e+00,-5.904738045532329505e-01,-6.959544865736890795e-01,-5.874973752279523120e-01,-7.996414139483429828e-01,4.561806980555584978e-01,2.111116354673446605e+00,9.406936628861676253e-01,-5.469604018174498671e-03,7.366718894072233903e-01,2.142575925721986962e+00,-7.841737291901780260e-01,-8.078231342445260088e-01,1.721775959102332110e-01,7.659858457358575956e-01,9.230977830575785026e-01,2.476793809599432183e+00,0.000000000000000000e+00,0.000000000000000000e+00,1.307170027720357286e+00,4.160901802106137248e-01,1.914680958549777934e+00,6.735075344648002726e-01,1.269975326472828181e+00,1.169513956014681527e-01,2.220065363775658440e-01,9.257960654133498002e-01,1.696017942249628430e+00,-3.028481800313378436e-01,4.569733905006030938e-01,-3.669621702617922865e-01,-4.602362970513234064e-01,-5.183686688943279358e-02,-5.183686688943279358e-02,-7.051398600435393460e-01,-1.040941436780788015e-01,-2.030901712371240009e-02,-8.401389803667852485e-02,-3.271524934852403366e-01,-5.191945123345532709e-01,1.407679351095596942e+00,-5.752567881263277033e-02,-3.801429606348526863e-02,-1.147078669352808861e-01,-1.711160802546210780e-01,-7.340709118518067011e-02,-7.197411700355742237e-02,-1.244624194945742751e-01,-7.051263942166730025e-02,-2.872721242393142319e-02,-2.030901712371240009e-02,-2.019004323808653023e-01,-1.435916317235476011e-02,-1.435916317235476011e-02,-5.183686688943279358e-02,-3.801429606348527557e-02,-3.801429606348527557e-02,-1.558271304830920190e-01,-4.064318733121485144e-02,-8.148853797899899276e-02,-1.210011918676099085e-01,-5.569323991926412171e-02,-7.051263942166730025e-02,-4.979810447122927364e-02,-3.212131358814808435e-02,-2.030901712371240009e-02,-3.801429606348527557e-02,-6.749673070628271765e-02,-3.519076715388935045e-02,-1.435916317235476185e-02,-3.524455202264515918e-01,-3.753330286669139260e-01,-2.907009498669055336e-01,-4.311306135592269523e-02,-3.519076715388935045e-02,-3.801429606348527557e-02,-1.435916317235476011e-02,-1.286658602907498339e-01,-4.767312946227962589e-02,-1.690913523558418063e+00,-2.487592975524973576e-02,2.013237442528823973e+00,-1.786283982422259831e-01,-4.979810447122926670e-02,5.840947806181536750e-01,-2.030901712371240009e-02,-4.892821642774447533e-01,-1.767766952966368654e-01
6.032501178834727140e-01,2.800865631300469172e+00,-4.977276807426366662e-02,7.082331122151057645e-01,9.457300990730040935e-01,-4.446743272863804691e-02,5.905777172739697933e-01,-4.963069089824175273e-01,2.266247861418546172e+00,-6.302706439077716549e-01,-1.656988998151708026e-01,4.325644612047202520e-01,3.522577577621639477e-01,4.123935217871103065e-01,6.320577570903027943e-03,6.427588701975132102e-01,-4.702885519880157239e-01,-1.204762413739283167e-01,-1.755868926298835286e-01,-2.123158762912787934e-01,3.600260422021904771e-01,1.879773786041834815e-01,6.273874840384194296e-02,-1.720080425512833522e-01,5.625440118317706073e-01,-4.474075330277669238e-01,8.750744390088503744e-02,2.858709540792188086e+00,-8.947174563404211023e-01,4.062674347167165023e-01,-5.809668599935657873e-02,0.000000000000000000e+00,0.000000000000000000e+00,5.339616623415676111e-01,4.160901802106137248e-01,7.213723788716157603e-01,6.067301625774099705e-01,-5.979115425843175569e-01,-5.181208656627730447e-01,-9.555068114986333683e-01,-3.774647335768301359e-01,-4.668062001933125371e-01,-9.241704559171570743e-01,-7.167944361002790421e-01,-3.669621702617922865e-01,-4.602362970513234064e-01,-5.183686688943279358e-02,-5.183686688943279358e-02,-7.051398600435393460e-01,-1.040941436780788015e-01,-2.030901712371240009e-02,-8.401389803667852485e-02,-3.271524934852403366e-01,1.926060419058570616e+00,-7.103890521813077674e-01,-5.752567881263277033e-02,-3.801429606348526863e-02,-1.147078669352808861e-01,-1.711160802546210780e-01,-7.340709118518067011e-02,-7.197411700355742237e-02,-1.244624194945742751e-01,-7.051263942166730025e-02,-2.872721242393142319e-02,-2.030901712371240009e-02,-2.019004323808653023e-01,-1.435916317235476011e-02,-1.435916317235476011e-02,-5.183686688943279358e-02,-3.801429606348527557e-02,-3.801429606348527557e-02,-1.558271304830920190e-01,-4.064318733121485144e-02,-8.148853797899899276e-02,-1.210011918676099085e-01,-5.569323991926412171e-02,-7.051263942166730025e-02,-4.979810447122927364e-02,-3.212131358814808435e-02,-2.030901712371240009e-02,-3.801429606348527557e-02,-6.749673070628271765e-02,-3.519076715388935045e-02,-1.435916317235476185e-02,-3.524455202264515918e-01,-3.753330286669139260e-01,3.439961240091715222e+00,-4.311306135592269523e-02,-3.519076715388935045e-02,-3.801429606348527557e-02,-1.435916317235476011e-02,-1.286658602907498339e-01,-4.767312946227962589e-02,-1.690913523558418063e+00,-2.487592975524973576e-02,2.013237442528823973e+00,-1.786283982422259831e-01,-4.979810447122926670e-02,5.840947806181536750e-01,-2.030901712371240009e-02,-4.892821642774447533e-01,-1.767766952966368654e-01
-6.679555182498702059e-01,-5.537123258831522232e-01,1.953942567429912014e+00,-2.878929612425566442e-01,-9.198889835430558160e-01,-4.030900697471309080e-01,5.905777172739697933e-01,-4.963069089824175273e-01,-6.623362709603883292e-02,1.151455984062275117e+00,-3.285358418772480471e-01,9.252135358773474483e-01,5.155079910992402814e-01,1.288158538258924457e+00,1.888272549307201120e-01,-1.496522300288474598e-02,7.708740882331873712e-01,-4.006889216863427361e-01,-3.237998414430177663e-01,-5.047831275680201291e-01,-6.362483984730694930e-02,-5.647389056778006067e-01,-8.239698330823731487e-01,-4.070114732302073657e-01,9.782874304053058856e-02,7.312741535406717119e-01,8.750744390088503744e-02,7.280117914030515003e-01,9.763916939627163005e-01,5.354750218019320718e-01,-4.805784352658213909e-01,0.000000000000000000e+00,0.000000000000000000e+00,-2.392467030372219805e-01,4.160901802106137248e-01,-7.702633457260871230e-01,-1.633585196232878678e+00,-2.144469278351038011e-01,2.227967724788416926e-01,9.285145451032854602e-01,-3.774647335768301359e-01,-4.668062001933125371e-01,-1.992944673837013236e-01,-2.472873054599261933e-01,-3.669621702617922865e-01,-4.602362970513234064e-01,-5.183686688943279358e-02,-5.183686688943279358e-02,-7.051398600435393460e-01,-1.040941436780788015e-01,-2.030901712371240009e-02,-8.401389803667852485e-02,-3.271524934852403366e-01,1.926060419058570616e+00,-7.103890521813077674e-01,-5.752567881263277033e-02,-3.801429606348526863e-02,-1.147078669352808861e-01,-1.711160802546210780e-01,-7.340709118518067011e-02,-7.197411700355742237e-02,-1.244624194945742751e-01,-7.051263942166730025e-02,-2.872721242393142319e-02,-2.030901712371240009e-02,-2.019004323808653023e-01,-1.435916317235476011e-02,-1.435916317235476011e-02,-5.183686688943279358e-02,-3.801429606348527557e-02,-3.801429606348527557e-02,-1.558271304830920190e-01,-4.064318733121485144e-02,-8.148853797899899276e-02,-1.210011918676099085e-01,-5.569323991926412171e-02,-7.051263942166730025e-02,-4.979810447122927364e-02,-3.212131358814808435e-02,-2.030901712371240009e-02,-3.801429606348527557e-02,-6.749673070628271765e-02,-3.519076715388935045e-02,-1.435916317235476185e-02,-3.524455202264515918e-01,-3.753330286669139260e-01,-2.907009498669055336e-01,-4.311306135592269523e-02,-3.519076715388935045e-02,-3.801429606348527557e-02,-1.435916317235476011e-02,7.772069434271623223e+00,-4.767312946227962589e-02,-1.690913523558418063e+00,-2.487592975524973576e-02,2.013237442528823973e+00,-1.786283982422259831e-01,-4.979810447122926670e-02,5.840947806181536750e-01,-2.030901712371240009e-02,-4.892821642774447533e-01,-1.767766952966368654e-01
-1.495024897646970441e+00,-5.537123258831522232e-01,-5.507016019503075954e-01,-1.284019034700219164e+00,-8.840116934927469972e-01,-1.084473080082267282e+00,-4.966680157416004104e-01,-4.963069089824175273e-01,-6.493539992246850634e-01,-6.302706439077716549e-01,-2.053401228164436265e+00,1.171538073213661102e+00,-5.728268978146017210e-01,-4.946488167015547499e-01,-4.499461158286396367e-01,-1.496522300288474598e-02,-1.317896501095057737e-01,5.333533460217053657e-01,-4.096073381243058864e-01,1.637134467788171899e-01,-6.362483984730694930e-02,-6.292804948981121915e-02,-5.738725408683124085e-01,-1.370525539013796479e+00,-1.810004182342134504e-01,-1.036748376311986242e+00,4.676076656896117179e+00,-1.773242088314630704e+00,-1.202811734101178587e+00,-1.488777175866444091e+00,3.643850632671082335e-01,0.000000000000000000e+00,0.000000000000000000e+00,5.339616623415676111e-01,7.108409781372613256e-01,1.318026668710696736e+00,-9.533725551446583513e-01,-2.091024732741391390e-01,-3.064301119080259928e-01,-2.489988027729138353e-01,-3.774647335768301359e-01,-4.668062001933125371e-01,-3.028481800313378436e-01,6.917269558207794766e-01,-3.669621702617922865e-01,-4.602362970513234064e-01,-5.183686688943279358e-02,-5.183686688943279358e-02,1.418158377741196352e+00,-1.040941436780788015e-01,-2.030901712371240009e-02,-8.401389803667852485e-02,-3.271524934852403366e-01,-5.191945123345532709e-01,-7.103890521813077674e-01,-5.752567881263277033e-02,-3.801429606348526863e-02,-1.147078669352808861e-01,-1.711160802546210780e-01,-7.340709118518067011e-02,-7.197411700355742237e-02,-1.244624194945742751e-01,-7.051263942166730025e-02,-2.872721242393142319e-02,-2.030901712371240009e-02,-2.019004323808653023e-01,-1.435916317235476011e-02,-1.435916317235476011e-02,-5.183686688943279358e-02,-3.801429606348527557e-02,-3.801429606348527557e-02,-1.558271304830920190e-01,-4.064318733121485144e-02,-8.148853797899899276e-02,-1.210011918676099085e-01,-5.569323991926412171e-02,-7.051263942166730025e-02,-4.979810447122927364e-02,-3.212131358814808435e-02,-2.030901712371240009e-02,-3.801429606348527557e-02,-6.749673070628271765e-02,-3.519076715388935045e-02,-1.435916317235476185e-02,2.837317947345407543e+00,-3.753330286669139260e-01,-2.907009498669055336e-01,-4.311306135592269523e-02,-3.519076715388935045e-02,-3.801429606348527557e-02,-1.435916317235476011e-02,-1.286658602907498339e-01,-4.767312946227962589e-02,5.913962991410492975e-01,-2.487592975524973576e-02,-4.967123990818995694e-01,-1.786283982422259831e-01,-4.979810447122926670e-02,5.840947806181536750e-01,-2.030901712371240009e-02,-4.892821642774447533e-01,-1.767766952966368654e-01
-1.666724500809808385e+00,-5.537123258831522232e-01,-5.507016019503075954e-01,-2.878929612425566442e-01,1.292055776497412142e-02,-1.879164875360351816e-01,-4.966680157416004104e-01,-4.963069089824175273e-01,-6.493539992246850634e-01,-6.302706439077716549e-01,-2.139468826483789110e-01,6.788889985410339056e-01,4.844127085588447179e-01,-3.069848846004514797e-01,6.320577570903027943e-03,-2.616117579530339854e-01,2.067092517690042597e-01,-8.210079421549643097e-01,-5.266175608715170098e-01,-4.212210557746654538e-01,-6.362483984730694930e-02,-5.647389056778006067e-01,2.207512496785029477e+00,-8.691848868987581689e-01,-1.389260117091437596e+00,-3.632159839871641482e-01,-3.601578451718204787e-01,-1.495324990568221546e+00,-1.105123304567279918e+00,6.171386915614185398e-02,3.643850632671082335e-01,0.000000000000000000e+00,0.000000000000000000e+00,5.339616623415676111e-01,1.213393822839661657e-01,4.230452339520751615e-01,-1.321302780641847807e+00,-5.631725879380473643e-01,-9.415023731722672595e-01,-4.845014723481537167e-01,-3.774647335768301359e-01,-4.668062001933125371e-01,-9.574075473606477593e-02,4.569733905006030938e-01,-3.669621702617922865e-01,1.739375798511208382e+00,-5.183686688943279358e-02,-5.183686688943279358e-02,1.418158377741196352e+00,-1.040941436780788015e-01,-2.030901712371240009e-02,-8.401389803667852485e-02,-3.271524934852403366e-01,-5.191945123345532709e-01,-7.103890521813077674e-01,-5.752567881263277033e-02,-3.801429606348526863e-02,-1.147078669352808861e-01,-1.711160802546210780e-01,-7.340709118518067011e-02,-7.197411700355742237e-02,-1.244624194945742751e-01,-7.051263942166730025e-02,-2.872721242393142319e-02,-2.030901712371240009e-02,-2.019004323808653023e-01,-1.435916317235476011e-02,-1.435916317235476011e-02,-5.183686688943279358e-02,-3.801429606348527557e-02,-3.801429606348527557e-02,-1.558271304830920190e-01,-4.064318733121485144e-02,-8.148853797899899276e-02,-1.210011918676099085e-01,-5.569323991926412171e-02,-7.051263942166730025e-02,-4.979810447122927364e-02,-3.212131358814808435e-02,-2.030901712371240009e-02,-3.801429606348527557e-02,-6.749673070628271765e-02,-3.519076715388935045e-02,-1.435916317235476185e-02,2.837317947345407543e+00,-3.753330286669139260e-01,-2.907009498669055336e-01,-4.311306135592269523e-02,-3.519076715388935045e-02,-3.801429606348527557e-02,-1.435916317235476011e-02,-1.286658602907498339e-01,-4.767312946227962589e-02,5.913962991410492975e-01,-2.487592975524973576e-02,-4.967123990818995694e-01,-1.786283982422259831e-01,-4.979810447122926670e-02,5.840947806181536750e-01,-2.030901712371240009e-02,-4.892821642774447533e-01,-1.767766952966368654e-01
-1.432627039603499020e-01,4.047385190264539689e-01,-5.507016019503075954e-01,-1.284019034700219164e+00,2.281842980668271903e-01,-1.120335343784116588e+00,-4.966680157416004104e-01,6.573034482162921632e-01,-6.623362709603883292e-02,-6.302706439077716549e-01,-6.317193629460370052e-02,1.171538073213661102e+00,-9.770655708397431027e-01,1.491461131368453374e+00,1.283867319089622594e+00,8.071898934976127205e-01,2.067092517690042597e-01,3.932470058654981004e-01,6.200826220511521658e-01,6.650858775389451027e-01,3.600260422021904771e-01,9.406936628861676253e-01,9.721834473640623697e-01,4.311674295246219479e-01,-8.805736447596543282e-02,2.261248592970551696e-01,-2.440887836729143182e-02,-1.078449343948607808e+00,-9.623479075561970353e-01,2.770598476315010439e-01,-5.809668599935657873e-02,0.000000000000000000e+00,0.000000000000000000e+00,5.339616623415676111e-01,7.108409781372613256e-01,7.213723788716157603e-01,-1.533534527290613958e-01,-4.075153488499518306e-01,1.169513956014681527e-01,-7.200041419233935702e-01,-3.774647335768301359e-01,-4.668062001933125371e-01,-6.135093179742474589e-01,-2.472873054599261933e-01,-3.669621702617922865e-01,-4.602362970513234064e-01,-5.183686688943279358e-02,-5.183686688943279358e-02,1.418158377741196352e+00,-1.040941436780788015e-01,-2.030901712371240009e-02,-8.401389803667852485e-02,-3.271524934852403366e-01,-5.191945123345532709e-01,-7.103890521813077674e-01,-5.752567881263277033e-02,-3.801429606348526863e-02,-1.147078669352808861e-01,-1.711160802546210780e-01,-7.340709118518067011e-02,-7.197411700355742237e-02,-1.244624194945742751e-01,-7.051263942166730025e-02,-2.872721242393142319e-02,-2.030901712371240009e-02,-2.019004323808653023e-01,-1.435916317235476011e-02,-1.435916317235476011e-02,-5.183686688943279358e-02,-3.801429606348527557e-02,-3.801429606348527557e-02,-1.558271304830920190e-01,-4.064318733121485144e-02,-8.148853797899899276e-02,-1.210011918676099085e-01,-5.569323991926412171e-02,-7.051263942166730025e-02,-4.979810447122927364e-02,-3.212131358814808435e-02,-2.030901712371240009e-02,-3.801429606348527557e-02,-6.749673070628271765e-02,-3.519076715388935045e-02,-1.435916317235476185e-02,2.837317947345407543e+00,-3.753330286669139260e-01,-2.907009498669055336e-01,-4.311306135592269523e-02,-3.519076715388935045e-02,-3.801429606348527557e-02,-1.435916317235476011e-02,-1.286658602907498339e-01,-4.767312946227962589e-02,5.913962991410492975e-01,-2.487592975524973576e-02,-4.967123990818995694e-01,-1.786283982422259831e-01,-4.979810447122926670e-02,-1.712050908829709783e+00,-2.030901712371240009e-02,-4.892821642774447533e-01,-1.767766952966368654e-01
-4.347219532598879943e-01,-7.448690342834912714e-02,4.511560658017802483e-01,-1.284019034700219164e+00,-1.063398143744291202e+00,-9.410240252748701684e-01,-4.966680157416004104e-01,6.573034482162921632e-01,-6.493539992246850634e-01,-3.636176791775609651e-02,-6.180237388764964201e-01,9.252135358773474483e-01,-6.738865660708870386e-01,1.577473766914791797e+00,7.363472870101713808e-01,4.783278468974136999e-01,-6.959544865736890795e-01,6.633221216768130091e-02,-4.564114272231903913e-01,4.143996621588811879e-01,9.248938849348538049e-01,1.879773786041834815e-01,-5.469604018174498671e-03,-7.516831715592964258e-01,-1.810004182342134504e-01,3.103164083376579452e-01,8.709216997781196179e-01,-8.468517624932668797e-01,2.625147089073024409e-01,-2.436299481158024527e+00,3.643850632671082335e-01,0.000000000000000000e+00,0.000000000000000000e+00,5.339616623415676111e-01,1.005591776063908815e+00,7.213723788716157603e-01,6.983853788934358819e-01,4.943551611252588324e-02,3.286421493562152185e-01,-2.489988027729138353e-01,-3.774647335768301359e-01,-4.668062001933125371e-01,-8.206167432695206099e-01,-4.820408707801026038e-01,-3.669621702617922865e-01,-4.602362970513234064e-01,-5.183686688943279358e-02,-5.183686688943279358e-02,-7.051398600435393460e-01,-1.040941436780788015e-01,-2.030901712371240009e-02,-8.401389803667852485e-02,-3.271524934852403366e-01,1.926060419058570616e+00,-7.103890521813077674e-01,-5.752567881263277033e-02,-3.801429606348526863e-02,-1.147078669352808861e-01,-1.711160802546210780e-01,-7.340709118518067011e-02,-7.197411700355742237e-02,-1.244624194945742751e-01,-7.051263942166730025e-02,-2.872721242393142319e-02,-2.030901712371240009e-02,-2.019004323808653023e-01,-1.435916317235476011e-02,-1.435916317235476011e-02,-5.183686688943279358e-02,-3.801429606348527557e-02,-3.801429606348527557e-02,-1.558271304830920190e-01,-4.064318733121485144e-02,-8.148853797899899276e-02,-1.210011918676099085e-01,-5.569323991926412171e-02,-7.051263942166730025e-02,-4.979810447122927364e-02,-3.212131358814808435e-02,-2.030901712371240009e-02,-3.801429606348527557e-02,-6.749673070628271765e-02,-3.519076715388935045e-02,-1.435916317235476185e-02,-3.524455202264515918e-01,-3.753330286669139260e-01,3.439961240091715222e+00,-4.311306135592269523e-02,-3.519076715388935045e-02,-3.801429606348527557e-02,-1.435916317235476011e-02,-1.286658602907498339e-01,-4.767312946227962589e-02,5.913962991410492975e-01,-2.487592975524973576e-02,-4.967123990818995694e-01,-1.786283982422259831e-01,-4.979810447122926670e-02,5.840947806181536750e-01,-2.030901712371240009e-02,-4.892821642774447533e-01,-1.767766952966368654e-01
-2.800599793126302695e-01,-5.537123258831522232e-01,1.953942567429912014e+00,-2.878929612425566442e-01,-8.122571133921292486e-01,-1.879164875360351816e-01,5.905777172739697933e-01,6.573034482162921632e-01,-6.493539992246850634e-01,1.151455984062275117e+00,4.554938791623832084e-01,1.862399238684066816e-01,5.685257362840691331e-02,-2.287915795583251310e-01,-8.493276110900550846e-02,3.961123352473639447e-01,2.067092517690042597e-01,-5.874973752279523120e-01,-8.932495921461119925e-01,-8.697276860124680820e-02,3.600260422021904771e-01,1.191599090980162368e+00,-1.043752301997759702e+00,-5.480135316375619459e-01,-6.457156870254534553e-01,1.068040349703082814e+00,5.351727329735904704e-01,1.237526470604801476e+00,6.833264053610199618e-01,-7.996700447452947946e-01,3.643850632671082335e-01,0.000000000000000000e+00,0.000000000000000000e+00,5.339616623415676111e-01,1.005591776063908815e+00,1.247180890325345903e-01,-1.210007160829530637e+00,3.781194716118519983e-01,-9.473935815327891308e-02,-1.349613319767399566e-02,-3.774647335768301359e-01,-4.668062001933125371e-01,1.664672360273756535e+00,1.865494782421661668e+00,2.194380977853250148e+00,3.938987894073740392e+00,-5.183686688943279358e-02,-5.183686688943279358e-02,-7.051398600435393460e-01,-1.040941436780788015e-01,-2.030901712371240009e-02,-8.401389803667852485e-02,-3.271524934852403366e-01,1.926060419058570616e+00,-7.103890521813077674e-01,-5.752567881263277033e-02,-3.801429606348526863e-02,-1.147078669352808861e-01,-1.711160802546210780e-01,-7.340709118518067011e-02,-7.197411700355742237e-02,-1.244624194945742751e-01,-7.051263942166730025e-02,-2.872721242393142319e-02,-2.030901712371240009e-02,4.952936396459016066e+00,-1.435916317235476011e-02,-1.435916317235476011e-02,-5.183686688943279358e-02,-3.801429606348527557e-02,-3.801429606348527557e-02,-1.558271304830920190e-01,-4.064318733121485144e-02,-8.148853797899899276e-02,-1.210011918676099085e-01,-5.569323991926412171e-02,-7.051263942166730025e-02,-4.979810447122927364e-02,-3.212131358814808435e-02,-2.030901712371240009e-02,-3.801429606348527557e-02,-6.749673070628271765e-02,-3.519076715388935045e-02,-1.435916317235476185e-02,-3.524455202264515918e-01,-3.753330286669139260e-01,-2.907009498669055336e-01,-4.311306135592269523e-02,-3.519076715388935045e-02,-3.801429606348527557e-02,-1.435916317235476011e-02,-1.286658602907498339e-01,-4.767312946227962589e-02,5.913962991410492975e-01,-2.487592975524973576e-02,-4.967123990818995694e-01,-1.786283982422259831e-01,-4.979810447122926670e-02,5.840947806181536750e-01,-2.030901712371240009e-02,-4.892821642774447533e-01,-1.767766952966368654e-01
-6.643164129805230189e-01,-5.537123258831522232e-01,-5.507016019503075954e-01,-1.284019034700219164e+00,-1.063398143744291202e+00,-6.541259156600758295e-01,-4.966680157416004104e-01,-4.963069089824175273e-01,-6.493539992246850634e-01,-6.302706439077716549e-01,-1.564890401978204837e+00,9.252135358773474483e-01,-8.837797232185568008e-01,-6.823127488026576870e-01,6.450939483302627897e-01,3.138968235973142451e-01,-1.317896501095057737e-01,2.064385523238884967e-01,1.049120105457593155e+00,5.815238057455904830e-01,-6.362483984730694930e-02,4.388828066981781961e-01,-3.389326603035887064e-01,-3.678442347837201365e-01,6.554870655900186804e-01,2.261248592970551696e-01,-2.482415229036441240e-01,1.258580796191650364e-01,-2.935578899779672790e-01,1.526066522788584123e+00,-5.809668599935657873e-02,0.000000000000000000e+00,0.000000000000000000e+00,1.473574796521728292e-01,1.005591776063908815e+00,-4.719362008065465242e-01,7.101696209912106150e-01,6.326491200777935031e-01,4.344875262335887722e-01,-7.200041419233935702e-01,9.257960654133498002e-01,1.696017942249628430e+00,1.113666705592083056e-01,-7.167944361002790421e-01,9.137094037957288473e-01,-4.602362970513234064e-01,-5.183686688943279358e-02,-5.183686688943279358e-02,1.418158377741196352e+00,-1.040941436780788015e-01,-2.030901712371240009e-02,-8.401389803667852485e-02,-3.271524934852403366e-01,-5.191945123345532709e-01,-7.103890521813077674e-01,-5.752567881263277033e-02,-3.801429606348526863e-02,-1.147078669352808861e-01,-1.711160802546210780e-01,-7.340709118518067011e-02,-7.197411700355742237e-02,-1.244624194945742751e-01,-7.051263942166730025e-02,-2.872721242393142319e-02,-2.030901712371240009e-02,-2.019004323808653023e-01,-1.435916317235476011e-02,-1.435916317235476011e-02,-5.183686688943279358e-02,-3.801429606348527557e-02,-3.801429606348527557e-02,-1.558271304830920190e-01,-4.064318733121485144e-02,-8.148853797899899276e-02,-1.210011918676099085e-01,-5.569323991926412171e-02,-7.051263942166730025e-02,-4.979810447122927364e-02,-3.212131358814808435e-02,-2.030901712371240009e-02,-3.801429606348527557e-02,-6.749673070628271765e-02,-3.519076715388935045e-02,-1.435916317235476185e-02,2.837317947345407543e+00,-3.753330286669139260e-01,-2.907009498669055336e-01,-4.311306135592269523e-02,-3.519076715388935045e-02,-3.801429606348527557e-02,-1.435916317235476011e-02,-1.286658602907498339e-01,-4.767312946227962589e-02,-1.690913523558418063e+00,-2.487592975524973576e-02,2.013237442528823973e+00,-1.786283982422259831e-01,-4.979810447122926670e-02,5.840947806181536750e-01,-2.030901712371240009e-02,-4.892821642774447533e-01,-1.767766952966368654e-01
1.124138413027766292e+00,-5.537123258831522232e-01,-4.977276807426366662e-02,-2.878929612425566442e-01,1.564297179662094972e-01,2.573477817506359511e+00,-4.966680157416004104e-01,-4.963069089824175273e-01,-6.493539992246850634e-01,-6.302706439077716549e-01,-1.476059062527178833e-01,9.252135358773474483e-01,2.839880360993802810e+00,1.428906487334752340e+00,1.283867319089622594e+00,-3.438272696030836850e-01,-8.087874538665257296e-01,-1.801752323248414722e+00,-1.236479578871264806e+00,2.054944826754944998e-01,9.248938849348538049e-01,1.442504519074156999e+00,2.071095791940995579e+00,2.225026950373742540e+00,9.782874304053058856e-02,-2.790244349465614282e-01,-8.078231342445260088e-01,-1.773242088314630704e+00,-1.202811734101178587e+00,8.800285873625066646e-01,2.195139310088455531e+00,0.000000000000000000e+00,0.000000000000000000e+00,1.307170027720357286e+00,1.213393822839661657e-01,1.616353813630237335e+00,1.354374855669563615e+00,-5.605003606575650332e-01,-9.415023731722672595e-01,-7.200041419233935702e-01,-3.774647335768301359e-01,-4.668062001933125371e-01,-7.170630306218840344e-01,-2.472873054599261933e-01,-3.669621702617922865e-01,-4.602362970513234064e-01,-5.183686688943279358e-02,-5.183686688943279358e-02,1.418158377741196352e+00,-1.040941436780788015e-01,-2.030901712371240009e-02,-8.401389803667852485e-02,-3.271524934852403366e-01,-5.191945123345532709e-01,-7.103890521813077674e-01,-5.752567881263277033e-02,-3.801429606348526863e-02,-1.147078669352808861e-01,-1.711160802546210780e-01,-7.340709118518067011e-02,1.389388354636672673e+01,-1.244624194945742751e-01,-7.051263942166730025e-02,-2.872721242393142319e-02,-2.030901712371240009e-02,-2.019004323808653023e-01,-1.435916317235476011e-02,-1.435916317235476011e-02,-5.183686688943279358e-02,-3.801429606348527557e-02,-3.801429606348527557e-02,-1.558271304830920190e-01,-4.064318733121485144e-02,-8.148853797899899276e-02,-1.210011918676099085e-01,-5.569323991926412171e-02,-7.051263942166730025e-02,-4.979810447122927364e-02,-3.212131358814808435e-02,-2.030901712371240009e-02,-3.801429606348527557e-02,-6.749673070628271765e-02,-3.519076715388935045e-02,-1.435916317235476185e-02,-3.524455202264515918e-01,-3.753330286669139260e-01,-2.907009498669055336e-01,-4.311306135592269523e-02,-3.519076715388935045e-02,-3.801429606348527557e-02,-1.435916317235476011e-02,-1.286658602907498339e-01,-4.767312946227962589e-02,5.913962991410492975e-01,-2.487592975524973576e-02,-4.967123990818995694e-01,-1.786283982422259831e-01,-4.979810447122926670e-02,5.840947806181536750e-01,-2.030901712371240009e-02,-4.892821642774447533e-01,-1.767766952966368654e-01
1.488048939962490547e+00,-5.537123258831522232e-01,4.511560658017802483e-01,7.082331122151057645e-01,4.075707483183714230e-01,1.461747642749031906e+00,5.905777172739697933e-01,6.573034482162921632e-01,-6.493539992246850634e-01,2.339273736042306151e+00,8.414777418280475763e-01,-1.784356374822102298e+00,1.774866933985257189e+00,4.984061573334491180e-01,1.192613980409714003e+00,-6.726893162032826501e-01,-5.831215192808524295e-01,-7.743058287695619990e-01,-8.464455030472275432e-01,-1.006155558328148070e+00,-1.052143564629467676e+00,-1.066549761865789980e+00,7.448222726240073532e-01,1.778520432083787073e+00,7.484301193482666426e-01,-3.632159839871641482e-01,-2.482415229036441240e-01,6.816922751119832702e-01,1.156739563871452603e+00,-2.436299481158024527e+00,-1.043887434287774418e+00,0.000000000000000000e+00,0.000000000000000000e+00,-2.172267616484195862e+00,-1.057663809422624057e+00,-1.366917635565168210e+00,1.619520302869495554e+00,-2.157830414753449666e-01,-1.047347750049640647e+00,-7.200041419233935702e-01,-3.774647335768301359e-01,-4.668062001933125371e-01,-6.135093179742474589e-01,-7.167944361002790421e-01,-3.669621702617922865e-01,1.739375798511208382e+00,-5.183686688943279358e-02,-5.183686688943279358e-02,-7.051398600435393460e-01,-1.040941436780788015e-01,-2.030901712371240009e-02,-8.401389803667852485e-02,-3.271524934852403366e-01,-5.191945123345532709e-01,1.407679351095596942e+00,-5.752567881263277033e-02,-3.801429606348526863e-02,-1.147078669352808861e-01,-1.711160802546210780e-01,-7.340709118518067011e-02,-7.197411700355742237e-02,-1.244624194945742751e-01,-7.051263942166730025e-02,-2.872721242393142319e-02,-2.030901712371240009e-02,-2.019004323808653023e-01,-1.435916317235476011e-02,-1.435916317235476011e-02,-5.183686688943279358e-02,-3.801429606348527557e-02,-3.801429606348527557e-02,-1.558271304830920190e-01,-4.064318733121485144e-02,-8.148853797899899276e-02,-1.210011918676099085e-01,-5.569323991926412171e-02,-7.051263942166730025e-02,-4.979810447122927364e-02,-3.212131358814808435e-02,-2.030901712371240009e-02,-3.801429606348527557e-02,-6.749673070628271765e-02,-3.519076715388935045e-02,-1.435916317235476185e-02,-3.524455202264515918e-01,-3.753330286669139260e-01,-2.907009498669055336e-01,-4.311306135592269523e-02,-3.519076715388935045e-02,-3.801429606348527557e-02,-1.435916317235476011e-02,-1.286658602907498339e-01,-4.767312946227962589e-02,5.913962991410492975e-01,-2.487592975524973576e-02,-4.967123990818995694e-01,-1.786283982422259831e-01,-4.979810447122926670e-02,5.840947806181536750e-01,-2.030901712371240009e-02,-4.892821642774447533e-01,-1.767766952966368654e-01
-3.346465583528389076e-01,-5.537123258831522232e-01,1.953942567429912014e+00,7.082331122151057645e-01,-5.883402233564356820e-02,1.707061494824576586e-01,-4.966680157416004104e-01,1.810913805415002020e+00,-6.493539992246850634e-01,2.933182612032321668e+00,8.414777418280475763e-01,1.862399238684066816e-01,4.610912466535482812e-01,2.247295896860070363e-01,1.101360641729805412e+00,-1.496522300288474598e-02,-8.087874538665257296e-01,7.668639129487173633e-01,5.576771699193061593e-01,9.157720929190091841e-01,3.600260422021904771e-01,9.406936628861676253e-01,-4.147197185502737860e-01,1.021626265741282236e-01,4.696009580735226452e-01,2.261248592970551696e-01,-2.482415229036441240e-01,-1.983785344183122967e-01,7.133843836791426973e-01,8.800285873625066646e-01,3.643850632671082335e-01,0.000000000000000000e+00,0.000000000000000000e+00,5.339616623415676111e-01,4.160901802106137248e-01,4.230452339520751615e-01,-1.705600009052613331e+00,-1.643426663260601772e-01,-6.239662425401465429e-01,-9.555068114986333683e-01,-3.774647335768301359e-01,-4.668062001933125371e-01,3.184740958544813871e-01,4.569733905006030938e-01,9.137094037957288473e-01,-4.602362970513234064e-01,-5.183686688943279358e-02,-5.183686688943279358e-02,-7.051398600435393460e-01,-1.040941436780788015e-01,-2.030901712371240009e-02,-8.401389803667852485e-02,-3.271524934852403366e-01,-5.191945123345532709e-01,1.407679351095596942e+00,-5.752567881263277033e-02,-3.801429606348526863e-02,-1.147078669352808861e-01,-1.711160802546210780e-01,-7.340709118518067011e-02,-7.197411700355742237e-02,-1.244624194945742751e-01,-7.051263942166730025e-02,-2.872721242393142319e-02,-2.030901712371240009e-02,-2.019004323808653023e-01,-1.435916317235476011e-02,-1.435916317235476011e-02,-5.183686688943279358e-02,-3.801429606348527557e-02,-3.801429606348527557e-02,-1.558271304830920190e-01,-4.064318733121485144e-02,-8.148853797899899276e-02,-1.210011918676099085e-01,-5.569323991926412171e-02,-7.051263942166730025e-02,-4.979810447122927364e-02,-3.212131358814808435e-02,-2.030901712371240009e-02,-3.801429606348527557e-02,-6.749673070628271765e-02,-3.519076715388935045e-02,-1.435916317235476185e-02,-3.524455202264515918e-01,-3.753330286669139260e-01,-2.907009498669055336e-01,-4.311306135592269523e-02,-3.519076715388935045e-02,-3.801429606348527557e-02,-1.435916317235476011e-02,-1.286658602907498339e-01,-4.767312946227962589e-02,5.913962991410492975e-01,-2.487592975524973576e-02,-4.967123990818995694e-01,-1.786283982422259831e-01,-4.979810447122926670e-02,5.840947806181536750e-01,-2.030901712371240009e-02,-4.892821642774447533e-01,-1.767766952966368654e-01
5.013551703417499228e-01,-5.537123258831522232e-01,-5.507016019503075954e-01,-1.284019034700219164e+00,-9.198889835430558160e-01,-3.313655423434322955e-01,-4.966680157416004104e-01,-4.963069089824175273e-01,-6.493539992246850634e-01,-6.302706439077716549e-01,-1.468394436311788676e+00,-6.008461346790693741e-02,-6.752855653317514639e-02,4.436708438039608238e-01,1.101360641729805412e+00,-7.549048278533324607e-01,2.067092517690042597e-01,-7.743058287695619990e-01,-3.394012044759792679e-01,-9.643745224314707043e-01,3.600260422021904771e-01,-6.292804948981121915e-02,2.093831909415001302e+00,4.590728152541579732e+00,1.584917603172498746e+00,-3.632159839871641482e-01,-8.078231342445260088e-01,-1.773242088314630704e+00,-1.202811734101178587e+00,1.052305370142794017e+00,3.643850632671082335e-01,0.000000000000000000e+00,0.000000000000000000e+00,5.339616623415676111e-01,7.108409781372613256e-01,7.213723788716157603e-01,1.131128935928386481e+00,-9.506455436079845889e-01,-5.181208656627730447e-01,-2.489988027729138353e-01,-3.774647335768301359e-01,-4.668062001933125371e-01,-6.135093179742474589e-01,-1.655808697380984684e+00,-3.669621702617922865e-01,-4.602362970513234064e-01,-5.183686688943279358e-02,-5.183686688943279358e-02,1.418158377741196352e+00,-1.040941436780788015e-01,-2.030901712371240009e-02,-8.401389803667852485e-02,-3.271524934852403366e-01,-5.191945123345532709e-01,-7.103890521813077674e-01,-5.752567881263277033e-02,-3.801429606348526863e-02,-1.147078669352808861e-01,-1.711160802546210780e-01,-7.340709118518067011e-02,-7.197411700355742237e-02,-1.244624194945742751e-01,-7.051263942166730025e-02,-2.872721242393142319e-02,-2.030901712371240009e-02,-2.019004323808653023e-01,-1.435916317235476011e-02,-1.435916317235476011e-02,-5.183686688943279358e-02,-3.801429606348527557e-02,-3.801429606348527557e-02,-1.558271304830920190e-01,-4.064318733121485144e-02,-8.148853797899899276e-02,-1.210011918676099085e-01,-5.569323991926412171e-02,-7.051263942166730025e-02,-4.979810447122927364e-02,-3.212131358814808435e-02,-2.030901712371240009e-02,-3.801429606348527557e-02,-6.749673070628271765e-02,-3.519076715388935045e-02,-1.435916317235476185e-02,2.837317947345407543e+00,-3.753330286669139260e-01,-2.907009498669055336e-01,-4.311306135592269523e-02,-3.519076715388935045e-02,-3.801429606348527557e-02,-1.435916317235476011e-02,-1.286658602907498339e-01,-4.767312946227962589e-02,-1.690913523558418063e+00,-2.487592975524973576e-02,2.013237442528823973e+00,-1.786283982422259831e-01,-4.979810447122926670e-02,-1.712050908829709783e+00,-2.030901712371240009e-02,-4.892821642774447533e-01,-1.767766952966368654e-01
8.746942882016010001e-01,-5.537123258831522232e-01,-5.507016019503075954e-01,-2.878929612425566442e-01,-4.176069228387320198e-01,-2.596410149397337386e-01,1.677823450289539942e+00,-4.963069089824175273e-01,-6.493539992246850634e-01,-3.636176791775609651e-02,-1.426177451332731438e+00,9.252135358773474483e-01,3.755792196674604400e-01,-5.884807827521060242e-01,-1.761860997889140579e-01,-6.726893162032826501e-01,3.817364205139777145e+00,5.333533460217053657e-01,-8.074420954648238169e-01,-1.340403845501566771e+00,-6.362483984730694930e-02,1.879773786041834815e-01,-5.738725408683124085e-01,-9.240190207238405673e-01,-5.527726332672054932e-01,7.312741535406717119e-01,-3.601578451718204787e-01,4.500946936566423418e-01,6.457539324633667643e-01,3.201290433265728819e-01,-5.809668599935657873e-02,0.000000000000000000e+00,0.000000000000000000e+00,1.473574796521728292e-01,7.108409781372613256e-01,-1.736090558870059808e-01,-1.902004044015525697e+00,1.135689708441017104e-01,-6.239662425401465429e-01,-1.349613319767399566e-02,-3.774647335768301359e-01,-4.668062001933125371e-01,1.113666705592083056e-01,6.917269558207794766e-01,-3.669621702617922865e-01,-4.602362970513234064e-01,-5.183686688943279358e-02,-5.183686688943279358e-02,1.418158377741196352e+00,-1.040941436780788015e-01,-2.030901712371240009e-02,-8.401389803667852485e-02,-3.271524934852403366e-01,-5.191945123345532709e-01,-7.103890521813077674e-01,-5.752567881263277033e-02,-3.801429606348526863e-02,-1.147078669352808861e-01,-1.711160802546210780e-01,-7.340709118518067011e-02,-7.197411700355742237e-02,-1.244624194945742751e-01,-7.051263942166730025e-02,-2.872721242393142319e-02,-2.030901712371240009e-02,-2.019004323808653023e-01,-1.435916317235476011e-02,-1.435916317235476011e-02,-5.183686688943279358e-02,-3.801429606348527557e-02,-3.801429606348527557e-02,6.417367738851512016e+00,-4.064318733121485144e-02,-8.148853797899899276e-02,-1.210011918676099085e-01,-5.569323991926412171e-02,-7.051263942166730025e-02,-4.979810447122927364e-02,-3.212131358814808435e-02,-2.030901712371240009e-02,-3.801429606348527557e-02,-6.749673070628271765e-02,-3.519076715388935045e-02,-1.435916317235476185e-02,-3.524455202264515918e-01,-3.753330286669139260e-01,-2.907009498669055336e-01,-4.311306135592269523e-02,-3.519076715388935045e-02,-3.801429606348527557e-02,-1.435916317235476011e-02,-1.286658602907498339e-01,-4.767312946227962589e-02,5.913962991410492975e-01,-2.487592975524973576e-02,-4.967123990818995694e-01,-1.786283982422259831e-01,-4.979810447122926670e-02,5.840947806181536750e-01,-2.030901712371240009e-02,-4.892821642774447533e-01,-1.767766952966368654e-01
-4.384896455681847743e-02,4.047385190264539689e-01,-5.507016019503075954e-01,-2.878929612425566442e-01,-2.023431825368789405e-01,-6.541259156600758295e-01,1.677823450289539942e+00,6.573034482162921632e-01,5.168867450326074531e-01,-6.302706439077716549e-01,4.916798662872890469e-01,-5.527336881405341407e-01,-4.950886914636129510e-01,-5.181068082141924158e-01,-9.062128092281823699e-01,8.894054051476624201e-01,-1.895668281666913063e-02,-7.377412798852590881e-02,1.439154181281630418e+00,4.979617339522358077e-01,-4.872757218968044035e-01,-6.292804948981121915e-02,-2.631456020569035714e-01,-1.276524166742226685e+00,-5.527726332672054932e-01,-3.632159839871641482e-01,9.828380220462961114e-01,-1.773242088314630704e+00,-1.202811734101178587e+00,-2.828396964044327944e-01,-4.805784352658213909e-01,0.000000000000000000e+00,0.000000000000000000e+00,-2.392467030372219805e-01,-1.057663809422624057e+00,-1.736090558870059808e-01,-1.182510595934723074e+00,3.540632288999367300e-02,1.704632048762071195e+00,1.870525223404244874e+00,-3.774647335768301359e-01,-4.668062001933125371e-01,-5.099556053266109945e-01,-1.253374013974976713e-02,-3.669621702617922865e-01,-4.602362970513234064e-01,-5.183686688943279358e-02,-5.183686688943279358e-02,-7.051398600435393460e-01,-1.040941436780788015e-01,-2.030901712371240009e-02,-8.401389803667852485e-02,-3.271524934852403366e-01,1.926060419058570616e+00,-7.103890521813077674e-01,-5.752567881263277033e-02,-3.801429606348526863e-02,-1.147078669352808861e-01,-1.711160802546210780e-01,-7.340709118518067011e-02,-7.197411700355742237e-02,-1.244624194945742751e-01,-7.051263942166730025e-02,-2.872721242393142319e-02,-2.030901712371240009e-02,-2.019004323808653023e-01,-1.435916317235476011e-02,-1.435916317235476011e-02,-5.183686688943279358e-02,-3.801429606348527557e-02,-3.801429606348527557e-02,-1.558271304830920190e-01,-4.064318733121485144e-02,-8.148853797899899276e-02,-1.210011918676099085e-01,-5.569323991926412171e-02,-7.051263942166730025e-02,-4.979810447122927364e-02,-3.212131358814808435e-02,-2.030901712371240009e-02,-3.801429606348527557e-02,-6.749673070628271765e-02,-3.519076715388935045e-02,-1.435916317235476185e-02,-3.524455202264515918e-01,-3.753330286669139260e-01,3.439961240091715222e+00,-4.311306135592269523e-02,-3.519076715388935045e-02,-3.801429606348527557e-02,-1.435916317235476011e-02,-1.286658602907498339e-01,-4.767312946227962589e-02,5.913962991410492975e-01,-2.487592975524973576e-02,-4.967123990818995694e-01,-1.786283982422259831e-01,-4.979810447122926670e-02,5.840947806181536750e-01,-2.030901712371240009e-02,-4.892821642774447533e-01,-1.767766952966368654e-01
-1.674131298387452338e-01,-5.537123258831522232e-01,-5.507016019503075954e-01,2.700485259130430471e+00,4.892232004606976048e+00,7.803646324138955315e-01,-4.966680157416004104e-01,-4.963069089824175273e-01,-6.623362709603883292e-02,-3.636176791775609651e-02,8.414777418280475763e-01,-3.064091508042205425e-01,-6.661127454357883559e-01,6.313347759050637054e-01,-8.493276110900550846e-02,6.427588701975132102e-01,2.067092517690042597e-01,4.399491192509005222e-01,7.370928447983632337e-01,2.472755185721718374e-01,-6.362483984730694930e-02,-6.292804948981121915e-02,3.658869813905820667e-01,-9.475193637917329603e-01,1.399031495656002821e+00,-5.315990820683696993e-01,3.113400884372377608e-01,1.005928889149460659e+00,2.625147089073024409e-01,4.062674347167165023e-01,-5.809668599935657873e-02,0.000000000000000000e+00,0.000000000000000000e+00,1.473574796521728292e-01,-4.681622135693289666e-01,1.247180890325345903e-01,7.316586759483102720e-02,-8.784954070349617616e-01,1.169513956014681527e-01,4.575092059528056976e-01,-3.774647335768301359e-01,-4.668062001933125371e-01,-9.574075473606477593e-02,-7.167944361002790421e-01,9.137094037957288473e-01,-4.602362970513234064e-01,-5.183686688943279358e-02,-5.183686688943279358e-02,-7.051398600435393460e-01,-1.040941436780788015e-01,-2.030901712371240009e-02,-8.401389803667852485e-02,3.056678521220304923e+00,-5.191945123345532709e-01,-7.103890521813077674e-01,-5.752567881263277033e-02,-3.801429606348526863e-02,-1.147078669352808861e-01,-1.711160802546210780e-01,-7.340709118518067011e-02,-7.197411700355742237e-02,-1.244624194945742751e-01,-7.051263942166730025e-02,-2.872721242393142319e-02,-2.030901712371240009e-02,-2.019004323808653023e-01,-1.435916317235476011e-02,-1.435916317235476011e-02,-5.183686688943279358e-02,-3.801429606348527557e-02,-3.801429606348527557e-02,-1.558271304830920190e-01,-4.064318733121485144e-02,-8.148853797899899276e-02,-1.210011918676099085e-01,-5.569323991926412171e-02,-7.051263942166730025e-02,-4.979810447122927364e-02,-3.212131358814808435e-02,-2.030901712371240009e-02,-3.801429606348527557e-02,-6.749673070628271765e-02,-3.519076715388935045e-02,-1.435916317235476185e-02,-3.524455202264515918e-01,-3.753330286669139260e-01,-2.907009498669055336e-01,-4.311306135592269523e-02,-3.519076715388935045e-02,-3.801429606348527557e-02,-1.435916317235476011e-02,-1.286658602907498339e-01,-4.767312946227962589e-02,-1.690913523558418063e+00,-2.487592975524973576e-02,2.013237442528823973e+00,-1.786283982422259831e-01,-4.979810447122926670e-02,-1.712050908829709783e+00,-2.030901712371240009e-02,-4.892821642774447533e-01,5.656854249492379694e+00
7.049796515493159665e-01,-5.537123258831522232e-01,1.453013733553867981e+00,7.082331122151057645e-01,1.555644029928254346e+00,1.641058961258278215e+00,-4.966680157416004104e-01,-4.963069089824175273e-01,-6.493539992246850634e-01,1.745364860052290412e+00,8.414777418280475763e-01,-6.008461346790693741e-02,7.875917133277008375e-01,5.687801318713630039e-01,5.538406096503543097e-01,-6.726893162032826501e-01,2.067092517690042597e-01,-1.801752323248414722e+00,-1.236479578871264806e+00,-1.256841773708212040e+00,-4.872757218968044035e-01,-6.292804948981121915e-02,1.078285328909421859e+00,2.196643419135902164e-01,9.782874304053058856e-02,-2.644978782475312235e-02,-2.440887836729143182e-02,9.132898565673241986e-01,6.983553945200813295e-01,8.800285873625066646e-01,-4.805784352658213909e-01,0.000000000000000000e+00,0.000000000000000000e+00,-2.392467030372219805e-01,4.160901802106137248e-01,-4.719362008065465242e-01,1.005430353552122513e+00,-9.018773957391821305e-01,-1.047347750049640647e+00,-9.555068114986333683e-01,-3.774647335768301359e-01,-4.668062001933125371e-01,-1.027724168564793761e+00,-1.186301566740631808e+00,-3.669621702617922865e-01,-4.602362970513234064e-01,-5.183686688943279358e-02,-5.183686688943279358e-02,-7.051398600435393460e-01,-1.040941436780788015e-01,-2.030901712371240009e-02,-8.401389803667852485e-02,-3.271524934852403366e-01,-5.191945123345532709e-01,1.407679351095596942e+00,-5.752567881263277033e-02,-3.801429606348526863e-02,-1.147078669352808861e-01,-1.711160802546210780e-01,-7.340709118518067011e-02,-7.197411700355742237e-02,-1.244624194945742751e-01,-7.051263942166730025e-02,-2.872721242393142319e-02,-2.030901712371240009e-02,-2.019004323808653023e-01,-1.435916317235476011e-02,-1.435916317235476011e-02,-5.183686688943279358e-02,-3.801429606348527557e-02,-3.801429606348527557e-02,-1.558271304830920190e-01,-4.064318733121485144e-02,-8.148853797899899276e-02,-1.210011918676099085e-01,-5.569323991926412171e-02,-7.051263942166730025e-02,-4.979810447122927364e-02,-3.212131358814808435e-02,-2.030901712371240009e-02,-3.801429606348527557e-02,-6.749673070628271765e-02,-3.519076715388935045e-02,-1.435916317235476185e-02,-3.524455202264515918e-01,-3.753330286669139260e-01,-2.907009498669055336e-01,-4.311306135592269523e-02,-3.519076715388935045e-02,-3.801429606348527557e-02,-1.435916317235476011e-02,-1.286658602907498339e-01,-4.767312946227962589e-02,5.913962991410492975e-01,-2.487592975524973576e-02,-4.967123990818995694e-01,-1.786283982422259831e-01,-4.979810447122926670e-02,5.840947806181536750e-01,-2.030901712371240009e-02,-4.892821642774447533e-01,-1.767766952966368654e-01
-3.557827076284747481e-02,-5.537123258831522232e-01,-4.977276807426366662e-02,-1.284019034700219164e+00,-7.763798233418204298e-01,2.065684131843069371e-01,-4.966680157416004104e-01,6.573034482162921632e-01,-6.493539992246850634e-01,-6.302706439077716549e-01,2.926569371003057141e-01,-1.045382762813161337e+00,1.246247130798534108e+00,2.142699657647886835e-02,-9.974661479080908499e-01,6.725028864716499355e-02,-3.574555846951790183e-01,2.531406657092908907e-01,6.902887556994790064e-01,3.837033908878519084e-02,-1.052143564629467676e+00,-5.647389056778006067e-01,6.084055677799744544e-01,6.348370694463559838e-01,-5.527726332672054932e-01,3.103164083376579452e-01,-1.363252006354677692e-01,3.111361447834378180e-01,-1.056955254897004731e-01,1.482997327093512396e+00,-1.043887434287774418e+00,0.000000000000000000e+00,0.000000000000000000e+00,-1.012455068416011628e+00,-1.352414607349271769e+00,-1.366917635565168210e+00,7.939686759087200008e-01,-1.225884953497664132e+00,8.578690337430828761e-01,1.635022553829005076e+00,-3.774647335768301359e-01,-4.668062001933125371e-01,1.871779785569029464e+00,2.222198251804266556e-01,-3.669621702617922865e-01,1.739375798511208382e+00,-5.183686688943279358e-02,-5.183686688943279358e-02,-7.051398600435393460e-01,-1.040941436780788015e-01,-2.030901712371240009e-02,-8.401389803667852485e-02,-3.271524934852403366e-01,1.926060419058570616e+00,-7.103890521813077674e-01,-5.752567881263277033e-02,-3.801429606348526863e-02,-1.147078669352808861e-01,-1.711160802546210780e-01,-7.340709118518067011e-02,-7.197411700355742237e-02,-1.244624194945742751e-01,-7.051263942166730025e-02,-2.872721242393142319e-02,-2.030901712371240009e-02,-2.019004323808653023e-01,-1.435916317235476011e-02,-1.435916317235476011e-02,-5.183686688943279358e-02,-3.801429606348527557e-02,-3.801429606348527557e-02,-1.558271304830920190e-01,-4.064318733121485144e-02,-8.148853797899899276e-02,-1.210011918676099085e-01,-5.569323991926412171e-02,-7.051263942166730025e-02,-4.979810447122927364e-02,-3.212131358814808435e-02,-2.030901712371240009e-02,-3.801429606348527557e-02,-6.749673070628271765e-02,-3.519076715388935045e-02,-1.435916317235476185e-02,-3.524455202264515918e-01,-3.753330286669139260e-01,3.439961240091715222e+00,-4.311306135592269523e-02,-3.519076715388935045e-02,-3.801429606348527557e-02,-1.435916317235476011e-02,-1.286658602907498339e-01,-4.767312946227962589e-02,5.913962991410492975e-01,-2.487592975524973576e-02,-4.967123990818995694e-01,-1.786283982422259831e-01,-4.979810447122926670e-02,5.840947806181536750e-01,-2.030901712371240009e-02,-4.892821642774447533e-01,-1.767766952966368654e-01
3.885797338289154190e-02,-5.537123258831522232e-01,-5.507016019503075954e-01,7.082331122151057645e-01,1.232748419475474755e+00,1.569334433854579824e+00,-4.966680157416004104e-01,-4.963069089824175273e-01,-6.493539992246850634e-01,-6.302706439077716549e-01,8.414777418280475763e-01,-2.030680912158415730e+00,6.554367625310201229e-01,1.053578623132545689e+00,2.800805936106286476e-01,3.961123352473639447e-01,-8.087874538665257296e-01,-6.341994886133547338e-01,-8.620468660801889893e-01,1.166458308299073154e+00,-1.052143564629467676e+00,-1.317455189959784834e+00,2.143128648972121852e-01,3.528329526316471565e-01,4.696009580735226452e-01,6.470826045000689364e-01,1.994237661690613783e-01,-4.762956321647214275e-01,-3.311303628756206985e-01,3.201290433265728819e-01,-1.043887434287774418e+00,0.000000000000000000e+00,0.000000000000000000e+00,-2.172267616484195862e+00,-1.647165405275919259e+00,-1.068590490645627611e+00,7.232632233220714912e-01,-5.304378037521387812e-01,-8.356569962948936503e-01,-9.555068114986333683e-01,9.257960654133498002e-01,-4.668062001933125371e-01,-9.241704559171570743e-01,2.222198251804266556e-01,-3.669621702617922865e-01,-4.602362970513234064e-01,-5.183686688943279358e-02,-5.183686688943279358e-02,-7.051398600435393460e-01,-1.040941436780788015e-01,-2.030901712371240009e-02,-8.401389803667852485e-02,3.056678521220304923e+00,-5.191945123345532709e-01,-7.103890521813077674e-01,-5.752567881263277033e-02,-3.801429606348526863e-02,-1.147078669352808861e-01,-1.711160802546210780e-01,-7.340709118518067011e-02,-7.197411700355742237e-02,-1.244624194945742751e-01,-7.051263942166730025e-02,-2.872721242393142319e-02,-2.030901712371240009e-02,-2.019004323808653023e-01,-1.435916317235476011e-02,-1.435916317235476011e-02,-5.183686688943279358e-02,-3.801429606348527557e-02,-3.801429606348527557e-02,-1.558271304830920190e-01,-4.064318733121485144e-02,-8.148853797899899276e-02,-1.210011918676099085e-01,-5.569323991926412171e-02,-7.051263942166730025e-02,-4.979810447122927364e-02,-3.212131358814808435e-02,-2.030901712371240009e-02,-3.801429606348527557e-02,-6.749673070628271765e-02,-3.519076715388935045e-02,-1.435916317235476185e-02,-3.524455202264515918e-01,-3.753330286669139260e-01,-2.907009498669055336e-01,-4.311306135592269523e-02,-3.519076715388935045e-02,-3.801429606348527557e-02,-1.435916317235476011e-02,-1.286658602907498339e-01,-4.767312946227962589e-02,5.913962991410492975e-01,-2.487592975524973576e-02,-4.967123990818995694e-01,-1.786283982422259831e-01,-4.979810447122926670e-02,5.840947806181536750e-01,-2.030901712371240009e-02,-4.892821642774447533e-01,-1.767766952966368654e-01
1.012649460685037361e+00,-5.537123258831522232e-01,-5.507016019503075954e-01,-1.284019034700219164e+00,-9.198889835430558160e-01,-5.824013882563773281e-01,-4.966680157416004104e-01,-4.963069089824175273e-01,-6.493539992246850634e-01,-6.302706439077716549e-01,-1.287464500687258484e+00,-3.064091508042205425e-01,7.642702514224040122e-01,3.498388777534092164e-01,9.188539643699884518e-01,-6.726893162032826501e-01,-8.087874538665257296e-01,-2.605825815301355264e-01,-7.294352803000163643e-01,-2.958779480846334686e-01,-4.872757218968044035e-01,1.879773786041834815e-01,4.568314512866042398e-01,-3.208435486479352394e-01,-8.316017945419494906e-01,-2.644978782475312235e-02,8.750744390088503744e-02,1.005928889149460659e+00,-6.392246406363781830e-01,3.201290433265728819e-01,-4.805784352658213909e-01,0.000000000000000000e+00,0.000000000000000000e+00,-2.392467030372219805e-01,1.213393822839661657e-01,-1.736090558870059808e-01,-2.548288707932328534e-01,-6.633811109561345010e-01,-9.415023731722672595e-01,-9.555068114986333683e-01,-3.774647335768301359e-01,-4.668062001933125371e-01,-1.992944673837013236e-01,-7.167944361002790421e-01,-3.669621702617922865e-01,-4.602362970513234064e-01,-5.183686688943279358e-02,-5.183686688943279358e-02,1.418158377741196352e+00,-1.040941436780788015e-01,-2.030901712371240009e-02,-8.401389803667852485e-02,-3.271524934852403366e-01,-5.191945123345532709e-01,-7.103890521813077674e-01,-5.752567881263277033e-02,-3.801429606348526863e-02,-1.147078669352808861e-01,-1.711160802546210780e-01,-7.340709118518067011e-02,-7.197411700355742237e-02,-1.244624194945742751e-01,-7.051263942166730025e-02,-2.872721242393142319e-02,-2.030901712371240009e-02,-2.019004323808653023e-01,-1.435916317235476011e-02,-1.435916317235476011e-02,-5.183686688943279358e-02,-3.801429606348527557e-02,-3.801429606348527557e-02,-1.558271304830920190e-01,-4.064318733121485144e-02,-8.148853797899899276e-02,-1.210011918676099085e-01,-5.569323991926412171e-02,-7.051263942166730025e-02,-4.979810447122927364e-02,-3.212131358814808435e-02,-2.030901712371240009e-02,-3.801429606348527557e-02,-6.749673070628271765e-02,-3.519076715388935045e-02,-1.435916317235476185e-02,2.837317947345407543e+00,-3.753330286669139260e-01,-2.907009498669055336e-01,-4.311306135592269523e-02,-3.519076715388935045e-02,-3.801429606348527557e-02,-1.435916317235476011e-02,-1.286658602907498339e-01,-4.767312946227962589e-02,-1.690913523558418063e+00,-2.487592975524973576e-02,-4.967123990818995694e-01,5.598214000911362120e+00,-4.979810447122926670e-02,5.840947806181536750e-01,-2.030901712371240009e-02,-4.892821642774447533e-01,-1.767766952966368654e-01
-8.097152098785331820e-01,-5.537123258831522232e-01,-5.507016019503075954e-01,-1.284019034700219164e+00,-9.198889835430558160e-01,-7.258504430637744420e-01,-4.966680157416004104e-01,-4.963069089824175273e-01,-6.493539992246850634e-01,-6.302706439077716549e-01,4.615248770165341075e-01,-7.990582254768477943e-01,2.978410133164720031e-01,1.699942761565187699e-01,-1.271226163947816401e+00,1.300482963397911140e+00,-6.959544865736890795e-01,-2.605825815301355264e-01,-1.010259814893323060e+00,1.166458308299073154e+00,-1.052143564629467676e+00,-3.138334775838059199e-01,2.370489823712175481e-01,-6.233977490111865249e-02,-3.668865257507094579e-01,7.312741535406717119e-01,-2.482415229036441240e-01,-1.773242088314630704e+00,-1.202811734101178587e+00,2.339906519364291781e-01,-1.043887434287774418e+00,0.000000000000000000e+00,0.000000000000000000e+00,-1.012455068416011628e+00,-1.057663809422624057e+00,-1.068590490645627611e+00,1.817273780521552404e-02,1.459703463387073352e+00,5.403329031109622704e-01,1.399519884253765056e+00,9.257960654133498002e-01,-4.668062001933125371e-01,1.043350084387937082e+00,1.161234086461132353e+00,-3.669621702617922865e-01,-4.602362970513234064e-01,-5.183686688943279358e-02,-5.183686688943279358e-02,1.418158377741196352e+00,-1.040941436780788015e-01,-2.030901712371240009e-02,-8.401389803667852485e-02,-3.271524934852403366e-01,-5.191945123345532709e-01,-7.103890521813077674e-01,-5.752567881263277033e-02,-3.801429606348526863e-02,-1.147078669352808861e-01,-1.711160802546210780e-01,-7.340709118518067011e-02,-7.197411700355742237e-02,-1.244624194945742751e-01,-7.051263942166730025e-02,-2.872721242393142319e-02,-2.030901712371240009e-02,-2.019004323808653023e-01,-1.435916317235476011e-02,-1.435916317235476011e-02,-5.183686688943279358e-02,-3.801429606348527557e-02,-3.801429606348527557e-02,-1.558271304830920190e-01,-4.064318733121485144e-02,-8.148853797899899276e-02,-1.210011918676099085e-01,-5.569323991926412171e-02,-7.051263942166730025e-02,-4.979810447122927364e-02,-3.212131358814808435e-02,-2.030901712371240009e-02,-3.801429606348527557e-02,-6.749673070628271765e-02,-3.519076715388935045e-02,-1.435916317235476185e-02,2.837317947345407543e+00,-3.753330286669139260e-01,-2.907009498669055336e-01,-4.311306135592269523e-02,-3.519076715388935045e-02,-3.801429606348527557e-02,-1.435916317235476011e-02,-1.286658602907498339e-01,-4.767312946227962589e-02,5.913962991410492975e-01,-2.487592975524973576e-02,-4.967123990818995694e-01,-1.786283982422259831e-01,-4.979810447122926670e-02,5.840947806181536750e-01,-2.030901712371240009e-02,-4.892821642774447533e-01,-1.767766952966368654e-01
-8.729033104644716712e-01,-5.537123258831522232e-01,-5.507016019503075954e-01,-1.284019034700219164e+00,-6.328706631405850436e-01,-1.879164875360351816e-01,-4.966680157416004104e-01,-4.963069089824175273e-01,-6.493539992246850634e-01,-6.302706439077716549e-01,-7.084887066887615159e-01,-6.008461346790693741e-02,-2.042078997848288502e+00,-2.340010815695734880e+00,-3.826319646985255396e+00,-3.438272696030836850e-01,-8.087874538665257296e-01,-1.801752323248414722e+00,-1.236479578871264806e+00,-2.384929742918500128e+00,9.248938849348538049e-01,-1.317455189959784834e+00,6.993500376759965720e-01,1.762853536705191848e+00,-1.810004182342134504e-01,1.419333102564523941e-01,-1.363252006354677692e-01,1.005928889149460659e+00,-8.120580159655836905e-01,5.354750218019320718e-01,-1.043887434287774418e+00,0.000000000000000000e+00,0.000000000000000000e+00,-1.012455068416011628e+00,1.213393822839661657e-01,-2.261899070323790006e+00,5.173778655581669383e+00,-9.025454525593027411e-01,-1.788265388191255578e+00,-1.426512150649113186e+00,-3.774647335768301359e-01,-4.668062001933125371e-01,1.354011222330846920e+00,2.222198251804266556e-01,-3.669621702617922865e-01,-4.602362970513234064e-01,-5.183686688943279358e-02,-5.183686688943279358e-02,1.418158377741196352e+00,-1.040941436780788015e-01,-2.030901712371240009e-02,-8.401389803667852485e-02,-3.271524934852403366e-01,-5.191945123345532709e-01,-7.103890521813077674e-01,-5.752567881263277033e-02,-3.801429606348526863e-02,-1.147078669352808861e-01,-1.711160802546210780e-01,-7.340709118518067011e-02,-7.197411700355742237e-02,-1.244624194945742751e-01,-7.051263942166730025e-02,-2.872721242393142319e-02,-2.030901712371240009e-02,-2.019004323808653023e-01,-1.435916317235476011e-02,-1.435916317235476011e-02,-5.183686688943279358e-02,-3.801429606348527557e-02,-3.801429606348527557e-02,-1.558271304830920190e-01,-4.064318733121485144e-02,-8.148853797899899276e-02,-1.210011918676099085e-01,-5.569323991926412171e-02,-7.051263942166730025e-02,-4.979810447122927364e-02,-3.212131358814808435e-02,-2.030901712371240009e-02,-3.801429606348527557e-02,-6.749673070628271765e-02,-3.519076715388935045e-02,-1.435916317235476185e-02,2.837317947345407543e+00,-3.753330286669139260e-01,-2.907009498669055336e-01,-4.311306135592269523e-02,-3.519076715388935045e-02,-3.801429606348527557e-02,-1.435916317235476011e-02,-1.286658602907498339e-01,-4.767312946227962589e-02,5.913962991410492975e-01,-2.487592975524973576e-02,-4.967123990818995694e-01,-1.786283982422259831e-01,-4.979810447122926670e-02,5.840947806181536750e-01,-2.030901712371240009e-02,-4.892821642774447533e-01,-1.767766952966368654e-01
-5.834290276754866555e-01,-5.537123258831522232e-01,9.520848996778241702e-01,7.082331122151057645e-01,-3.817296327884231455e-01,-2.955032786415830448e-01,-4.966680157416004104e-01,1.810913805415002020e+00,-6.623362709603883292e-02,1.151455984062275117e+00,-7.265817002512147127e-01,-7.990582254768477943e-01,-6.194698216251950385e-01,-5.884807827521060242e-01,1.888272549307201120e-01,-3.438272696030836850e-01,-8.087874538665257296e-01,-5.874973752279523120e-01,-1.131814404980377026e-01,3.837033908878519084e-02,-7.697096432631360674e-01,4.388828066981781961e-01,2.109101806493844308e-03,8.649573119553326250e-02,6.554870655900186804e-01,-1.106413368653558910e-01,2.325833889264412591e+00,2.184971122013014133e-01,9.989351777013084632e-01,1.478522605462855299e-01,-4.805784352658213909e-01,0.000000000000000000e+00,0.000000000000000000e+00,-6.258508857266168457e-01,-7.629130114959765674e-01,-1.736090558870059808e-01,-1.147157869641398653e+00,-1.330769874256595431e+00,-9.415023731722672595e-01,-2.489988027729138353e-01,-3.774647335768301359e-01,-4.668062001933125371e-01,8.362426590926641534e-01,2.222198251804266556e-01,-3.669621702617922865e-01,1.739375798511208382e+00,-5.183686688943279358e-02,-5.183686688943279358e-02,-7.051398600435393460e-01,-1.040941436780788015e-01,-2.030901712371240009e-02,-8.401389803667852485e-02,-3.271524934852403366e-01,1.926060419058570616e+00,-7.103890521813077674e-01,-5.752567881263277033e-02,-3.801429606348526863e-02,-1.147078669352808861e-01,-1.711160802546210780e-01,-7.340709118518067011e-02,-7.197411700355742237e-02,-1.244624194945742751e-01,-7.051263942166730025e-02,-2.872721242393142319e-02,-2.030901712371240009e-02,-2.019004323808653023e-01,-1.435916317235476011e-02,-1.435916317235476011e-02,-5.183686688943279358e-02,-3.801429606348527557e-02,-3.801429606348527557e-02,-1.558271304830920190e-01,-4.064318733121485144e-02,-8.148853797899899276e-02,-1.210011918676099085e-01,-5.569323991926412171e-02,-7.051263942166730025e-02,-4.979810447122927364e-02,-3.212131358814808435e-02,-2.030901712371240009e-02,-3.801429606348527557e-02,-6.749673070628271765e-02,-3.519076715388935045e-02,-1.435916317235476185e-02,-3.524455202264515918e-01,-3.753330286669139260e-01,-2.907009498669055336e-01,-4.311306135592269523e-02,-3.519076715388935045e-02,-3.801429606348527557e-02,-1.435916317235476011e-02,7.772069434271623223e+00,-4.767312946227962589e-02,5.913962991410492975e-01,-2.487592975524973576e-02,-4.967123990818995694e-01,-1.786283982422259831e-01,-4.979810447122926670e-02,5.840947806181536750e-01,-2.030901712371240009e-02,-4.892821642774447533e-01,-1.767766952966368654e-01
5.580921297683910653e-01,8.839639414812570095e-01,-5.507016019503075954e-01,2.700485259130430471e+00,3.313631242393387577e+00,-4.446743272863804691e-02,-4.966680157416004104e-01,1.810913805415002020e+00,4.015608977804484780e+00,-6.302706439077716549e-01,8.414777418280475763e-01,-5.527336881405341407e-01,-9.615179295695454043e-01,-4.894697796143467755e-02,2.800805936106286476e-01,7.249743818475629098e-01,9.387628447616762351e-02,2.998427790946933125e-01,6.356839850841136119e-01,2.472755185721718374e-01,-6.362483984730694930e-02,9.406936628861676253e-01,5.023036862346152986e-01,1.308513570725938546e+00,1.907717967987786201e-01,-2.644978782475312235e-02,7.590053775099431244e-01,-3.836565995825850228e-01,-3.236158682960900146e-01,-4.981856748797919843e-01,-5.809668599935657873e-02,0.000000000000000000e+00,0.000000000000000000e+00,-2.392467030372219805e-01,-4.681622135693289666e-01,4.230452339520751615e-01,-1.749578965749817860e-01,-5.217530650905712886e-01,5.403329031109622704e-01,-4.845014723481537167e-01,-3.774647335768301359e-01,-4.668062001933125371e-01,2.149203832068448394e-01,9.264805211409559149e-01,-3.669621702617922865e-01,-4.602362970513234064e-01,-5.183686688943279358e-02,-5.183686688943279358e-02,-7.051398600435393460e-01,-1.040941436780788015e-01,-2.030901712371240009e-02,-8.401389803667852485e-02,-3.271524934852403366e-01,-5.191945123345532709e-01,1.407679351095596942e+00,-5.752567881263277033e-02,-3.801429606348526863e-02,-1.147078669352808861e-01,-1.711160802546210780e-01,-7.340709118518067011e-02,-7.197411700355742237e-02,-1.244624194945742751e-01,-7.051263942166730025e-02,-2.872721242393142319e-02,-2.030901712371240009e-02,-2.019004323808653023e-01,-1.435916317235476011e-02,-1.435916317235476011e-02,-5.183686688943279358e-02,-3.801429606348527557e-02,-3.801429606348527557e-02,-1.558271304830920190e-01,-4.064318733121485144e-02,-8.148853797899899276e-02,-1.210011918676099085e-01,-5.569323991926412171e-02,-7.051263942166730025e-02,-4.979810447122927364e-02,-3.212131358814808435e-02,-2.030901712371240009e-02,-3.801429606348527557e-02,-6.749673070628271765e-02,-3.519076715388935045e-02,-1.435916317235476185e-02,-3.524455202264515918e-01,-3.753330286669139260e-01,-2.907009498669055336e-01,-4.311306135592269523e-02,-3.519076715388935045e-02,-3.801429606348527557e-02,-1.435916317235476011e-02,-1.286658602907498339e-01,-4.767312946227962589e-02,-1.690913523558418063e+00,-2.487592975524973576e-02,2.013237442528823973e+00,-1.786283982422259831e-01,-4.979810447122926670e-02,-1.712050908829709783e+00,-2.030901712371240009e-02,2.043810449286999731e+00,-1.767766952966368654e-01
-9.939862676082071857e-01,-7.448690342834912714e-02,-5.507016019503075954e-01,7.082331122151057645e-01,6.112059866317476775e+00,1.712783488661976827e+00,-4.966680157416004104e-01,-4.963069089824175273e-01,-6.623362709603883292e-02,-6.302706439077716549e-01,8.414777418280475763e-01,-1.291707300149474991e+00,7.564964307873053295e-01,2.859843969605663450e+00,3.713339322905371831e-01,6.427588701975132102e-01,-8.087874538665257296e-01,8.602681397195220958e-01,-9.400536812449963309e-01,9.993341647123638039e-01,-1.052143564629467676e+00,-1.568360618053779465e+00,4.079452835478149630e+00,3.595880296000799614e+00,-1.810004182342134504e-01,-2.790244349465614282e-01,-8.078231342445260088e-01,-1.773242088314630704e+00,-1.202811734101178587e+00,2.339906519364291781e-01,-1.043887434287774418e+00,0.000000000000000000e+00,0.000000000000000000e+00,-2.172267616484195862e+00,-1.647165405275919259e+00,-4.719362008065465242e-01,-2.928003175527292834e-01,4.582862900263217631e-01,-9.473935815327891308e-02,-7.200041419233935702e-01,-3.774647335768301359e-01,1.696017942249628430e+00,-8.206167432695206099e-01,-1.253374013974976713e-02,9.137094037957288473e-01,-4.602362970513234064e-01,-5.183686688943279358e-02,-5.183686688943279358e-02,-7.051398600435393460e-01,-1.040941436780788015e-01,-2.030901712371240009e-02,-8.401389803667852485e-02,-3.271524934852403366e-01,-5.191945123345532709e-01,1.407679351095596942e+00,-5.752567881263277033e-02,-3.801429606348526863e-02,-1.147078669352808861e-01,-1.711160802546210780e-01,-7.340709118518067011e-02,-7.197411700355742237e-02,-1.244624194945742751e-01,-7.051263942166730025e-02,-2.872721242393142319e-02,-2.030901712371240009e-02,-2.019004323808653023e-01,-1.435916317235476011e-02,-1.435916317235476011e-02,-5.183686688943279358e-02,-3.801429606348527557e-02,-3.801429606348527557e-02,-1.558271304830920190e-01,-4.064318733121485144e-02,-8.148853797899899276e-02,-1.210011918676099085e-01,-5.569323991926412171e-02,-7.051263942166730025e-02,-4.979810447122927364e-02,-3.212131358814808435e-02,-2.030901712371240009e-02,-3.801429606348527557e-02,-6.749673070628271765e-02,-3.519076715388935045e-02,-1.435916317235476185e-02,-3.524455202264515918e-01,-3.753330286669139260e-01,-2.907009498669055336e-01,-4.311306135592269523e-02,-3.519076715388935045e-02,-3.801429606348527557e-02,-1.435916317235476011e-02,-1.286658602907498339e-01,-4.767312946227962589e-02,5.913962991410492975e-01,-2.487592975524973576e-02,-4.967123990818995694e-01,-1.786283982422259831e-01,-4.979810447122926670e-02,5.840947806181536750e-01,-2.030901712371240009e-02,-4.892821642774447533e-01,-1.767766952966368654e-01
5.013551703417499228e-01,-5.537123258831522232e-01,-5.507016019503075954e-01,-2.878929612425566442e-01,-5.883402233564356820e-02,7.086401050101969190e-01,-4.966680157416004104e-01,-4.963069089824175273e-01,-6.493539992246850634e-01,-6.302706439077716549e-01,-1.536369041068687546e-01,6.788889985410339056e-01,8.964252022190848379e-01,7.955407164935289765e-01,6.320577570903027943e-03,4.783278468974136999e-01,-6.959544865736890795e-01,3.465448924800957342e-01,-8.776482291131505464e-01,9.575531288156864385e-01,-4.872757218968044035e-01,-6.292804948981121915e-02,-2.631456020569035714e-01,7.366718894072233903e-01,5.625440118317706073e-01,4.786995064188634408e-01,8.750744390088503744e-02,-3.373370832915168482e-01,-8.007095955801646694e-03,1.009236174447722290e+00,-4.805784352658213909e-01,0.000000000000000000e+00,0.000000000000000000e+00,-2.392467030372219805e-01,1.213393822839661657e-01,-1.736090558870059808e-01,3.206349516481007966e-01,-4.729849172217688302e-01,2.227967724788416926e-01,-1.349613319767399566e-02,-3.774647335768301359e-01,-4.668062001933125371e-01,-1.992944673837013236e-01,-7.167944361002790421e-01,9.137094037957288473e-01,-4.602362970513234064e-01,-5.183686688943279358e-02,-5.183686688943279358e-02,1.418158377741196352e+00,-1.040941436780788015e-01,-2.030901712371240009e-02,-8.401389803667852485e-02,-3.271524934852403366e-01,-5.191945123345532709e-01,-7.103890521813077674e-01,-5.752567881263277033e-02,-3.801429606348526863e-02,-1.147078669352808861e-01,-1.711160802546210780e-01,-7.340709118518067011e-02,-7.197411700355742237e-02,-1.244624194945742751e-01,1.418185460368283479e+01,-2.872721242393142319e-02,-2.030901712371240009e-02,-2.019004323808653023e-01,-1.435916317235476011e-02,-1.435916317235476011e-02,-5.183686688943279358e-02,-3.801429606348527557e-02,-3.801429606348527557e-02,-1.558271304830920190e-01,-4.064318733121485144e-02,-8.148853797899899276e-02,-1.210011918676099085e-01,-5.569323991926412171e-02,-7.051263942166730025e-02,-4.979810447122927364e-02,-3.212131358814808435e-02,-2.030901712371240009e-02,-3.801429606348527557e-02,-6.749673070628271765e-02,-3.519076715388935045e-02,-1.435916317235476185e-02,-3.524455202264515918e-01,-3.753330286669139260e-01,-2.907009498669055336e-01,-4.311306135592269523e-02,-3.519076715388935045e-02,-3.801429606348527557e-02,-1.435916317235476011e-02,-1.286658602907498339e-01,-4.767312946227962589e-02,5.913962991410492975e-01,-2.487592975524973576e-02,-4.967123990818995694e-01,-1.786283982422259831e-01,-4.979810447122926670e-02,-1.712050908829709783e+00,-2.030901712371240009e-02,2.043810449286999731e+00,-1.767766952966368654e-01
-1.717138906116101593e-01,-5.537123258831522232e-01,-5.507016019503075954e-01,-2.878929612425566442e-01,3.716934582680625487e-01,2.725709467506052044e-02,5.905777172739697933e-01,-4.963069089824175273e-01,-6.493539992246850634e-01,-3.636176791775609651e-02,-1.596679019610199035e-01,-2.277005449494729383e+00,1.471687929216401569e+00,1.671305732965343349e+00,7.363472870101713808e-01,-1.083766874453531370e+00,-1.317896501095057737e-01,7.668639129487173633e-01,1.142728283655361832e+00,7.486479493322998335e-01,-1.617011407362130893e+00,-6.292804948981121915e-02,1.419327091019504605e+00,6.035032786891664225e-01,2.700234248271474957e+00,-1.878663866718013997e+00,-8.078231342445260088e-01,-1.217407892821812387e+00,1.122248173166890545e-01,1.870620088349158827e+00,-1.607196433309727501e+00,0.000000000000000000e+00,0.000000000000000000e+00,-2.945475981862985648e+00,-2.531417799055861728e+00,-1.665244780484708809e+00,-1.208043120479901589e+00,-1.472397920122158643e+00,-1.153193126927014367e+00,-1.426512150649113186e+00,-3.774647335768301359e-01,-4.668062001933125371e-01,-1.338385306507703376e+00,-9.515480014204554804e-01,-3.669621702617922865e-01,-4.602362970513234064e-01,-5.183686688943279358e-02,-5.183686688943279358e-02,-7.051398600435393460e-01,-1.040941436780788015e-01,-2.030901712371240009e-02,-8.401389803667852485e-02,-3.271524934852403366e-01,1.926060419058570616e+00,-7.103890521813077674e-01,-5.752567881263277033e-02,-3.801429606348526863e-02,-1.147078669352808861e-01,-1.711160802546210780e-01,-7.340709118518067011e-02,-7.197411700355742237e-02,-1.244624194945742751e-01,-7.051263942166730025e-02,-2.872721242393142319e-02,-2.030901712371240009e-02,4.952936396459016066e+00,-1.435916317235476011e-02,-1.435916317235476011e-02,-5.183686688943279358e-02,-3.801429606348527557e-02,-3.801429606348527557e-02,-1.558271304830920190e-01,-4.064318733121485144e-02,-8.148853797899899276e-02,-1.210011918676099085e-01,-5.569323991926412171e-02,-7.051263942166730025e-02,-4.979810447122927364e-02,-3.212131358814808435e-02,-2.030901712371240009e-02,-3.801429606348527557e-02,-6.749673070628271765e-02,-3.519076715388935045e-02,-1.435916317235476185e-02,-3.524455202264515918e-01,-3.753330286669139260e-01,-2.907009498669055336e-01,-4.311306135592269523e-02,-3.519076715388935045e-02,-3.801429606348527557e-02,-1.435916317235476011e-02,-1.286658602907498339e-01,-4.767312946227962589e-02,5.913962991410492975e-01,-2.487592975524973576e-02,-4.967123990818995694e-01,-1.786283982422259831e-01,-4.979810447122926670e-02,5.840947806181536750e-01,-2.030901712371240009e-02,-4.892821642774447533e-01,-1.767766952966368654e-01
9.531004653684460592e-01,-5.537123258831522232e-01,-4.977276807426366662e-02,7.082331122151057645e-01,-2.023431825368789405e-01,2.250717444189715977e+00,-4.966680157416004104e-01,-4.963069089824175273e-01,-6.493539992246850634e-01,2.933182612032321668e+00,8.414777418280475763e-01,-5.527336881405341407e-01,2.676630127656726366e+00,-9.090733334248238817e-01,4.625872709704457186e-01,-1.659275456003879601e+00,-8.087874538665257296e-01,-4.940931484571475241e-01,-4.564114272231903913e-01,-1.131498666018180055e+00,9.248938849348538049e-01,9.406936628861676253e-01,5.856694503059687307e-01,5.643360402426789157e-01,4.885689282282582209e-03,5.628910554594662718e-01,-8.078231342445260088e-01,-1.983785344183122967e-01,1.051536639758023028e+00,1.482997327093512396e+00,9.276940622890612609e-01,0.000000000000000000e+00,0.000000000000000000e+00,9.205658450309623930e-01,1.213393822839661657e-01,7.213723788716157603e-01,9.956101518039768283e-01,1.507803554435755311e+00,-5.181208656627730447e-01,-4.845014723481537167e-01,-3.774647335768301359e-01,-4.668062001933125371e-01,-6.135093179742474589e-01,-4.820408707801026038e-01,-3.669621702617922865e-01,-4.602362970513234064e-01,-5.183686688943279358e-02,-5.183686688943279358e-02,-7.051398600435393460e-01,-1.040941436780788015e-01,-2.030901712371240009e-02,-8.401389803667852485e-02,-3.271524934852403366e-01,-5.191945123345532709e-01,1.407679351095596942e+00,-5.752567881263277033e-02,-3.801429606348526863e-02,-1.147078669352808861e-01,-1.711160802546210780e-01,-7.340709118518067011e-02,-7.197411700355742237e-02,-1.244624194945742751e-01,-7.051263942166730025e-02,-2.872721242393142319e-02,-2.030901712371240009e-02,-2.019004323808653023e-01,-1.435916317235476011e-02,-1.435916317235476011e-02,-5.183686688943279358e-02,-3.801429606348527557e-02,-3.801429606348527557e-02,-1.558271304830920190e-01,-4.064318733121485144e-02,-8.148853797899899276e-02,-1.210011918676099085e-01,-5.569323991926412171e-02,-7.051263942166730025e-02,-4.979810447122927364e-02,-3.212131358814808435e-02,-2.030901712371240009e-02,-3.801429606348527557e-02,-6.749673070628271765e-02,-3.519076715388935045e-02,-1.435916317235476185e-02,-3.524455202264515918e-01,-3.753330286669139260e-01,-2.907009498669055336e-01,-4.311306135592269523e-02,-3.519076715388935045e-02,-3.801429606348527557e-02,-1.435916317235476011e-02,-1.286658602907498339e-01,-4.767312946227962589e-02,5.913962991410492975e-01,-2.487592975524973576e-02,-4.967123990818995694e-01,-1.786283982422259831e-01,-4.979810447122926670e-02,5.840947806181536750e-01,-2.030901712371240009e-02,-4.892821642774447533e-01,-1.767766952966368654e-01
-9.355951694227718773e-01,-5.537123258831522232e-01,-5.507016019503075954e-01,7.082331122151057645e-01,-3.817296327884231455e-01,1.246574060537936290e+00,-4.966680157416004104e-01,-4.963069089824175273e-01,1.100007117161253767e+00,-6.302706439077716549e-01,-4.507894273215078823e-02,-3.064091508042205425e-01,1.067449256191260520e+00,-1.229665884097541850e+00,-1.909999534707176316e+00,-5.904738045532329505e-01,-8.087874538665257296e-01,-2.605825815301355264e-01,1.162946376565429998e-02,-1.799995240365017457e+00,-6.362483984730694930e-02,1.191599090980162368e+00,3.128360406179026554e-01,3.058322664958623149e-01,4.885689282282582209e-03,1.419333102564523941e-01,-8.078231342445260088e-01,-1.520590181272440944e-01,-4.363332869890499954e-01,1.478522605462855299e-01,9.276940622890612609e-01,0.000000000000000000e+00,0.000000000000000000e+00,5.339616623415676111e-01,7.108409781372613256e-01,1.019699523791156359e+00,2.839728651216904542e-01,-8.277230887057975828e-01,-6.239662425401465429e-01,4.575092059528056976e-01,-3.774647335768301359e-01,-4.668062001933125371e-01,-7.170630306218840344e-01,-2.472873054599261933e-01,-3.669621702617922865e-01,-4.602362970513234064e-01,-5.183686688943279358e-02,-5.183686688943279358e-02,1.418158377741196352e+00,-1.040941436780788015e-01,-2.030901712371240009e-02,-8.401389803667852485e-02,-3.271524934852403366e-01,-5.191945123345532709e-01,-7.103890521813077674e-01,-5.752567881263277033e-02,-3.801429606348526863e-02,-1.147078669352808861e-01,-1.711160802546210780e-01,-7.340709118518067011e-02,1.389388354636672673e+01,-1.244624194945742751e-01,-7.051263942166730025e-02,-2.872721242393142319e-02,-2.030901712371240009e-02,-2.019004323808653023e-01,-1.435916317235476011e-02,-1.435916317235476011e-02,-5.183686688943279358e-02,-3.801429606348527557e-02,-3.801429606348527557e-02,-1.558271304830920190e-01,-4.064318733121485144e-02,-8.148853797899899276e-02,-1.210011918676099085e-01,-5.569323991926412171e-02,-7.051263942166730025e-02,-4.979810447122927364e-02,-3.212131358814808435e-02,-2.030901712371240009e-02,-3.801429606348527557e-02,-6.749673070628271765e-02,-3.519076715388935045e-02,-1.435916317235476185e-02,-3.524455202264515918e-01,-3.753330286669139260e-01,-2.907009498669055336e-01,-4.311306135592269523e-02,-3.519076715388935045e-02,-3.801429606348527557e-02,-1.435916317235476011e-02,-1.286658602907498339e-01,-4.767312946227962589e-02,5.913962991410492975e-01,-2.487592975524973576e-02,-4.967123990818995694e-01,-1.786283982422259831e-01,-4.979810447122926670e-02,5.840947806181536750e-01,-2.030901712371240009e-02,-4.892821642774447533e-01,-1.767766952966368654e-01
9.112875816078827573e-02,1.363189363936059939e+00,-5.507016019503075954e-01,7.082331122151057645e-01,-3.099750526878054524e-01,-4.030900697471309080e-01,-4.966680157416004104e-01,6.573034482162921632e-01,2.266247861418546172e+00,-3.636176791775609651e-02,8.414777418280475763e-01,-3.064091508042205425e-01,-7.827200549622713721e-01,-1.237485214601754535e+00,-7.237061318683652988e-01,-5.904738045532329505e-01,6.580411209403509432e-01,3.465448924800957342e-01,6.824880741829981723e-01,-8.390314147414387191e-01,-4.872757218968044035e-01,-3.138334775838059199e-01,1.790683676428260984e+00,-1.798414902405806592e-01,-3.668865257507094579e-01,-2.644978782475312235e-02,1.542419633387178024e+00,3.111361447834378180e-01,5.555799975089986686e-01,-1.105629136241454841e-01,-4.805784352658213909e-01,0.000000000000000000e+00,0.000000000000000000e+00,-2.392467030372219805e-01,-4.681622135693289666e-01,-1.736090558870059808e-01,-1.147812549757941669e+00,6.994548020898516683e-01,5.403329031109622704e-01,-1.349613319767399566e-02,-3.774647335768301359e-01,-4.668062001933125371e-01,9.397963717403006179e-01,2.100248347741838106e+00,-3.669621702617922865e-01,-4.602362970513234064e-01,-5.183686688943279358e-02,-5.183686688943279358e-02,-7.051398600435393460e-01,-1.040941436780788015e-01,-2.030901712371240009e-02,-8.401389803667852485e-02,3.056678521220304923e+00,-5.191945123345532709e-01,-7.103890521813077674e-01,-5.752567881263277033e-02,-3.801429606348526863e-02,-1.147078669352808861e-01,-1.711160802546210780e-01,-7.340709118518067011e-02,-7.197411700355742237e-02,-1.244624194945742751e-01,-7.051263942166730025e-02,-2.872721242393142319e-02,-2.030901712371240009e-02,-2.019004323808653023e-01,-1.435916317235476011e-02,-1.435916317235476011e-02,-5.183686688943279358e-02,-3.801429606348527557e-02,-3.801429606348527557e-02,-1.558271304830920190e-01,-4.064318733121485144e-02,-8.148853797899899276e-02,-1.210011918676099085e-01,-5.569323991926412171e-02,-7.051263942166730025e-02,-4.979810447122927364e-02,-3.212131358814808435e-02,-2.030901712371240009e-02,-3.801429606348527557e-02,-6.749673070628271765e-02,-3.519076715388935045e-02,-1.435916317235476185e-02,-3.524455202264515918e-01,-3.753330286669139260e-01,-2.907009498669055336e-01,-4.311306135592269523e-02,-3.519076715388935045e-02,-3.801429606348527557e-02,-1.435916317235476011e-02,-1.286658602907498339e-01,-4.767312946227962589e-02,5.913962991410492975e-01,-2.487592975524973576e-02,-4.967123990818995694e-01,-1.786283982422259831e-01,-4.979810447122926670e-02,5.840947806181536750e-01,-2.030901712371240009e-02,-4.892821642774447533e-01,-1.767766952966368654e-01
1.658958300582861201e-01,-5.537123258831522232e-01,-5.507016019503075954e-01,7.082331122151057645e-01,1.591521319978563165e+00,1.354160851643483987e+00,-4.966680157416004104e-01,-4.963069089824175273e-01,-6.493539992246850634e-01,-3.636176791775609651e-02,8.414777418280475763e-01,-1.538031837485788644e+00,4.066745022078559479e-01,2.247295896860070363e-01,-1.761860997889140579e-01,5.605433585474633995e-01,-8.087874538665257296e-01,-4.940931484571475241e-01,-6.124250575528051854e-01,9.993341647123638039e-01,-1.052143564629467676e+00,-2.070171474241768728e+00,1.760368853129586908e+00,1.614018030608540322e+00,9.782874304053058856e-02,3.103164083376579452e-01,5.351727329735904704e-01,-8.005322462021987606e-01,-4.062753086709273154e-01,8.369593916674348266e-01,-1.043887434287774418e+00,0.000000000000000000e+00,0.000000000000000000e+00,-1.012455068416011628e+00,-2.236667001129214238e+00,-1.366917635565168210e+00,8.699115694277127497e-01,4.148625967184839669e-01,3.286421493562152185e-01,9.285145451032854602e-01,-3.774647335768301359e-01,-4.668062001933125371e-01,7.812957911571764835e-03,-9.515480014204554804e-01,-3.669621702617922865e-01,1.739375798511208382e+00,-5.183686688943279358e-02,-5.183686688943279358e-02,-7.051398600435393460e-01,-1.040941436780788015e-01,-2.030901712371240009e-02,-8.401389803667852485e-02,3.056678521220304923e+00,-5.191945123345532709e-01,-7.103890521813077674e-01,-5.752567881263277033e-02,-3.801429606348526863e-02,-1.147078669352808861e-01,-1.711160802546210780e-01,-7.340709118518067011e-02,-7.197411700355742237e-02,-1.244624194945742751e-01,-7.051263942166730025e-02,-2.872721242393142319e-02,-2.030901712371240009e-02,-2.019004323808653023e-01,-1.435916317235476011e-02,-1.435916317235476011e-02,-5.183686688943279358e-02,-3.801429606348527557e-02,-3.801429606348527557e-02,-1.558271304830920190e-01,-4.064318733121485144e-02,-8.148853797899899276e-02,-1.210011918676099085e-01,-5.569323991926412171e-02,-7.051263942166730025e-02,-4.979810447122927364e-02,-3.212131358814808435e-02,-2.030901712371240009e-02,-3.801429606348527557e-02,-6.749673070628271765e-02,-3.519076715388935045e-02,-1.435916317235476185e-02,-3.524455202264515918e-01,-3.753330286669139260e-01,-2.907009498669055336e-01,-4.311306135592269523e-02,-3.519076715388935045e-02,-3.801429606348527557e-02,-1.435916317235476011e-02,-1.286658602907498339e-01,-4.767312946227962589e-02,5.913962991410492975e-01,-2.487592975524973576e-02,-4.967123990818995694e-01,-1.786283982422259831e-01,-4.979810447122926670e-02,5.840947806181536750e-01,-2.030901712371240009e-02,-4.892821642774447533e-01,-1.767766952966368654e-01
2.696103302346825048e-01,-7.448690342834912714e-02,-5.507016019503075954e-01,7.082331122151057645e-01,1.196871129425165936e+00,4.576042590972519419e-01,5.905777172739697933e-01,-4.963069089824175273e-01,1.100007117161253767e+00,5.575471080722594897e-01,8.414777418280475763e-01,-2.030680912158415730e+00,1.805962216525652808e+00,1.593112427923217389e+00,9.757391625081156261e-02,3.138968235973142451e-01,5.452081536475141821e-01,-8.210079421549643097e-01,-4.096073381243058864e-01,7.904289852289771989e-01,-1.052143564629467676e+00,-5.647389056778006067e-01,5.516004257917359738e-02,-8.691848868987581689e-01,-5.527726332672054932e-01,-1.948328859059586526e-01,-1.363252006354677692e-01,-1.520590181272440944e-01,7.810148348949189634e-01,-5.843240662699356047e-01,-1.043887434287774418e+00,0.000000000000000000e+00,0.000000000000000000e+00,-1.012455068416011628e+00,-1.352414607349271769e+00,-1.665244780484708809e+00,2.217782540501014865e-01,-6.146129630873321537e-01,1.110601872409461635e-02,-9.555068114986333683e-01,-3.774647335768301359e-01,1.696017942249628430e+00,-8.206167432695206099e-01,-2.472873054599261933e-01,-3.669621702617922865e-01,-4.602362970513234064e-01,-5.183686688943279358e-02,-5.183686688943279358e-02,-7.051398600435393460e-01,-1.040941436780788015e-01,-2.030901712371240009e-02,-8.401389803667852485e-02,-3.271524934852403366e-01,-5.191945123345532709e-01,1.407679351095596942e+00,-5.752567881263277033e-02,-3.801429606348526863e-02,-1.147078669352808861e-01,-1.711160802546210780e-01,-7.340709118518067011e-02,-7.197411700355742237e-02,-1.244624194945742751e-01,-7.051263942166730025e-02,-2.872721242393142319e-02,-2.030901712371240009e-02,-2.019004323808653023e-01,-1.435916317235476011e-02,-1.435916317235476011e-02,-5.183686688943279358e-02,-3.801429606348527557e-02,-3.801429606348527557e-02,-1.558271304830920190e-01,-4.064318733121485144e-02,-8.148853797899899276e-02,-1.210011918676099085e-01,-5.569323991926412171e-02,-7.051263942166730025e-02,-4.979810447122927364e-02,-3.212131358814808435e-02,-2.030901712371240009e-02,-3.801429606348527557e-02,-6.749673070628271765e-02,-3.519076715388935045e-02,-1.435916317235476185e-02,-3.524455202264515918e-01,-3.753330286669139260e-01,-2.907009498669055336e-01,-4.311306135592269523e-02,-3.519076715388935045e-02,-3.801429606348527557e-02,-1.435916317235476011e-02,-1.286658602907498339e-01,-4.767312946227962589e-02,5.913962991410492975e-01,-2.487592975524973576e-02,-4.967123990818995694e-01,-1.786283982422259831e-01,-4.979810447122926670e-02,5.840947806181536750e-01,-2.030901712371240009e-02,-4.892821642774447533e-01,-1.767766952966368654e-01
-1.262250747447696553e-01,-5.537123258831522232e-01,1.453013733553867981e+00,7.082331122151057645e-01,1.591521319978563165e+00,9.596759509231419516e-01,-4.966680157416004104e-01,-4.963069089824175273e-01,-6.493539992246850634e-01,-3.636176791775609651e-02,8.414777418280475763e-01,-1.045382762813161337e+00,2.000307732403124650e+00,2.007536944646486354e+00,4.625872709704457186e-01,-7.549048278533324607e-01,-8.087874538665257296e-01,-1.241326962623585883e+00,-1.080465948541649901e+00,3.837033908878519084e-02,-4.872757218968044035e-01,1.879773786041834815e-01,-5.208216000956329417e-01,-4.667287952252369143e-02,4.885689282282582209e-03,9.838488006624800386e-01,-2.440887836729143182e-02,6.816922751119832702e-01,-6.317101460568474991e-01,5.354750218019320718e-01,-4.805784352658213909e-01,0.000000000000000000e+00,0.000000000000000000e+00,-2.392467030372219805e-01,-7.629130114959765674e-01,-4.719362008065465242e-01,1.202489068631577895e+00,1.599995395612395566e+00,-4.122754887853995465e-01,-2.489988027729138353e-01,9.257960654133498002e-01,-4.668062001933125371e-01,2.493102061454848695e+00,3.508769739662896736e+00,9.137094037957288473e-01,1.739375798511208382e+00,-5.183686688943279358e-02,-5.183686688943279358e-02,-7.051398600435393460e-01,-1.040941436780788015e-01,-2.030901712371240009e-02,-8.401389803667852485e-02,3.056678521220304923e+00,-5.191945123345532709e-01,-7.103890521813077674e-01,-5.752567881263277033e-02,-3.801429606348526863e-02,-1.147078669352808861e-01,-1.711160802546210780e-01,-7.340709118518067011e-02,-7.197411700355742237e-02,-1.244624194945742751e-01,-7.051263942166730025e-02,-2.872721242393142319e-02,-2.030901712371240009e-02,-2.019004323808653023e-01,-1.435916317235476011e-02,-1.435916317235476011e-02,-5.183686688943279358e-02,-3.801429606348527557e-02,-3.801429606348527557e-02,-1.558271304830920190e-01,-4.064318733121485144e-02,-8.148853797899899276e-02,-1.210011918676099085e-01,-5.569323991926412171e-02,-7.051263942166730025e-02,-4.979810447122927364e-02,-3.212131358814808435e-02,-2.030901712371240009e-02,-3.801429606348527557e-02,-6.749673070628271765e-02,-3.519076715388935045e-02,-1.435916317235476185e-02,-3.524455202264515918e-01,-3.753330286669139260e-01,-2.907009498669055336e-01,-4.311306135592269523e-02,-3.519076715388935045e-02,-3.801429606348527557e-02,-1.435916317235476011e-02,-1.286658602907498339e-01,-4.767312946227962589e-02,5.913962991410492975e-01,-2.487592975524973576e-02,-4.967123990818995694e-01,-1.786283982422259831e-01,-4.979810447122926670e-02,-1.712050908829709783e+00,-2.030901712371240009e-02,2.043810449286999731e+00,-1.767766952966368654e-01
3.289939116753942683e-01,2.800865631300469172e+00,-5.507016019503075954e-01,7.082331122151057645e-01,4.879784781528296450e-02,-3.672278060452816018e-01,-4.966680157416004104e-01,-4.963069089824175273e-01,1.100007117161253767e+00,-3.636176791775609651e-02,8.414777418280475763e-01,-6.008461346790693741e-02,-9.537441089344464995e-01,-4.242748421636408640e-01,-5.411994545085482278e-01,1.494658002972147348e-01,5.452081536475141821e-01,-4.473910350717451578e-01,9.711132902927857025e-01,-9.225934865347934499e-01,-6.362483984730694930e-02,1.191599090980162368e+00,1.726651345583086680e-02,1.648302080885080401e-01,6.554870655900186804e-01,-8.683652782307808016e-01,6.470890552417668529e-01,5.890532425298469210e-01,6.081814595657135669e-01,1.478522605462855299e-01,9.276940622890612609e-01,0.000000000000000000e+00,0.000000000000000000e+00,5.339616623415676111e-01,4.160901802106137248e-01,7.213723788716157603e-01,9.072283360706661082e-01,5.057183242548830560e-01,1.175405164375203482e+00,-1.349613319767399566e-02,9.257960654133498002e-01,1.696017942249628430e+00,6.291352337973910025e-01,1.630741217101485230e+00,-3.669621702617922865e-01,1.739375798511208382e+00,-5.183686688943279358e-02,-5.183686688943279358e-02,-7.051398600435393460e-01,-1.040941436780788015e-01,-2.030901712371240009e-02,1.190279255419648408e+01,-3.271524934852403366e-01,-5.191945123345532709e-01,-7.103890521813077674e-01,-5.752567881263277033e-02,-3.801429606348526863e-02,-1.147078669352808861e-01,-1.711160802546210780e-01,-7.340709118518067011e-02,-7.197411700355742237e-02,-1.244624194945742751e-01,-7.051263942166730025e-02,-2.872721242393142319e-02,-2.030901712371240009e-02,-2.019004323808653023e-01,-1.435916317235476011e-02,-1.435916317235476011e-02,-5.183686688943279358e-02,-3.801429606348527557e-02,-3.801429606348527557e-02,-1.558271304830920190e-01,-4.064318733121485144e-02,-8.148853797899899276e-02,-1.210011918676099085e-01,-5.569323991926412171e-02,-7.051263942166730025e-02,-4.979810447122927364e-02,-3.212131358814808435e-02,-2.030901712371240009e-02,-3.801429606348527557e-02,-6.749673070628271765e-02,-3.519076715388935045e-02,-1.435916317235476185e-02,-3.524455202264515918e-01,-3.753330286669139260e-01,-2.907009498669055336e-01,-4.311306135592269523e-02,-3.519076715388935045e-02,-3.801429606348527557e-02,-1.435916317235476011e-02,-1.286658602907498339e-01,-4.767312946227962589e-02,5.913962991410492975e-01,-2.487592975524973576e-02,-4.967123990818995694e-01,-1.786283982422259831e-01,-4.979810447122926670e-02,5.840947806181536750e-01,-2.030901712371240009e-02,-4.892821642774447533e-01,-1.767766952966368654e-01
5.174003163020537421e-01,-5.537123258831522232e-01,-5.507016019503075954e-01,-1.284019034700219164e+00,-1.135152723844908840e+00,-9.051617615730208621e-01,-4.966680157416004104e-01,-4.963069089824175273e-01,-6.493539992246850634e-01,-6.302706439077716549e-01,-7.507056916678187530e-01,-6.008461346790693741e-02,6.476629418959209961e-01,-2.128888892081993944e+00,-2.913786260186170374e+00,-1.330413409403680580e+00,3.704531237846941050e+00,-1.801752323248414722e+00,-1.236479578871264806e+00,-2.384929742918500128e+00,2.195846531083346154e+00,4.388828066981781961e-01,3.886230988645877904e-01,-1.955083856191756064e-01,9.343162268647626778e-01,3.945079573782606652e-01,-5.839904897081731328e-01,-1.773242088314630704e+00,-1.202811734101178587e+00,8.369593916674348266e-01,1.772657560821990774e+00,0.000000000000000000e+00,0.000000000000000000e+00,1.307170027720357286e+00,1.300342573990556527e+00,1.247180890325345903e-01,1.142913178026161214e+00,-7.549110925002285033e-02,-7.298116194175201521e-01,-7.200041419233935702e-01,-3.774647335768301359e-01,-4.668062001933125371e-01,-1.027724168564793761e+00,-1.253374013974976713e-02,-3.669621702617922865e-01,-4.602362970513234064e-01,-5.183686688943279358e-02,-5.183686688943279358e-02,1.418158377741196352e+00,-1.040941436780788015e-01,-2.030901712371240009e-02,-8.401389803667852485e-02,-3.271524934852403366e-01,-5.191945123345532709e-01,-7.103890521813077674e-01,-5.752567881263277033e-02,-3.801429606348526863e-02,-1.147078669352808861e-01,-1.711160802546210780e-01,-7.340709118518067011e-02,-7.197411700355742237e-02,-1.244624194945742751e-01,-7.051263942166730025e-02,-2.872721242393142319e-02,-2.030901712371240009e-02,-2.019004323808653023e-01,-1.435916317235476011e-02,-1.435916317235476011e-02,-5.183686688943279358e-02,-3.801429606348527557e-02,-3.801429606348527557e-02,-1.558271304830920190e-01,2.460436953063419452e+01,-8.148853797899899276e-02,-1.210011918676099085e-01,-5.569323991926412171e-02,-7.051263942166730025e-02,-4.979810447122927364e-02,-3.212131358814808435e-02,-2.030901712371240009e-02,-3.801429606348527557e-02,-6.749673070628271765e-02,-3.519076715388935045e-02,-1.435916317235476185e-02,-3.524455202264515918e-01,-3.753330286669139260e-01,-2.907009498669055336e-01,-4.311306135592269523e-02,-3.519076715388935045e-02,-3.801429606348527557e-02,-1.435916317235476011e-02,-1.286658602907498339e-01,-4.767312946227962589e-02,5.913962991410492975e-01,-2.487592975524973576e-02,-4.967123990818995694e-01,-1.786283982422259831e-01,-4.979810447122926670e-02,5.840947806181536750e-01,-2.030901712371240009e-02,-4.892821642774447533e-01,-1.767766952966368654e-01
1.083281185685549541e+00,-7.448690342834912714e-02,-5.507016019503075954e-01,7.082331122151057645e-01,5.107495744908829849e+00,1.999681598276771055e+00,-4.966680157416004104e-01,-4.963069089824175273e-01,-6.493539992246850634e-01,-6.302706439077716549e-01,5.459588469746480266e-01,-7.990582254768477943e-01,1.013032511745568076e+00,3.078785223723616404e+00,2.800805936106286476e-01,7.249743818475629098e-01,-2.446226174023423960e-01,2.074523087739984728e+00,-1.010259814893323060e+00,1.082896236505718424e+00,-4.872757218968044035e-01,-5.647389056778006067e-01,-4.336313314151688664e-02,4.390008772139192827e-01,1.907717967987786201e-01,9.838488006624800386e-01,-5.839904897081731328e-01,1.376485019478006055e+00,-6.692826189545009186e-01,1.526066522788584123e+00,-7.622329347767978769e-01,0.000000000000000000e+00,0.000000000000000000e+00,-6.258508857266168457e-01,1.213393822839661657e-01,-1.068590490645627611e+00,-9.081996271031884671e-01,3.527333124472698533e-01,2.227967724788416926e-01,-7.200041419233935702e-01,-3.774647335768301359e-01,-4.668062001933125371e-01,1.043350084387937082e+00,-7.167944361002790421e-01,-3.669621702617922865e-01,-4.602362970513234064e-01,-5.183686688943279358e-02,-5.183686688943279358e-02,1.418158377741196352e+00,-1.040941436780788015e-01,-2.030901712371240009e-02,-8.401389803667852485e-02,-3.271524934852403366e-01,-5.191945123345532709e-01,-7.103890521813077674e-01,-5.752567881263277033e-02,-3.801429606348526863e-02,-1.147078669352808861e-01,-1.711160802546210780e-01,-7.340709118518067011e-02,-7.197411700355742237e-02,-1.244624194945742751e-01,-7.051263942166730025e-02,-2.872721242393142319e-02,-2.030901712371240009e-02,-2.019004323808653023e-01,-1.435916317235476011e-02,-1.435916317235476011e-02,-5.183686688943279358e-02,-3.801429606348527557e-02,-3.801429606348527557e-02,-1.558271304830920190e-01,-4.064318733121485144e-02,-8.148853797899899276e-02,-1.210011918676099085e-01,-5.569323991926412171e-02,-7.051263942166730025e-02,-4.979810447122927364e-02,-3.212131358814808435e-02,-2.030901712371240009e-02,-3.801429606348527557e-02,-6.749673070628271765e-02,-3.519076715388935045e-02,-1.435916317235476185e-02,-3.524455202264515918e-01,2.664300564093018409e+00,-2.907009498669055336e-01,-4.311306135592269523e-02,-3.519076715388935045e-02,-3.801429606348527557e-02,-1.435916317235476011e-02,-1.286658602907498339e-01,-4.767312946227962589e-02,5.913962991410492975e-01,-2.487592975524973576e-02,-4.967123990818995694e-01,-1.786283982422259831e-01,-4.979810447122926670e-02,5.840947806181536750e-01,-2.030901712371240009e-02,-4.892821642774447533e-01,-1.767766952966368654e-01
-7.506624561895802739e-01,-5.537123258831522232e-01,-5.507016019503075954e-01,-1.284019034700219164e+00,-1.063398143744291202e+00,-2.596410149397337386e-01,-4.966680157416004104e-01,-4.963069089824175273e-01,-6.493539992246850634e-01,5.575471080722594897e-01,-1.564890401978204837e+00,9.252135358773474483e-01,2.948713849885187255e+00,3.704331664060627194e+00,2.800805936106286476e-01,-4.260427812531334402e-01,-8.087874538665257296e-01,-1.801752323248414722e+00,-1.236479578871264806e+00,-2.958779480846334686e-01,9.248938849348538049e-01,1.693409947168151630e+00,-6.269234816409917643e-01,1.097010483114907009e+00,3.766579043152746276e-01,3.945079573782606652e-01,-8.078231342445260088e-01,5.427337262387786909e-01,2.524377577346034851e+00,1.138443761532937692e+00,9.276940622890612609e-01,0.000000000000000000e+00,0.000000000000000000e+00,9.205658450309623930e-01,1.889844169843851507e+00,1.318026668710696736e+00,-4.132614589966489560e-01,-1.219872442116578970e+00,-1.153193126927014367e+00,-7.200041419233935702e-01,-3.774647335768301359e-01,-4.668062001933125371e-01,-5.099556053266109945e-01,-7.167944361002790421e-01,-3.669621702617922865e-01,-4.602362970513234064e-01,-5.183686688943279358e-02,-5.183686688943279358e-02,1.418158377741196352e+00,-1.040941436780788015e-01,-2.030901712371240009e-02,-8.401389803667852485e-02,-3.271524934852403366e-01,-5.191945123345532709e-01,-7.103890521813077674e-01,-5.752567881263277033e-02,-3.801429606348526863e-02,-1.147078669352808861e-01,-1.711160802546210780e-01,-7.340709118518067011e-02,-7.197411700355742237e-02,-1.244624194945742751e-01,-7.051263942166730025e-02,-2.872721242393142319e-02,-2.030901712371240009e-02,-2.019004323808653023e-01,-1.435916317235476011e-02,-1.435916317235476011e-02,-5.183686688943279358e-02,-3.801429606348527557e-02,-3.801429606348527557e-02,-1.558271304830920190e-01,-4.064318733121485144e-02,-8.148853797899899276e-02,-1.210011918676099085e-01,-5.569323991926412171e-02,-7.051263942166730025e-02,-4.979810447122927364e-02,-3.212131358814808435e-02,-2.030901712371240009e-02,-3.801429606348527557e-02,-6.749673070628271765e-02,-3.519076715388935045e-02,-1.435916317235476185e-02,-3.524455202264515918e-01,2.664300564093018409e+00,-2.907009498669055336e-01,-4.311306135592269523e-02,-3.519076715388935045e-02,-3.801429606348527557e-02,-1.435916317235476011e-02,-1.286658602907498339e-01,-4.767312946227962589e-02,-1.690913523558418063e+00,-2.487592975524973576e-02,-4.967123990818995694e-01,-1.786283982422259831e-01,-4.979810447122926670e-02,5.840947806181536750e-01,-2.030901712371240009e-02,-4.892821642774447533e-01,-1.767766952966368654e-01
2.608433948130732261e-01,8.839639414812570095e-01,-5.507016019503075954e-01,-2.878929612425566442e-01,1.292055776497412142e-02,-8.692994978711715559e-01,5.905777172739697933e-01,-4.963069089824175273e-01,1.100007117161253767e+00,-6.302706439077716549e-01,-7.386436959595167329e-01,-5.527336881405341407e-01,-1.715578531174136057e+00,-5.884807827521060242e-01,1.648880673809256736e+00,8.071898934976127205e-01,6.580411209403509432e-01,2.214629427896191771e+00,2.141215517764897047e+00,1.793173846749233080e+00,-4.872757218968044035e-01,4.388828066981781961e-01,5.856694503059687307e-01,-1.010186945306112749e+00,-9.245448483001975637e-01,-7.841737291901780260e-01,-2.440887836729143182e-02,-6.152541810379259513e-01,2.925726872254251765e-01,-1.015016023220653985e+00,-4.805784352658213909e-01,0.000000000000000000e+00,0.000000000000000000e+00,-2.392467030372219805e-01,-1.734114156426813935e-01,-1.736090558870059808e-01,-1.488246210360323341e+00,4.516057218251159355e-01,-2.005847350306524668e-01,-1.426512150649113186e+00,-3.774647335768301359e-01,-4.668062001933125371e-01,-9.574075473606477593e-02,-9.515480014204554804e-01,9.137094037957288473e-01,-4.602362970513234064e-01,-5.183686688943279358e-02,-5.183686688943279358e-02,-7.051398600435393460e-01,-1.040941436780788015e-01,-2.030901712371240009e-02,-8.401389803667852485e-02,-3.271524934852403366e-01,1.926060419058570616e+00,-7.103890521813077674e-01,-5.752567881263277033e-02,-3.801429606348526863e-02,-1.147078669352808861e-01,-1.711160802546210780e-01,-7.340709118518067011e-02,-7.197411700355742237e-02,-1.244624194945742751e-01,-7.051263942166730025e-02,-2.872721242393142319e-02,-2.030901712371240009e-02,-2.019004323808653023e-01,-1.435916317235476011e-02,-1.435916317235476011e-02,-5.183686688943279358e-02,-3.801429606348527557e-02,-3.801429606348527557e-02,-1.558271304830920190e-01,-4.064318733121485144e-02,-8.148853797899899276e-02,-1.210011918676099085e-01,-5.569323991926412171e-02,-7.051263942166730025e-02,-4.979810447122927364e-02,-3.212131358814808435e-02,-2.030901712371240009e-02,-3.801429606348527557e-02,-6.749673070628271765e-02,-3.519076715388935045e-02,-1.435916317235476185e-02,-3.524455202264515918e-01,-3.753330286669139260e-01,3.439961240091715222e+00,-4.311306135592269523e-02,-3.519076715388935045e-02,-3.801429606348527557e-02,-1.435916317235476011e-02,-1.286658602907498339e-01,-4.767312946227962589e-02,5.913962991410492975e-01,-2.487592975524973576e-02,-4.967123990818995694e-01,-1.786283982422259831e-01,-4.979810447122926670e-02,5.840947806181536750e-01,-2.030901712371240009e-02,-4.892821642774447533e-01,-1.767766952966368654e-01
4.689340506693836508e-01,-7.448690342834912714e-02,-5.507016019503075954e-01,7.082331122151057645e-01,-3.817296327884231455e-01,-1.520542238341859032e-01,-4.966680157416004104e-01,-4.963069089824175273e-01,5.168867450326074531e-01,-6.302706439077716549e-01,8.414777418280475763e-01,1.664187147886288409e+00,-1.319113678784093358e+00,-1.115016219951357607e-01,-7.237061318683652988e-01,1.464913986698010540e+00,-1.317896501095057737e-01,-2.707201460312350788e-02,1.095924194556477715e+00,6.233048416422678484e-01,9.248938849348538049e-01,4.388828066981781961e-01,-1.104381948595107632e+00,-2.973432055800430129e-01,1.027259280623010751e+00,5.628910554594662718e-01,-3.601578451718204787e-01,1.237526470604801476e+00,-2.935578899779672790e-01,7.938901959723629886e-01,3.643850632671082335e-01,0.000000000000000000e+00,0.000000000000000000e+00,9.205658450309623930e-01,1.005591776063908815e+00,7.213723788716157603e-01,-2.247135854322529491e-01,1.316071247061148419e+00,-5.181208656627730447e-01,-9.555068114986333683e-01,-3.774647335768301359e-01,1.696017942249628430e+00,6.291352337973910025e-01,2.222198251804266556e-01,-3.669621702617922865e-01,-4.602362970513234064e-01,-5.183686688943279358e-02,-5.183686688943279358e-02,-7.051398600435393460e-01,-1.040941436780788015e-01,-2.030901712371240009e-02,-8.401389803667852485e-02,-3.271524934852403366e-01,-5.191945123345532709e-01,1.407679351095596942e+00,-5.752567881263277033e-02,-3.801429606348526863e-02,-1.147078669352808861e-01,-1.711160802546210780e-01,-7.340709118518067011e-02,-7.197411700355742237e-02,-1.244624194945742751e-01,-7.051263942166730025e-02,-2.872721242393142319e-02,-2.030901712371240009e-02,-2.019004323808653023e-01,-1.435916317235476011e-02,-1.435916317235476011e-02,-5.183686688943279358e-02,-3.801429606348527557e-02,-3.801429606348527557e-02,-1.558271304830920190e-01,-4.064318733121485144e-02,-8.148853797899899276e-02,-1.210011918676099085e-01,-5.569323991926412171e-02,-7.051263942166730025e-02,-4.979810447122927364e-02,-3.212131358814808435e-02,-2.030901712371240009e-02,-3.801429606348527557e-02,-6.749673070628271765e-02,-3.519076715388935045e-02,-1.435916317235476185e-02,-3.524455202264515918e-01,-3.753330286669139260e-01,-2.907009498669055336e-01,-4.311306135592269523e-02,-3.519076715388935045e-02,-3.801429606348527557e-02,-1.435916317235476011e-02,-1.286658602907498339e-01,-4.767312946227962589e-02,5.913962991410492975e-01,-2.487592975524973576e-02,-4.967123990818995694e-01,-1.786283982422259831e-01,-4.979810447122926670e-02,-1.712050908829709783e+00,-2.030901712371240009e-02,2.043810449286999731e+00,-1.767766952966368654e-01
-7.640609801358132502e-01,-5.537123258831522232e-01,-4.977276807426366662e-02,2.700485259130430471e+00,1.878539640381033937e+00,1.031400478326840453e+00,-4.966680157416004104e-01,-4.963069089824175273e-01,-6.493539992246850634e-01,-3.636176791775609651e-02,8.414777418280475763e-01,4.325644612047202520e-01,-9.071011851238531820e-01,-5.024681472057671572e-01,6.450939483302627897e-01,6.725028864716499355e-02,-2.446226174023423960e-01,-3.539868083009403144e-01,-1.989889371793257811e-01,4.143996621588811879e-01,-6.362483984730694930e-02,1.879773786041834815e-01,7.827158017473496709e-01,9.638418723968501522e-01,5.625440118317706073e-01,-2.644978782475312235e-02,7.590053775099431244e-01,-1.520590181272440944e-01,-2.334419333417218634e-01,6.646826088871474747e-01,-4.805784352658213909e-01,0.000000000000000000e+00,0.000000000000000000e+00,1.473574796521728292e-01,4.160901802106137248e-01,7.213723788716157603e-01,-7.091768716741038148e-01,1.330100440283680463e+00,-9.473935815327891308e-02,-9.555068114986333683e-01,-3.774647335768301359e-01,-4.668062001933125371e-01,1.768226072921393000e+00,9.264805211409559149e-01,-3.669621702617922865e-01,1.739375798511208382e+00,-5.183686688943279358e-02,-5.183686688943279358e-02,-7.051398600435393460e-01,-1.040941436780788015e-01,-2.030901712371240009e-02,-8.401389803667852485e-02,-3.271524934852403366e-01,-5.191945123345532709e-01,1.407679351095596942e+00,-5.752567881263277033e-02,-3.801429606348526863e-02,-1.147078669352808861e-01,-1.711160802546210780e-01,-7.340709118518067011e-02,-7.197411700355742237e-02,-1.244624194945742751e-01,-7.051263942166730025e-02,-2.872721242393142319e-02,-2.030901712371240009e-02,-2.019004323808653023e-01,-1.435916317235476011e-02,-1.435916317235476011e-02,-5.183686688943279358e-02,-3.801429606348527557e-02,-3.801429606348527557e-02,-1.558271304830920190e-01,-4.064318733121485144e-02,-8.148853797899899276e-02,-1.210011918676099085e-01,-5.569323991926412171e-02,-7.051263942166730025e-02,-4.979810447122927364e-02,-3.212131358814808435e-02,-2.030901712371240009e-02,-3.801429606348527557e-02,-6.749673070628271765e-02,-3.519076715388935045e-02,-1.435916317235476185e-02,-3.524455202264515918e-01,-3.753330286669139260e-01,-2.907009498669055336e-01,-4.311306135592269523e-02,-3.519076715388935045e-02,-3.801429606348527557e-02,-1.435916317235476011e-02,-1.286658602907498339e-01,-4.767312946227962589e-02,-1.690913523558418063e+00,-2.487592975524973576e-02,2.013237442528823973e+00,-1.786283982422259831e-01,-4.979810447122926670e-02,5.840947806181536750e-01,-2.030901712371240009e-02,-4.892821642774447533e-01,-1.767766952966368654e-01
-1.529596397705769162e+00,4.047385190264539689e-01,3.456729069058043891e+00,7.082331122151057645e-01,-5.611160830399674060e-01,9.596759509231419516e-01,5.905777172739697933e-01,1.810913805415002020e+00,-6.493539992246850634e-01,-3.636176791775609651e-02,-2.441018719191338504e-01,-6.008461346790693741e-02,1.028580153015765664e+00,-1.401691155190219584e+00,-8.149594705482737789e-01,-1.330413409403680580e+00,4.323751863546776431e-01,-1.801752323248414722e+00,-1.236479578871264806e+00,-2.958779480846334686e-01,1.348544766984351106e+00,1.191599090980162368e+00,9.873408590133997409e-01,7.601722324751156723e-01,1.213145388139506675e+00,-1.036748376311986242e+00,4.232564107054141989e-01,-2.446980507093804713e-01,-8.120580159655836905e-01,1.870620088349158827e+00,1.631830311066502670e+00,0.000000000000000000e+00,0.000000000000000000e+00,1.307170027720357286e+00,1.005591776063908815e+00,1.616353813630237335e+00,-1.293806215747040023e+00,-1.636746095059395945e-01,-7.298116194175201521e-01,-4.845014723481537167e-01,-3.774647335768301359e-01,-4.668062001933125371e-01,-1.234831593860066690e+00,4.569733905006030938e-01,-3.669621702617922865e-01,-4.602362970513234064e-01,-5.183686688943279358e-02,-5.183686688943279358e-02,1.418158377741196352e+00,-1.040941436780788015e-01,-2.030901712371240009e-02,-8.401389803667852485e-02,-3.271524934852403366e-01,-5.191945123345532709e-01,-7.103890521813077674e-01,-5.752567881263277033e-02,-3.801429606348526863e-02,-1.147078669352808861e-01,-1.711160802546210780e-01,-7.340709118518067011e-02,-7.197411700355742237e-02,-1.244624194945742751e-01,-7.051263942166730025e-02,-2.872721242393142319e-02,-2.030901712371240009e-02,-2.019004323808653023e-01,-1.435916317235476011e-02,-1.435916317235476011e-02,-5.183686688943279358e-02,-3.801429606348527557e-02,-3.801429606348527557e-02,-1.558271304830920190e-01,-4.064318733121485144e-02,-8.148853797899899276e-02,8.264381404557756383e+00,-5.569323991926412171e-02,-7.051263942166730025e-02,-4.979810447122927364e-02,-3.212131358814808435e-02,-2.030901712371240009e-02,-3.801429606348527557e-02,-6.749673070628271765e-02,-3.519076715388935045e-02,-1.435916317235476185e-02,-3.524455202264515918e-01,-3.753330286669139260e-01,-2.907009498669055336e-01,-4.311306135592269523e-02,-3.519076715388935045e-02,-3.801429606348527557e-02,-1.435916317235476011e-02,-1.286658602907498339e-01,-4.767312946227962589e-02,5.913962991410492975e-01,-2.487592975524973576e-02,-4.967123990818995694e-01,-1.786283982422259831e-01,-4.979810447122926670e-02,-1.712050908829709783e+00,-2.030901712371240009e-02,-4.892821642774447533e-01,5.656854249492379694e+00
-5.678801233428211193e-01,-5.537123258831522232e-01,1.953942567429912014e+00,7.082331122151057645e-01,1.564297179662094972e-01,6.369155776064983066e-01,-4.966680157416004104e-01,-4.963069089824175273e-01,-6.623362709603883292e-02,3.527091488022337185e+00,8.414777418280475763e-01,-5.527336881405341407e-01,9.197466641243816632e-01,-7.370480623321462588e-01,1.888272549307201120e-01,-1.248197897753630770e+00,-1.895668281666913063e-02,5.333533460217053657e-01,-9.634557257944388331e-01,-4.212210557746654538e-01,-4.872757218968044035e-01,-8.156443337717953490e-01,2.900999231438973203e-01,1.089177035425609841e+00,8.413731731065147157e-01,-2.644978782475312235e-02,-4.720741674399969168e-01,9.596093728583924287e-01,6.382394378838363025e-01,3.201290433265728819e-01,-4.805784352658213909e-01,0.000000000000000000e+00,0.000000000000000000e+00,-2.392467030372219805e-01,-1.734114156426813935e-01,-4.719362008065465242e-01,1.373245190160491125e-01,1.075570791817739069e+00,-5.181208656627730447e-01,-7.200041419233935702e-01,-3.774647335768301359e-01,-4.668062001933125371e-01,-6.135093179742474589e-01,-9.515480014204554804e-01,-3.669621702617922865e-01,-4.602362970513234064e-01,-5.183686688943279358e-02,-5.183686688943279358e-02,-7.051398600435393460e-01,-1.040941436780788015e-01,-2.030901712371240009e-02,-8.401389803667852485e-02,-3.271524934852403366e-01,-5.191945123345532709e-01,1.407679351095596942e+00,-5.752567881263277033e-02,-3.801429606348526863e-02,-1.147078669352808861e-01,-1.711160802546210780e-01,-7.340709118518067011e-02,-7.197411700355742237e-02,-1.244624194945742751e-01,-7.051263942166730025e-02,-2.872721242393142319e-02,-2.030901712371240009e-02,-2.019004323808653023e-01,-1.435916317235476011e-02,-1.435916317235476011e-02,-5.183686688943279358e-02,-3.801429606348527557e-02,-3.801429606348527557e-02,-1.558271304830920190e-01,-4.064318733121485144e-02,-8.148853797899899276e-02,-1.210011918676099085e-01,-5.569323991926412171e-02,-7.051263942166730025e-02,-4.979810447122927364e-02,-3.212131358814808435e-02,-2.030901712371240009e-02,-3.801429606348527557e-02,-6.749673070628271765e-02,-3.519076715388935045e-02,-1.435916317235476185e-02,-3.524455202264515918e-01,-3.753330286669139260e-01,-2.907009498669055336e-01,-4.311306135592269523e-02,-3.519076715388935045e-02,-3.801429606348527557e-02,-1.435916317235476011e-02,-1.286658602907498339e-01,-4.767312946227962589e-02,-1.690913523558418063e+00,-2.487592975524973576e-02,2.013237442528823973e+00,-1.786283982422259831e-01,-4.979810447122926670e-02,5.840947806181536750e-01,-2.030901712371240009e-02,-4.892821642774447533e-01,-1.767766952966368654e-01
-6.312336378046390362e-01,-5.537123258831522232e-01,-4.977276807426366662e-02,7.082331122151057645e-01,1.564297179662094972e-01,8.520891598175940329e-01,-4.966680157416004104e-01,-4.963069089824175273e-01,5.168867450326074531e-01,1.745364860052290412e+00,8.414777418280475763e-01,-1.784356374822102298e+00,4.907875299330786284e-02,-1.115016219951357607e-01,6.320577570903027943e-03,-1.793962463029842302e-01,-4.702885519880157239e-01,-1.204762413739283167e-01,7.214914817654016765e-01,3.308375903655265127e-01,-1.334577485995799284e+00,-1.568360618053779465e+00,-4.374558360242791766e-01,4.938350110390017922e-01,2.837148505570266099e-01,6.470826045000689364e-01,-8.078231342445260088e-01,2.648166284923695879e-01,3.000871818049558604e-01,-6.749371792907364609e-02,-1.325541933798751071e+00,0.000000000000000000e+00,0.000000000000000000e+00,-1.399059251105406521e+00,-1.941916203202566749e+00,-1.665244780484708809e+00,3.946138048174644974e-01,-8.978690548184586895e-01,-4.122754887853995465e-01,-4.845014723481537167e-01,-3.774647335768301359e-01,-4.668062001933125371e-01,7.812957911571764835e-03,-1.186301566740631808e+00,-3.669621702617922865e-01,-4.602362970513234064e-01,-5.183686688943279358e-02,-5.183686688943279358e-02,-7.051398600435393460e-01,-1.040941436780788015e-01,-2.030901712371240009e-02,-8.401389803667852485e-02,-3.271524934852403366e-01,-5.191945123345532709e-01,1.407679351095596942e+00,-5.752567881263277033e-02,-3.801429606348526863e-02,-1.147078669352808861e-01,-1.711160802546210780e-01,-7.340709118518067011e-02,-7.197411700355742237e-02,-1.244624194945742751e-01,-7.051263942166730025e-02,-2.872721242393142319e-02,-2.030901712371240009e-02,-2.019004323808653023e-01,-1.435916317235476011e-02,-1.435916317235476011e-02,-5.183686688943279358e-02,-3.801429606348527557e-02,-3.801429606348527557e-02,-1.558271304830920190e-01,-4.064318733121485144e-02,-8.148853797899899276e-02,-1.210011918676099085e-01,-5.569323991926412171e-02,-7.051263942166730025e-02,-4.979810447122927364e-02,-3.212131358814808435e-02,-2.030901712371240009e-02,-3.801429606348527557e-02,-6.749673070628271765e-02,-3.519076715388935045e-02,-1.435916317235476185e-02,-3.524455202264515918e-01,-3.753330286669139260e-01,-2.907009498669055336e-01,-4.311306135592269523e-02,-3.519076715388935045e-02,-3.801429606348527557e-02,-1.435916317235476011e-02,-1.286658602907498339e-01,-4.767312946227962589e-02,5.913962991410492975e-01,-2.487592975524973576e-02,-4.967123990818995694e-01,-1.786283982422259831e-01,-4.979810447122926670e-02,5.840947806181536750e-01,-2.030901712371240009e-02,-4.892821642774447533e-01,-1.767766952966368654e-01
-1.329611021767550305e+00,-5.537123258831522232e-01,-5.507016019503075954e-01,-1.284019034700219164e+00,-7.763798233418204298e-01,-3.313655423434322955e-01,-4.966680157416004104e-01,-4.963069089824175273e-01,-6.493539992246850634e-01,-6.302706439077716549e-01,-6.602407238555536573e-01,-6.008461346790693741e-02,-2.353031823252243360e+00,-2.340010815695734880e+00,-3.826319646985255396e+00,-4.454602852105570499e+00,-8.087874538665257296e-01,-1.801752323248414722e+00,-1.236479578871264806e+00,-2.384929742918500128e+00,4.878968784063496322e+00,-6.292804948981121915e-02,-1.255956065088477791e+00,-1.668196551207100420e+00,7.484301193482666426e-01,-1.036748376311986242e+00,2.325833889264412591e+00,1.422804535769074397e+00,1.945761494722173524e+00,-2.828396964044327944e-01,3.040102808621385044e+00,0.000000000000000000e+00,0.000000000000000000e+00,1.307170027720357286e+00,1.005591776063908815e+00,1.019699523791156359e+00,1.098394930101234346e+00,9.412913709735021284e-01,-4.122754887853995465e-01,-1.191009481073873166e+00,9.257960654133498002e-01,-4.668062001933125371e-01,-1.992944673837013236e-01,-2.472873054599261933e-01,2.194380977853250148e+00,-4.602362970513234064e-01,-5.183686688943279358e-02,-5.183686688943279358e-02,1.418158377741196352e+00,-1.040941436780788015e-01,-2.030901712371240009e-02,-8.401389803667852485e-02,-3.271524934852403366e-01,-5.191945123345532709e-01,-7.103890521813077674e-01,-5.752567881263277033e-02,-3.801429606348526863e-02,-1.147078669352808861e-01,-1.711160802546210780e-01,-7.340709118518067011e-02,-7.197411700355742237e-02,-1.244624194945742751e-01,-7.051263942166730025e-02,-2.872721242393142319e-02,-2.030901712371240009e-02,-2.019004323808653023e-01,-1.435916317235476011e-02,-1.435916317235476011e-02,-5.183686688943279358e-02,-3.801429606348527557e-02,-3.801429606348527557e-02,-1.558271304830920190e-01,-4.064318733121485144e-02,-8.148853797899899276e-02,-1.210011918676099085e-01,-5.569323991926412171e-02,-7.051263942166730025e-02,-4.979810447122927364e-02,-3.212131358814808435e-02,-2.030901712371240009e-02,-3.801429606348527557e-02,-6.749673070628271765e-02,-3.519076715388935045e-02,-1.435916317235476185e-02,2.837317947345407543e+00,-3.753330286669139260e-01,-2.907009498669055336e-01,-4.311306135592269523e-02,-3.519076715388935045e-02,-3.801429606348527557e-02,-1.435916317235476011e-02,-1.286658602907498339e-01,-4.767312946227962589e-02,5.913962991410492975e-01,-2.487592975524973576e-02,-4.967123990818995694e-01,-1.786283982422259831e-01,-4.979810447122926670e-02,5.840947806181536750e-01,-2.030901712371240009e-02,-4.892821642774447533e-01,-1.767766952966368654e-01
-2.524358620407671228e-01,-7.448690342834912714e-02,-5.507016019503075954e-01,7.082331122151057645e-01,2.524330861286593120e+00,1.927957070873072665e+00,-4.966680157416004104e-01,-4.963069089824175273e-01,5.168867450326074531e-01,-6.302706439077716549e-01,8.414777418280475763e-01,-1.045382762813161337e+00,2.435829182714591319e-03,6.000574538882131881e-01,2.800805936106286476e-01,3.138968235973142451e-01,1.899203761161553983e+00,7.668639129487173633e-01,-6.904318727176127490e-01,-8.697276860124680820e-02,-6.362483984730694930e-02,-6.292804948981121915e-02,1.093442740558758564e+00,1.151844616939989630e+00,4.696009580735226452e-01,5.774176121584963933e-02,-2.482415229036441240e-01,-6.152541810379259513e-01,-9.999203804538504547e-01,-2.442452223400181505e-02,-4.805784352658213909e-01,0.000000000000000000e+00,0.000000000000000000e+00,1.473574796521728292e-01,1.213393822839661657e-01,4.230452339520751615e-01,1.046020520777791063e+00,-2.298122346978771768e-01,1.387095918129950478e+00,2.577033232129964269e+00,6.138839261374069878e+00,-4.668062001933125371e-01,-7.170630306218840344e-01,-2.472873054599261933e-01,9.137094037957288473e-01,1.739375798511208382e+00,-5.183686688943279358e-02,-5.183686688943279358e-02,-7.051398600435393460e-01,-1.040941436780788015e-01,-2.030901712371240009e-02,-8.401389803667852485e-02,-3.271524934852403366e-01,-5.191945123345532709e-01,1.407679351095596942e+00,-5.752567881263277033e-02,-3.801429606348526863e-02,-1.147078669352808861e-01,-1.711160802546210780e-01,-7.340709118518067011e-02,-7.197411700355742237e-02,-1.244624194945742751e-01,-7.051263942166730025e-02,-2.872721242393142319e-02,-2.030901712371240009e-02,-2.019004323808653023e-01,-1.435916317235476011e-02,-1.435916317235476011e-02,-5.183686688943279358e-02,-3.801429606348527557e-02,-3.801429606348527557e-02,-1.558271304830920190e-01,-4.064318733121485144e-02,-8.148853797899899276e-02,-1.210011918676099085e-01,-5.569323991926412171e-02,-7.051263942166730025e-02,-4.979810447122927364e-02,-3.212131358814808435e-02,-2.030901712371240009e-02,-3.801429606348527557e-02,-6.749673070628271765e-02,-3.519076715388935045e-02,-1.435916317235476185e-02,-3.524455202264515918e-01,-3.753330286669139260e-01,-2.907009498669055336e-01,-4.311306135592269523e-02,-3.519076715388935045e-02,-3.801429606348527557e-02,-1.435916317235476011e-02,-1.286658602907498339e-01,-4.767312946227962589e-02,5.913962991410492975e-01,-2.487592975524973576e-02,-4.967123990818995694e-01,-1.786283982422259831e-01,-4.979810447122926670e-02,5.840947806181536750e-01,-2.030901712371240009e-02,-4.892821642774447533e-01,-1.767766952966368654e-01
9.354011806493480741e-01,-5.537123258831522232e-01,-5.507016019503075954e-01,7.082331122151057645e-01,2.281842980668271903e-01,8.520891598175940329e-01,5.905777172739697933e-01,-4.963069089824175273e-01,-6.493539992246850634e-01,-3.636176791775609651e-02,8.414777418280475763e-01,1.171538073213661102e+00,-5.728268978146017210e-01,-4.946488167015547499e-01,-4.499461158286396367e-01,-1.496522300288474598e-02,-1.317896501095057737e-01,5.333533460217053657e-01,-4.096073381243058864e-01,1.637134467788171899e-01,-6.362483984730694930e-02,4.388828066981781961e-01,3.128360406179026554e-01,-3.991780255409100309e-01,-6.457156870254534553e-01,-2.790244349465614282e-01,-3.601578451718204787e-01,-1.520590181272440944e-01,-6.542536297954395508e-01,-9.288776318305103086e-01,-5.809668599935657873e-02,0.000000000000000000e+00,0.000000000000000000e+00,1.473574796521728292e-01,7.108409781372613256e-01,4.230452339520751615e-01,1.464900406476516981e-01,-5.584961901972032017e-01,-3.064301119080259928e-01,-2.489988027729138353e-01,-3.774647335768301359e-01,-4.668062001933125371e-01,7.326889464450275780e-01,6.917269558207794766e-01,-3.669621702617922865e-01,1.739375798511208382e+00,-5.183686688943279358e-02,-5.183686688943279358e-02,-7.051398600435393460e-01,-1.040941436780788015e-01,-2.030901712371240009e-02,-8.401389803667852485e-02,-3.271524934852403366e-01,-5.191945123345532709e-01,1.407679351095596942e+00,-5.752567881263277033e-02,-3.801429606348526863e-02,-1.147078669352808861e-01,-1.711160802546210780e-01,-7.340709118518067011e-02,-7.197411700355742237e-02,-1.244624194945742751e-01,-7.051263942166730025e-02,-2.872721242393142319e-02,-2.030901712371240009e-02,-2.019004323808653023e-01,-1.435916317235476011e-02,-1.435916317235476011e-02,-5.183686688943279358e-02,-3.801429606348527557e-02,-3.801429606348527557e-02,-1.558271304830920190e-01,-4.064318733121485144e-02,-8.148853797899899276e-02,-1.210011918676099085e-01,-5.569323991926412171e-02,-7.051263942166730025e-02,-4.979810447122927364e-02,-3.212131358814808435e-02,-2.030901712371240009e-02,-3.801429606348527557e-02,-6.749673070628271765e-02,-3.519076715388935045e-02,-1.435916317235476185e-02,-3.524455202264515918e-01,-3.753330286669139260e-01,-2.907009498669055336e-01,-4.311306135592269523e-02,-3.519076715388935045e-02,-3.801429606348527557e-02,-1.435916317235476011e-02,-1.286658602907498339e-01,-4.767312946227962589e-02,5.913962991410492975e-01,-2.487592975524973576e-02,-4.967123990818995694e-01,-1.786283982422259831e-01,-4.979810447122926670e-02,5.840947806181536750e-01,-2.030901712371240009e-02,-4.892821642774447533e-01,-1.767766952966368654e-01
5.513101608573347523e-01,2.800865631300469172e+00,-5.507016019503075954e-01,7.082331122151057645e-01,8.380982289220775261e-01,-8.605169026788763234e-03,1.677823450289539942e+00,-4.963069089824175273e-01,1.683127489289899970e+00,-6.302706439077716549e-01,8.414777418280475763e-01,1.171538073213661102e+00,-4.873148708285142683e-01,-8.152413673742724409e-01,6.320577570903027943e-03,6.725028864716499355e-02,1.899203761161553983e+00,-4.473910350717451578e-01,-2.223909817287680335e-01,-8.808124506381160845e-01,1.913412609717014545e+00,1.442504519074156999e+00,-9.528078321017375840e-01,-4.696790547445871544e-01,7.484301193482666426e-01,-2.644978782475312235e-02,-2.440887836729143182e-02,5.427337262387786909e-01,-2.860433953984365951e-01,-1.058085218915725934e+00,2.195139310088455531e+00,0.000000000000000000e+00,0.000000000000000000e+00,1.307170027720357286e+00,1.300342573990556527e+00,1.616353813630237335e+00,3.108147498999551672e-01,-1.068897797956901846e-01,1.704632048762071195e+00,6.930118755280455511e-01,9.257960654133498002e-01,1.696017942249628430e+00,1.043350084387937082e+00,1.630741217101485230e+00,-3.669621702617922865e-01,1.739375798511208382e+00,-5.183686688943279358e-02,-5.183686688943279358e-02,-7.051398600435393460e-01,-1.040941436780788015e-01,-2.030901712371240009e-02,-8.401389803667852485e-02,-3.271524934852403366e-01,-5.191945123345532709e-01,1.407679351095596942e+00,-5.752567881263277033e-02,-3.801429606348526863e-02,-1.147078669352808861e-01,-1.711160802546210780e-01,-7.340709118518067011e-02,-7.197411700355742237e-02,-1.244624194945742751e-01,-7.051263942166730025e-02,-2.872721242393142319e-02,-2.030901712371240009e-02,-2.019004323808653023e-01,-1.435916317235476011e-02,-1.435916317235476011e-02,-5.183686688943279358e-02,-3.801429606348527557e-02,-3.801429606348527557e-02,-1.558271304830920190e-01,-4.064318733121485144e-02,-8.148853797899899276e-02,-1.210011918676099085e-01,-5.569323991926412171e-02,-7.051263942166730025e-02,-4.979810447122927364e-02,-3.212131358814808435e-02,-2.030901712371240009e-02,-3.801429606348527557e-02,-6.749673070628271765e-02,-3.519076715388935045e-02,-1.435916317235476185e-02,-3.524455202264515918e-01,-3.753330286669139260e-01,-2.907009498669055336e-01,-4.311306135592269523e-02,-3.519076715388935045e-02,-3.801429606348527557e-02,-1.435916317235476011e-02,-1.286658602907498339e-01,-4.767312946227962589e-02,5.913962991410492975e-01,-2.487592975524973576e-02,-4.967123990818995694e-01,-1.786283982422259831e-01,-4.979810447122926670e-02,5.840947806181536750e-01,-2.030901712371240009e-02,-4.892821642774447533e-01,-1.767766952966368654e-01
-1.548288165680143713e+00,-5.537123258831522232e-01,-5.507016019503075954e-01,-1.284019034700219164e+00,-9.198889835430558160e-01,-9.410240252748701684e-01,-4.966680157416004104e-01,-4.963069089824175273e-01,-6.493539992246850634e-01,-6.302706439077716549e-01,-1.299526496395560393e+00,4.325644612047202520e-01,-1.186958727987412754e+00,-9.794473079627376011e-01,9.757391625081156261e-02,3.961123352473639447e-01,7.708740882331873712e-01,7.668639129487173633e-01,-5.422189239044785669e-01,-6.301262352580521142e-01,-6.362483984730694930e-02,-6.292804948981121915e-02,2.851702491881852097e+00,9.011742908824702525e-01,-9.245448483001975637e-01,5.628910554594662718e-01,-8.078231342445260088e-01,-1.773242088314630704e+00,-1.202811734101178587e+00,-2.436299481158024527e+00,-5.809668599935657873e-02,0.000000000000000000e+00,0.000000000000000000e+00,1.473574796521728292e-01,4.160901802106137248e-01,4.230452339520751615e-01,-5.736580875496941623e-01,-1.210519646634890867e+00,-1.259038503804387865e+00,-2.489988027729138353e-01,-3.774647335768301359e-01,-4.668062001933125371e-01,2.149203832068448394e-01,2.222198251804266556e-01,2.194380977853250148e+00,-4.602362970513234064e-01,-5.183686688943279358e-02,-5.183686688943279358e-02,1.418158377741196352e+00,-1.040941436780788015e-01,-2.030901712371240009e-02,-8.401389803667852485e-02,-3.271524934852403366e-01,-5.191945123345532709e-01,-7.103890521813077674e-01,-5.752567881263277033e-02,-3.801429606348526863e-02,-1.147078669352808861e-01,-1.711160802546210780e-01,-7.340709118518067011e-02,-7.197411700355742237e-02,-1.244624194945742751e-01,-7.051263942166730025e-02,-2.872721242393142319e-02,-2.030901712371240009e-02,-2.019004323808653023e-01,-1.435916317235476011e-02,-1.435916317235476011e-02,-5.183686688943279358e-02,-3.801429606348527557e-02,-3.801429606348527557e-02,-1.558271304830920190e-01,-4.064318733121485144e-02,-8.148853797899899276e-02,-1.210011918676099085e-01,-5.569323991926412171e-02,-7.051263942166730025e-02,-4.979810447122927364e-02,-3.212131358814808435e-02,-2.030901712371240009e-02,-3.801429606348527557e-02,-6.749673070628271765e-02,-3.519076715388935045e-02,-1.435916317235476185e-02,-3.524455202264515918e-01,2.664300564093018409e+00,-2.907009498669055336e-01,-4.311306135592269523e-02,-3.519076715388935045e-02,-3.801429606348527557e-02,-1.435916317235476011e-02,-1.286658602907498339e-01,-4.767312946227962589e-02,5.913962991410492975e-01,-2.487592975524973576e-02,-4.967123990818995694e-01,-1.786283982422259831e-01,-4.979810447122926670e-02,5.840947806181536750e-01,-2.030901712371240009e-02,-4.892821642774447533e-01,-1.767766952966368654e-01
1.062935278952380935e+00,-7.448690342834912714e-02,-5.507016019503075954e-01,-2.878929612425566442e-01,-7.046252432412027922e-01,-7.975749704674730545e-01,-4.966680157416004104e-01,1.810913805415002020e+00,5.168867450326074531e-01,-6.302706439077716549e-01,-1.860409296831604165e+00,6.788889985410339056e-01,-5.261839740040085145e-01,-6.666740877942324284e-01,-3.586927771487311012e-01,-1.793962463029842302e-01,7.708740882331873712e-01,2.064385523238884967e-01,1.353346684600341909e+00,4.561806980555584978e-01,-6.362483984730694930e-02,-6.292804948981121915e-02,1.461045124751957358e-01,-7.800667027971361356e-02,2.837148505570266099e-01,-2.644978782475312235e-02,5.351727329735904704e-01,7.280117914030515003e-01,-6.542536297954395508e-01,6.171386915614185398e-02,-5.809668599935657873e-02,0.000000000000000000e+00,0.000000000000000000e+00,-2.392467030372219805e-01,7.108409781372613256e-01,-1.736090558870059808e-01,1.883895681064063632e-01,4.041736875965546427e-01,-3.064301119080259928e-01,-7.200041419233935702e-01,-3.774647335768301359e-01,-4.668062001933125371e-01,4.220278085021179071e-01,2.222198251804266556e-01,-3.669621702617922865e-01,-4.602362970513234064e-01,-5.183686688943279358e-02,-5.183686688943279358e-02,-7.051398600435393460e-01,-1.040941436780788015e-01,-2.030901712371240009e-02,-8.401389803667852485e-02,-3.271524934852403366e-01,1.926060419058570616e+00,-7.103890521813077674e-01,-5.752567881263277033e-02,-3.801429606348526863e-02,-1.147078669352808861e-01,-1.711160802546210780e-01,-7.340709118518067011e-02,-7.197411700355742237e-02,-1.244624194945742751e-01,-7.051263942166730025e-02,-2.872721242393142319e-02,-2.030901712371240009e-02,-2.019004323808653023e-01,-1.435916317235476011e-02,-1.435916317235476011e-02,-5.183686688943279358e-02,-3.801429606348527557e-02,-3.801429606348527557e-02,-1.558271304830920190e-01,-4.064318733121485144e-02,-8.148853797899899276e-02,-1.210011918676099085e-01,-5.569323991926412171e-02,-7.051263942166730025e-02,-4.979810447122927364e-02,-3.212131358814808435e-02,-2.030901712371240009e-02,-3.801429606348527557e-02,-6.749673070628271765e-02,-3.519076715388935045e-02,-1.435916317235476185e-02,-3.524455202264515918e-01,-3.753330286669139260e-01,-2.907009498669055336e-01,-4.311306135592269523e-02,-3.519076715388935045e-02,-3.801429606348527557e-02,-1.435916317235476011e-02,7.772069434271623223e+00,-4.767312946227962589e-02,-1.690913523558418063e+00,-2.487592975524973576e-02,2.013237442528823973e+00,-1.786283982422259831e-01,-4.979810447122926670e-02,5.840947806181536750e-01,-2.030901712371240009e-02,-4.892821642774447533e-01,-1.767766952966368654e-01
4.621520817583273932e-01,-5.537123258831522232e-01,-5.507016019503075954e-01,-1.284019034700219164e+00,-7.046252432412027922e-01,-9.051617615730208621e-01,-4.966680157416004104e-01,-4.963069089824175273e-01,-6.493539992246850634e-01,-6.302706439077716549e-01,-1.836285305415000124e+00,-6.008461346790693741e-02,-2.042078997848288502e+00,-2.340010815695734880e+00,-3.826319646985255396e+00,-3.438272696030836850e-01,-8.087874538665257296e-01,-1.801752323248414722e+00,-1.236479578871264806e+00,-2.384929742918500128e+00,9.248938849348538049e-01,-3.138334775838059199e-01,1.510271560915526168e+00,-1.533908876533378145e-02,-1.575146224607933521e+00,3.945079573782606652e-01,-8.078231342445260088e-01,-3.836565995825850228e-01,9.162757373264708294e-01,-2.436299481158024527e+00,-1.043887434287774418e+00,0.000000000000000000e+00,0.000000000000000000e+00,-1.012455068416011628e+00,1.213393822839661657e-01,-7.702633457260871230e-01,4.062131817691583713e+00,-4.943627354656274231e-01,-1.788265388191255578e+00,-1.426512150649113186e+00,-3.774647335768301359e-01,-4.668062001933125371e-01,-1.234831593860066690e+00,-1.186301566740631808e+00,9.137094037957288473e-01,-4.602362970513234064e-01,-5.183686688943279358e-02,-5.183686688943279358e-02,1.418158377741196352e+00,-1.040941436780788015e-01,-2.030901712371240009e-02,-8.401389803667852485e-02,-3.271524934852403366e-01,-5.191945123345532709e-01,-7.103890521813077674e-01,-5.752567881263277033e-02,-3.801429606348526863e-02,-1.147078669352808861e-01,-1.711160802546210780e-01,-7.340709118518067011e-02,-7.197411700355742237e-02,-1.244624194945742751e-01,-7.051263942166730025e-02,-2.872721242393142319e-02,-2.030901712371240009e-02,-2.019004323808653023e-01,-1.435916317235476011e-02,-1.435916317235476011e-02,-5.183686688943279358e-02,-3.801429606348527557e-02,-3.801429606348527557e-02,-1.558271304830920190e-01,-4.064318733121485144e-02,-8.148853797899899276e-02,-1.210011918676099085e-01,-5.569323991926412171e-02,-7.051263942166730025e-02,-4.979810447122927364e-02,-3.212131358814808435e-02,-2.030901712371240009e-02,-3.801429606348527557e-02,-6.749673070628271765e-02,-3.519076715388935045e-02,-1.435916317235476185e-02,-3.524455202264515918e-01,2.664300564093018409e+00,-2.907009498669055336e-01,-4.311306135592269523e-02,-3.519076715388935045e-02,-3.801429606348527557e-02,-1.435916317235476011e-02,-1.286658602907498339e-01,-4.767312946227962589e-02,5.913962991410492975e-01,-2.487592975524973576e-02,-4.967123990818995694e-01,-1.786283982422259831e-01,-4.979810447122926670e-02,-1.712050908829709783e+00,-2.030901712371240009e-02,2.043810449286999731e+00,-1.767766952966368654e-01
6.095358451668906330e-01,-5.537123258831522232e-01,-4.977276807426366662e-02,7.082331122151057645e-01,2.201435250833813750e+00,9.955382146249911468e-01,-4.966680157416004104e-01,-4.963069089824175273e-01,-6.493539992246850634e-01,-3.636176791775609651e-02,8.414777418280475763e-01,2.895809834567856456e+00,6.709844038012178213e-01,1.360766607226606036e-02,2.800805936106286476e-01,-5.904738045532329505e-01,1.222205957404534304e+00,6.734596861779125199e-01,-7.606380063659393675e-01,-1.287538044979241458e-01,2.619497413132843455e+00,1.191599090980162368e+00,-4.753493651476218829e-01,-7.986838576950811008e-01,4.885689282282582209e-03,5.774176121584963933e-02,1.878168600191707061e+00,-4.299761158736532529e-01,-2.259274387621911795e-01,-8.858084361354384706e-01,1.913484810577479101e+00,0.000000000000000000e+00,0.000000000000000000e+00,1.307170027720357286e+00,3.658348957403736890e+00,1.318026668710696736e+00,-5.605644852188333971e-01,2.288093920336594422e+00,1.598786671884697697e+00,9.285145451032854602e-01,-3.774647335768301359e-01,-4.668062001933125371e-01,1.664672360273756535e+00,6.917269558207794766e-01,9.137094037957288473e-01,1.739375798511208382e+00,-5.183686688943279358e-02,-5.183686688943279358e-02,-7.051398600435393460e-01,-1.040941436780788015e-01,-2.030901712371240009e-02,-8.401389803667852485e-02,-3.271524934852403366e-01,-5.191945123345532709e-01,1.407679351095596942e+00,-5.752567881263277033e-02,-3.801429606348526863e-02,-1.147078669352808861e-01,-1.711160802546210780e-01,-7.340709118518067011e-02,-7.197411700355742237e-02,-1.244624194945742751e-01,-7.051263942166730025e-02,-2.872721242393142319e-02,-2.030901712371240009e-02,-2.019004323808653023e-01,-1.435916317235476011e-02,-1.435916317235476011e-02,-5.183686688943279358e-02,-3.801429606348527557e-02,-3.801429606348527557e-02,-1.558271304830920190e-01,-4.064318733121485144e-02,-8.148853797899899276e-02,-1.210011918676099085e-01,-5.569323991926412171e-02,-7.051263942166730025e-02,-4.979810447122927364e-02,-3.212131358814808435e-02,-2.030901712371240009e-02,-3.801429606348527557e-02,-6.749673070628271765e-02,-3.519076715388935045e-02,-1.435916317235476185e-02,-3.524455202264515918e-01,-3.753330286669139260e-01,-2.907009498669055336e-01,-4.311306135592269523e-02,-3.519076715388935045e-02,-3.801429606348527557e-02,-1.435916317235476011e-02,-1.286658602907498339e-01,-4.767312946227962589e-02,5.913962991410492975e-01,-2.487592975524973576e-02,-4.967123990818995694e-01,-1.786283982422259831e-01,-4.979810447122926670e-02,5.840947806181536750e-01,-2.030901712371240009e-02,-4.892821642774447533e-01,-1.767766952966368654e-01
-5.658583299953381940e-02,8.839639414812570095e-01,-5.507016019503075954e-01,-1.284019034700219164e+00,-9.557662735933646347e-01,-9.768862889767194746e-01,5.905777172739697933e-01,-4.963069089824175273e-01,5.168867450326074531e-01,-6.302706439077716549e-01,5.097728598497421881e-01,1.417862610549974756e+00,-6.894342073410847371e-01,-9.090733334248238817e-01,6.320577570903027943e-03,6.725028864716499355e-02,-2.446226174023423960e-01,9.536723664903269393e-01,1.080322831523516269e+00,1.375363487782459870e+00,3.600260422021904771e-01,4.388828066981781961e-01,-1.202905124315798435e+00,1.099960742634255167e-01,1.770803710688994892e+00,1.404806545865493916e+00,4.232564107054141989e-01,1.700721633515483555e+00,4.459436610091294106e-02,1.864467346107001947e-02,9.276940622890612609e-01,0.000000000000000000e+00,0.000000000000000000e+00,5.339616623415676111e-01,7.108409781372613256e-01,7.213723788716157603e-01,8.227746010366138174e-01,-5.324419742125006128e-01,-4.122754887853995465e-01,-1.349613319767399566e-02,-3.774647335768301359e-01,-4.668062001933125371e-01,-1.131277881212430225e+00,-1.186301566740631808e+00,-3.669621702617922865e-01,-4.602362970513234064e-01,-5.183686688943279358e-02,-5.183686688943279358e-02,-7.051398600435393460e-01,-1.040941436780788015e-01,-2.030901712371240009e-02,-8.401389803667852485e-02,-3.271524934852403366e-01,1.926060419058570616e+00,-7.103890521813077674e-01,-5.752567881263277033e-02,-3.801429606348526863e-02,8.717797887081346175e+00,-1.711160802546210780e-01,-7.340709118518067011e-02,-7.197411700355742237e-02,-1.244624194945742751e-01,-7.051263942166730025e-02,-2.872721242393142319e-02,-2.030901712371240009e-02,-2.019004323808653023e-01,-1.435916317235476011e-02,-1.435916317235476011e-02,-5.183686688943279358e-02,-3.801429606348527557e-02,-3.801429606348527557e-02,-1.558271304830920190e-01,-4.064318733121485144e-02,-8.148853797899899276e-02,-1.210011918676099085e-01,-5.569323991926412171e-02,-7.051263942166730025e-02,-4.979810447122927364e-02,-3.212131358814808435e-02,-2.030901712371240009e-02,-3.801429606348527557e-02,-6.749673070628271765e-02,-3.519076715388935045e-02,-1.435916317235476185e-02,-3.524455202264515918e-01,-3.753330286669139260e-01,-2.907009498669055336e-01,-4.311306135592269523e-02,-3.519076715388935045e-02,-3.801429606348527557e-02,-1.435916317235476011e-02,-1.286658602907498339e-01,-4.767312946227962589e-02,-1.690913523558418063e+00,-2.487592975524973576e-02,2.013237442528823973e+00,-1.786283982422259831e-01,-4.979810447122926670e-02,-1.712050908829709783e+00,-2.030901712371240009e-02,2.043810449286999731e+00,-1.767766952966368654e-01
3.470240241462510533e-01,8.839639414812570095e-01,-5.507016019503075954e-01,-2.878929612425566442e-01,-2.295673228533472165e-02,-5.465391245545280219e-01,2.765069183305110201e+00,-4.963069089824175273e-01,-6.623362709603883292e-02,-3.636176791775609651e-02,-1.215092526437446363e+00,9.252135358773474483e-01,-1.608144041543616842e-01,-8.465186893911229582e-01,2.800805936106286476e-01,-7.549048278533324607e-01,8.837070555260241322e-01,-9.144121689257691532e-01,1.208390049963846274e-01,-2.958779480846334686e-01,9.248938849348538049e-01,9.406936628861676253e-01,1.707317912356907774e+00,7.210049940286284986e-01,1.677860656930746819e+00,-1.205131474393191793e+00,-5.839904897081731328e-01,-1.124768860239676149e+00,-1.014949369612911712e+00,-1.488777175866444091e+00,9.276940622890612609e-01,0.000000000000000000e+00,0.000000000000000000e+00,9.205658450309623930e-01,1.300342573990556527e+00,1.318026668710696736e+00,-1.762672568080678737e-01,-6.079323948861262705e-01,-7.298116194175201521e-01,-9.555068114986333683e-01,-3.774647335768301359e-01,-4.668062001933125371e-01,-4.064018926789744190e-01,-4.820408707801026038e-01,-3.669621702617922865e-01,-4.602362970513234064e-01,-5.183686688943279358e-02,-5.183686688943279358e-02,-7.051398600435393460e-01,-1.040941436780788015e-01,-2.030901712371240009e-02,-8.401389803667852485e-02,-3.271524934852403366e-01,1.926060419058570616e+00,-7.103890521813077674e-01,-5.752567881263277033e-02,-3.801429606348526863e-02,-1.147078669352808861e-01,5.843986132174123327e+00,-7.340709118518067011e-02,-7.197411700355742237e-02,-1.244624194945742751e-01,-7.051263942166730025e-02,-2.872721242393142319e-02,-2.030901712371240009e-02,-2.019004323808653023e-01,-1.435916317235476011e-02,-1.435916317235476011e-02,-5.183686688943279358e-02,-3.801429606348527557e-02,-3.801429606348527557e-02,-1.558271304830920190e-01,-4.064318733121485144e-02,-8.148853797899899276e-02,-1.210011918676099085e-01,-5.569323991926412171e-02,-7.051263942166730025e-02,-4.979810447122927364e-02,-3.212131358814808435e-02,-2.030901712371240009e-02,-3.801429606348527557e-02,-6.749673070628271765e-02,-3.519076715388935045e-02,-1.435916317235476185e-02,-3.524455202264515918e-01,-3.753330286669139260e-01,-2.907009498669055336e-01,-4.311306135592269523e-02,-3.519076715388935045e-02,-3.801429606348527557e-02,-1.435916317235476011e-02,-1.286658602907498339e-01,-4.767312946227962589e-02,5.913962991410492975e-01,-2.487592975524973576e-02,-4.967123990818995694e-01,-1.786283982422259831e-01,-4.979810447122926670e-02,5.840947806181536750e-01,-2.030901712371240009e-02,-4.892821642774447533e-01,-1.767766952966368654e-01
6.027538762558344310e-01,-7.448690342834912714e-02,-5.507016019503075954e-01,-2.878929612425566442e-01,5.510799085196067537e-01,1.103125005730539065e+00,-4.966680157416004104e-01,-4.963069089824175273e-01,5.168867450326074531e-01,-6.302706439077716549e-01,2.383779564129467343e-01,1.862399238684066816e-01,1.075223076826359092e+00,1.311616529771562512e+00,8.276006256900798608e-01,6.427588701975132102e-01,-8.087874538665257296e-01,-1.194624849238183684e+00,3.158560429084031895e-01,-2.384929742918500128e+00,3.600260422021904771e-01,1.191599090980162368e+00,1.548165090038869263e+00,1.159678064629286798e+00,-8.805736447596543282e-02,-2.790244349465614282e-01,-5.839904897081731328e-01,2.858709540792188086e+00,-1.029978358771973079e+00,7.077518045822193127e-01,-5.809668599935657873e-02,0.000000000000000000e+00,0.000000000000000000e+00,1.473574796521728292e-01,4.160901802106137248e-01,1.318026668710696736e+00,-2.569083000316827251e-02,-4.055111783895901101e-01,-9.415023731722672595e-01,-1.191009481073873166e+00,9.257960654133498002e-01,-4.668062001933125371e-01,-5.099556053266109945e-01,-1.253374013974976713e-02,9.137094037957288473e-01,-4.602362970513234064e-01,-5.183686688943279358e-02,-5.183686688943279358e-02,1.418158377741196352e+00,-1.040941436780788015e-01,-2.030901712371240009e-02,-8.401389803667852485e-02,-3.271524934852403366e-01,-5.191945123345532709e-01,-7.103890521813077674e-01,-5.752567881263277033e-02,-3.801429606348526863e-02,-1.147078669352808861e-01,-1.711160802546210780e-01,-7.340709118518067011e-02,-7.197411700355742237e-02,-1.244624194945742751e-01,-7.051263942166730025e-02,-2.872721242393142319e-02,-2.030901712371240009e-02,-2.019004323808653023e-01,-1.435916317235476011e-02,-1.435916317235476011e-02,-5.183686688943279358e-02,-3.801429606348527557e-02,-3.801429606348527557e-02,-1.558271304830920190e-01,-4.064318733121485144e-02,-8.148853797899899276e-02,8.264381404557756383e+00,-5.569323991926412171e-02,-7.051263942166730025e-02,-4.979810447122927364e-02,-3.212131358814808435e-02,-2.030901712371240009e-02,-3.801429606348527557e-02,-6.749673070628271765e-02,-3.519076715388935045e-02,-1.435916317235476185e-02,-3.524455202264515918e-01,-3.753330286669139260e-01,-2.907009498669055336e-01,-4.311306135592269523e-02,-3.519076715388935045e-02,-3.801429606348527557e-02,-1.435916317235476011e-02,-1.286658602907498339e-01,-4.767312946227962589e-02,5.913962991410492975e-01,-2.487592975524973576e-02,-4.967123990818995694e-01,-1.786283982422259831e-01,-4.979810447122926670e-02,5.840947806181536750e-01,-2.030901712371240009e-02,-4.892821642774447533e-01,-1.767766952966368654e-01
-1.621731926570606275e+00,-7.448690342834912714e-02,5.961373238438262945e+00,7.082331122151057645e-01,-4.176069228387320198e-01,-4.030900697471309080e-01,5.905777172739697933e-01,1.810913805415002020e+00,-6.623362709603883292e-02,2.339273736042306151e+00,8.414777418280475763e-01,4.325644612047202520e-01,-1.186958727987412754e+00,-9.794473079627376011e-01,9.757391625081156261e-02,3.961123352473639447e-01,7.708740882331873712e-01,7.668639129487173633e-01,-5.422189239044785669e-01,-6.301262352580521142e-01,-6.362483984730694930e-02,-5.647389056778006067e-01,-4.450345418489478622e-01,-7.203493808021064204e-01,1.907717967987786201e-01,4.786995064188634408e-01,1.654335955655354518e+00,2.648166284923695879e-01,8.636742752697562642e-01,-7.566008490502229566e-01,-7.622329347767978769e-01,0.000000000000000000e+00,0.000000000000000000e+00,1.473574796521728292e-01,4.160901802106137248e-01,-1.068590490645627611e+00,-1.020804607148591669e+00,-1.559913363557954957e+00,-1.259038503804387865e+00,-2.489988027729138353e-01,-3.774647335768301359e-01,-4.668062001933125371e-01,1.354011222330846920e+00,1.630741217101485230e+00,-3.669621702617922865e-01,-4.602362970513234064e-01,-5.183686688943279358e-02,-5.183686688943279358e-02,-7.051398600435393460e-01,-1.040941436780788015e-01,-2.030901712371240009e-02,-8.401389803667852485e-02,-3.271524934852403366e-01,-5.191945123345532709e-01,1.407679351095596942e+00,-5.752567881263277033e-02,-3.801429606348526863e-02,-1.147078669352808861e-01,-1.711160802546210780e-01,-7.340709118518067011e-02,-7.197411700355742237e-02,-1.244624194945742751e-01,-7.051263942166730025e-02,-2.872721242393142319e-02,-2.030901712371240009e-02,-2.019004323808653023e-01,-1.435916317235476011e-02,-1.435916317235476011e-02,-5.183686688943279358e-02,-3.801429606348527557e-02,-3.801429606348527557e-02,-1.558271304830920190e-01,-4.064318733121485144e-02,-8.148853797899899276e-02,-1.210011918676099085e-01,-5.569323991926412171e-02,-7.051263942166730025e-02,-4.979810447122927364e-02,-3.212131358814808435e-02,-2.030901712371240009e-02,-3.801429606348527557e-02,-6.749673070628271765e-02,-3.519076715388935045e-02,-1.435916317235476185e-02,-3.524455202264515918e-01,-3.753330286669139260e-01,-2.907009498669055336e-01,-4.311306135592269523e-02,-3.519076715388935045e-02,-3.801429606348527557e-02,-1.435916317235476011e-02,-1.286658602907498339e-01,-4.767312946227962589e-02,5.913962991410492975e-01,-2.487592975524973576e-02,-4.967123990818995694e-01,-1.786283982422259831e-01,-4.979810447122926670e-02,5.840947806181536750e-01,-2.030901712371240009e-02,-4.892821642774447533e-01,-1.767766952966368654e-01
6.742126706357438604e-01,-5.537123258831522232e-01,-5.507016019503075954e-01,-1.284019034700219164e+00,-4.534842128890408386e-01,-1.084473080082267282e+00,-4.966680157416004104e-01,-4.963069089824175273e-01,-6.623362709603883292e-02,-6.302706439077716549e-01,5.459588469746480266e-01,9.252135358773474483e-01,-6.752855653317514639e-02,-6.823127488026576870e-01,2.800805936106286476e-01,2.316813119472644900e-01,4.323751863546776431e-01,1.963009878227889651e-02,9.477112457433433113e-01,3.726186262622038226e-01,1.969899393990280689e+00,1.879773786041834815e-01,-8.618633622057156884e-01,-6.733486946663216344e-01,7.484301193482666426e-01,7.312741535406717119e-01,-4.720741674399969168e-01,7.953856332809684793e-02,-1.060036337090095815e+00,9.230977830575785026e-01,1.631830311066502670e+00,0.000000000000000000e+00,0.000000000000000000e+00,1.307170027720357286e+00,1.005591776063908815e+00,1.019699523791156359e+00,-4.466501449403441071e-01,6.894339497880429546e-01,-9.473935815327891308e-02,9.285145451032854602e-01,-3.774647335768301359e-01,-4.668062001933125371e-01,1.354011222330846920e+00,9.264805211409559149e-01,2.194380977853250148e+00,1.739375798511208382e+00,-5.183686688943279358e-02,-5.183686688943279358e-02,1.418158377741196352e+00,-1.040941436780788015e-01,-2.030901712371240009e-02,-8.401389803667852485e-02,-3.271524934852403366e-01,-5.191945123345532709e-01,-7.103890521813077674e-01,-5.752567881263277033e-02,-3.801429606348526863e-02,-1.147078669352808861e-01,-1.711160802546210780e-01,-7.340709118518067011e-02,-7.197411700355742237e-02,-1.244624194945742751e-01,-7.051263942166730025e-02,-2.872721242393142319e-02,-2.030901712371240009e-02,-2.019004323808653023e-01,-1.435916317235476011e-02,-1.435916317235476011e-02,-5.183686688943279358e-02,-3.801429606348527557e-02,-3.801429606348527557e-02,6.417367738851512016e+00,-4.064318733121485144e-02,-8.148853797899899276e-02,-1.210011918676099085e-01,-5.569323991926412171e-02,-7.051263942166730025e-02,-4.979810447122927364e-02,-3.212131358814808435e-02,-2.030901712371240009e-02,-3.801429606348527557e-02,-6.749673070628271765e-02,-3.519076715388935045e-02,-1.435916317235476185e-02,-3.524455202264515918e-01,-3.753330286669139260e-01,-2.907009498669055336e-01,-4.311306135592269523e-02,-3.519076715388935045e-02,-3.801429606348527557e-02,-1.435916317235476011e-02,-1.286658602907498339e-01,-4.767312946227962589e-02,5.913962991410492975e-01,-2.487592975524973576e-02,-4.967123990818995694e-01,-1.786283982422259831e-01,-4.979810447122926670e-02,-1.712050908829709783e+00,-2.030901712371240009e-02,2.043810449286999731e+00,-1.767766952966368654e-01
6.116862255533230819e-01,-5.537123258831522232e-01,1.453013733553867981e+00,-2.878929612425566442e-01,-1.099275433794600021e+00,-7.617127067656237482e-01,1.677823450289539942e+00,6.573034482162921632e-01,-6.493539992246850634e-01,5.575471080722594897e-01,-1.450301442749335479e+00,6.788889985410339056e-01,-9.226488263940509915e-01,1.699942761565187699e-01,1.466373996449439554e+00,-3.438272696030836850e-01,1.899203761161553983e+00,-1.204762413739283167e-01,-1.833875741463642794e-01,-1.215060737811534786e+00,3.600260422021904771e-01,1.944315375262146484e+00,-2.479881904075665333e-01,-1.112021765266979934e+00,9.343162268647626778e-01,-6.999821801495752505e-01,1.430503311119001530e+00,-1.032129827657539689e+00,-1.282390092282925109e-01,-9.288776318305103086e-01,3.643850632671082335e-01,0.000000000000000000e+00,0.000000000000000000e+00,5.339616623415676111e-01,1.300342573990556527e+00,1.318026668710696736e+00,8.293214022020442000e-01,8.484314729767413743e-01,7.520236568657093779e-01,1.164017214678525258e+00,-3.774647335768301359e-01,-4.668062001933125371e-01,8.362426590926641534e-01,2.100248347741838106e+00,-3.669621702617922865e-01,-4.602362970513234064e-01,-5.183686688943279358e-02,-5.183686688943279358e-02,-7.051398600435393460e-01,-1.040941436780788015e-01,-2.030901712371240009e-02,-8.401389803667852485e-02,-3.271524934852403366e-01,1.926060419058570616e+00,-7.103890521813077674e-01,-5.752567881263277033e-02,-3.801429606348526863e-02,-1.147078669352808861e-01,-1.711160802546210780e-01,-7.340709118518067011e-02,-7.197411700355742237e-02,-1.244624194945742751e-01,-7.051263942166730025e-02,-2.872721242393142319e-02,-2.030901712371240009e-02,-2.019004323808653023e-01,-1.435916317235476011e-02,-1.435916317235476011e-02,-5.183686688943279358e-02,-3.801429606348527557e-02,-3.801429606348527557e-02,-1.558271304830920190e-01,-4.064318733121485144e-02,-8.148853797899899276e-02,-1.210011918676099085e-01,-5.569323991926412171e-02,-7.051263942166730025e-02,-4.979810447122927364e-02,-3.212131358814808435e-02,-2.030901712371240009e-02,-3.801429606348527557e-02,-6.749673070628271765e-02,-3.519076715388935045e-02,-1.435916317235476185e-02,-3.524455202264515918e-01,-3.753330286669139260e-01,3.439961240091715222e+00,-4.311306135592269523e-02,-3.519076715388935045e-02,-3.801429606348527557e-02,-1.435916317235476011e-02,-1.286658602907498339e-01,-4.767312946227962589e-02,5.913962991410492975e-01,-2.487592975524973576e-02,-4.967123990818995694e-01,-1.786283982422259831e-01,-4.979810447122926670e-02,5.840947806181536750e-01,-2.030901712371240009e-02,-4.892821642774447533e-01,-1.767766952966368654e-01
1.025551743003632055e+00,-5.537123258831522232e-01,-4.977276807426366662e-02,7.082331122151057645e-01,2.309067120984740207e+00,3.858797316935533850e-01,-4.966680157416004104e-01,1.810913805415002020e+00,-6.623362709603883292e-02,-3.636176791775609651e-02,8.414777418280475763e-01,1.862399238684066816e-01,-5.261839740040085145e-01,4.045741912828975106e-01,-8.149594705482737789e-01,8.071898934976127205e-01,-5.831215192808524295e-01,1.597364389384861028e-01,8.963627893046162420e-02,5.815238057455904830e-01,-7.697096432631360674e-01,-6.292804948981121915e-02,-9.641407391419663797e-02,-9.367356565830856074e-02,-4.598295795089574756e-01,2.261248592970551696e-01,1.994237661690613783e-01,-6.615736973289941814e-01,3.707987152138226411e-02,-2.828396964044327944e-01,-5.809668599935657873e-02,0.000000000000000000e+00,0.000000000000000000e+00,-2.392467030372219805e-01,-4.681622135693289666e-01,-1.736090558870059808e-01,4.129448480806696686e-01,4.916891310323508457e-01,4.344875262335887722e-01,-1.349613319767399566e-02,-3.774647335768301359e-01,-4.668062001933125371e-01,1.354011222330846920e+00,9.264805211409559149e-01,-3.669621702617922865e-01,-4.602362970513234064e-01,-5.183686688943279358e-02,-5.183686688943279358e-02,-7.051398600435393460e-01,-1.040941436780788015e-01,-2.030901712371240009e-02,-8.401389803667852485e-02,-3.271524934852403366e-01,-5.191945123345532709e-01,1.407679351095596942e+00,-5.752567881263277033e-02,-3.801429606348526863e-02,-1.147078669352808861e-01,-1.711160802546210780e-01,-7.340709118518067011e-02,-7.197411700355742237e-02,-1.244624194945742751e-01,-7.051263942166730025e-02,-2.872721242393142319e-02,-2.030901712371240009e-02,-2.019004323808653023e-01,-1.435916317235476011e-02,-1.435916317235476011e-02,-5.183686688943279358e-02,-3.801429606348527557e-02,-3.801429606348527557e-02,-1.558271304830920190e-01,-4.064318733121485144e-02,-8.148853797899899276e-02,-1.210011918676099085e-01,-5.569323991926412171e-02,-7.051263942166730025e-02,-4.979810447122927364e-02,-3.212131358814808435e-02,-2.030901712371240009e-02,-3.801429606348527557e-02,-6.749673070628271765e-02,-3.519076715388935045e-02,-1.435916317235476185e-02,-3.524455202264515918e-01,-3.753330286669139260e-01,-2.907009498669055336e-01,-4.311306135592269523e-02,-3.519076715388935045e-02,-3.801429606348527557e-02,-1.435916317235476011e-02,-1.286658602907498339e-01,-4.767312946227962589e-02,5.913962991410492975e-01,-2.487592975524973576e-02,-4.967123990818995694e-01,-1.786283982422259831e-01,-4.979810447122926670e-02,-1.712050908829709783e+00,-2.030901712371240009e-02,2.043810449286999731e+00,-1.767766952966368654e-01
7.628745081071129919e-01,4.047385190264539689e-01,9.520848996778241702e-01,7.082331122151057645e-01,8.022209388717687073e-01,-6.182636519582266343e-01,-4.966680157416004104e-01,-4.963069089824175273e-01,5.168867450326074531e-01,1.151455984062275117e+00,8.414777418280475763e-01,-5.527336881405341407e-01,-2.774217136808447282e-01,6.860700894345523881e-01,-9.062128092281823699e-01,8.894054051476624201e-01,-4.702885519880157239e-01,-3.072846949155379481e-01,-5.578202869374400130e-01,3.308375903655265127e-01,-7.697096432631360674e-01,-1.317455189959784834e+00,-1.494650146868760632e-01,-6.576817992877266317e-01,-8.805736447596543282e-02,5.774176121584963933e-02,-2.440887836729143182e-02,-1.983785344183122967e-01,1.246913498825820366e+00,5.354750218019320718e-01,-1.043887434287774418e+00,0.000000000000000000e+00,0.000000000000000000e+00,-6.258508857266168457e-01,-1.352414607349271769e+00,-1.665244780484708809e+00,1.234568394342187014e+00,6.967825748093693372e-01,5.403329031109622704e-01,9.285145451032854602e-01,-3.774647335768301359e-01,1.696017942249628430e+00,7.812957911571764835e-03,9.264805211409559149e-01,-3.669621702617922865e-01,1.739375798511208382e+00,-5.183686688943279358e-02,-5.183686688943279358e-02,-7.051398600435393460e-01,-1.040941436780788015e-01,-2.030901712371240009e-02,1.190279255419648408e+01,-3.271524934852403366e-01,-5.191945123345532709e-01,-7.103890521813077674e-01,-5.752567881263277033e-02,-3.801429606348526863e-02,-1.147078669352808861e-01,-1.711160802546210780e-01,-7.340709118518067011e-02,-7.197411700355742237e-02,-1.244624194945742751e-01,-7.051263942166730025e-02,-2.872721242393142319e-02,-2.030901712371240009e-02,-2.019004323808653023e-01,-1.435916317235476011e-02,-1.435916317235476011e-02,-5.183686688943279358e-02,-3.801429606348527557e-02,-3.801429606348527557e-02,-1.558271304830920190e-01,-4.064318733121485144e-02,-8.148853797899899276e-02,-1.210011918676099085e-01,-5.569323991926412171e-02,-7.051263942166730025e-02,-4.979810447122927364e-02,-3.212131358814808435e-02,-2.030901712371240009e-02,-3.801429606348527557e-02,-6.749673070628271765e-02,-3.519076715388935045e-02,-1.435916317235476185e-02,-3.524455202264515918e-01,-3.753330286669139260e-01,-2.907009498669055336e-01,-4.311306135592269523e-02,-3.519076715388935045e-02,-3.801429606348527557e-02,-1.435916317235476011e-02,-1.286658602907498339e-01,-4.767312946227962589e-02,5.913962991410492975e-01,-2.487592975524973576e-02,-4.967123990818995694e-01,-1.786283982422259831e-01,-4.979810447122926670e-02,5.840947806181536750e-01,-2.030901712371240009e-02,-4.892821642774447533e-01,-1.767766952966368654e-01
-3.076840965844934161e-01,-5.537123258831522232e-01,2.454871401305955825e+00,7.082331122151057645e-01,-1.305886024362612474e-01,3.039687245630400270e+00,-4.966680157416004104e-01,1.810913805415002020e+00,-6.493539992246850634e-01,2.933182612032321668e+00,8.414777418280475763e-01,-2.277005449494729383e+00,2.637761024481232397e+00,-5.102874777099800641e-01,-4.499461158286396367e-01,-5.082582929031832508e-01,4.323751863546776431e-01,6.633221216768130091e-02,-7.918407324318622598e-01,-1.089717630121502800e+00,-1.334577485995799284e+00,-1.568360618053779465e+00,-5.511364233943070179e-01,3.449995049423498772e-01,2.837148505570266099e-01,6.470826045000689364e-01,7.590053775099431244e-01,1.237526470604801476e+00,1.998362956778887645e+00,-2.828396964044327944e-01,-1.043887434287774418e+00,0.000000000000000000e+00,0.000000000000000000e+00,-1.399059251105406521e+00,-2.236667001129214238e+00,-1.068590490645627611e+00,-1.880514989058426067e-01,-7.562410089528953661e-01,-1.259038503804387865e+00,-7.200041419233935702e-01,-3.774647335768301359e-01,1.696017942249628430e+00,-1.992944673837013236e-01,2.222198251804266556e-01,9.137094037957288473e-01,-4.602362970513234064e-01,-5.183686688943279358e-02,-5.183686688943279358e-02,-7.051398600435393460e-01,-1.040941436780788015e-01,-2.030901712371240009e-02,-8.401389803667852485e-02,-3.271524934852403366e-01,-5.191945123345532709e-01,1.407679351095596942e+00,-5.752567881263277033e-02,-3.801429606348526863e-02,-1.147078669352808861e-01,-1.711160802546210780e-01,-7.340709118518067011e-02,-7.197411700355742237e-02,-1.244624194945742751e-01,-7.051263942166730025e-02,-2.872721242393142319e-02,-2.030901712371240009e-02,-2.019004323808653023e-01,-1.435916317235476011e-02,-1.435916317235476011e-02,-5.183686688943279358e-02,-3.801429606348527557e-02,-3.801429606348527557e-02,-1.558271304830920190e-01,-4.064318733121485144e-02,-8.148853797899899276e-02,-1.210011918676099085e-01,-5.569323991926412171e-02,-7.051263942166730025e-02,-4.979810447122927364e-02,-3.212131358814808435e-02,-2.030901712371240009e-02,-3.801429606348527557e-02,-6.749673070628271765e-02,-3.519076715388935045e-02,-1.435916317235476185e-02,-3.524455202264515918e-01,-3.753330286669139260e-01,-2.907009498669055336e-01,-4.311306135592269523e-02,-3.519076715388935045e-02,-3.801429606348527557e-02,-1.435916317235476011e-02,-1.286658602907498339e-01,-4.767312946227962589e-02,5.913962991410492975e-01,-2.487592975524973576e-02,-4.967123990818995694e-01,-1.786283982422259831e-01,-4.979810447122926670e-02,-1.712050908829709783e+00,-2.030901712371240009e-02,2.043810449286999731e+00,-1.767766952966368654e-01
-6.345419153222273678e-01,4.047385190264539689e-01,-5.507016019503075954e-01,-1.284019034700219164e+00,-5.252387929896585872e-01,-8.334372341693222497e-01,-4.966680157416004104e-01,-4.963069089824175273e-01,-6.493539992246850634e-01,-6.302706439077716549e-01,-7.084887066887615159e-01,-5.527336881405341407e-01,-4.328981263828219350e-01,2.169102591817945735e-01,2.800805936106286476e-01,4.783278468974136999e-01,-2.446226174023423960e-01,2.998427790946933125e-01,-3.237998414430177663e-01,2.472755185721718374e-01,-4.872757218968044035e-01,-3.138334775838059199e-01,4.265166279879301636e-01,1.418181838376103565e+00,4.885689282282582209e-03,8.996572516218772630e-01,-8.078231342445260088e-01,7.280117914030515003e-01,-4.137898032504579993e-01,9.230977830575785026e-01,-5.809668599935657873e-02,0.000000000000000000e+00,0.000000000000000000e+00,-2.392467030372219805e-01,-4.681622135693289666e-01,-1.736090558870059808e-01,1.722305081166753071e+00,-1.710232345272660048e-01,5.403329031109622704e-01,-2.489988027729138353e-01,-3.774647335768301359e-01,-4.668062001933125371e-01,-4.064018926789744190e-01,-7.167944361002790421e-01,-3.669621702617922865e-01,-4.602362970513234064e-01,-5.183686688943279358e-02,-5.183686688943279358e-02,1.418158377741196352e+00,-1.040941436780788015e-01,-2.030901712371240009e-02,-8.401389803667852485e-02,-3.271524934852403366e-01,-5.191945123345532709e-01,-7.103890521813077674e-01,-5.752567881263277033e-02,-3.801429606348526863e-02,-1.147078669352808861e-01,-1.711160802546210780e-01,-7.340709118518067011e-02,-7.197411700355742237e-02,-1.244624194945742751e-01,-7.051263942166730025e-02,-2.872721242393142319e-02,-2.030901712371240009e-02,-2.019004323808653023e-01,-1.435916317235476011e-02,-1.435916317235476011e-02,-5.183686688943279358e-02,-3.801429606348527557e-02,-3.801429606348527557e-02,-1.558271304830920190e-01,-4.064318733121485144e-02,-8.148853797899899276e-02,-1.210011918676099085e-01,-5.569323991926412171e-02,-7.051263942166730025e-02,-4.979810447122927364e-02,-3.212131358814808435e-02,-2.030901712371240009e-02,-3.801429606348527557e-02,-6.749673070628271765e-02,-3.519076715388935045e-02,-1.435916317235476185e-02,-3.524455202264515918e-01,2.664300564093018409e+00,-2.907009498669055336e-01,-4.311306135592269523e-02,-3.519076715388935045e-02,-3.801429606348527557e-02,-1.435916317235476011e-02,-1.286658602907498339e-01,-4.767312946227962589e-02,-1.690913523558418063e+00,-2.487592975524973576e-02,2.013237442528823973e+00,-1.786283982422259831e-01,-4.979810447122926670e-02,5.840947806181536750e-01,-2.030901712371240009e-02,-4.892821642774447533e-01,-1.767766952966368654e-01
-1.643897385938448474e+00,-5.537123258831522232e-01,-5.507016019503075954e-01,7.082331122151057645e-01,-9.916435636436735646e-01,-9.410240252748701684e-01,-4.966680157416004104e-01,-4.963069089824175273e-01,-6.493539992246850634e-01,-3.636176791775609651e-02,8.414777418280475763e-01,-5.527336881405341407e-01,8.017403553370337776e-02,-6.823127488026576870e-01,-4.499461158286396367e-01,1.494658002972147348e-01,-4.702885519880157239e-01,-2.605825815301355264e-01,-1.064864585508688455e+00,2.472755185721718374e-01,-7.697096432631360674e-01,-6.292804948981121915e-02,-2.294238763068062958e+00,-2.326206157108087869e+00,-3.898722568564133795e+00,-4.572793436017302149e+00,-8.078231342445260088e-01,-1.773242088314630704e+00,-1.202811734101178587e+00,-2.436299481158024527e+00,-4.805784352658213909e-01,0.000000000000000000e+00,0.000000000000000000e+00,-2.392467030372219805e-01,-1.057663809422624057e+00,-1.366917635565168210e+00,-1.024732687847849988e+00,-2.197913823960684354e-01,7.520236568657093779e-01,1.870525223404244874e+00,9.257960654133498002e-01,-4.668062001933125371e-01,-1.131277881212430225e+00,-1.186301566740631808e+00,4.755724125968292526e+00,-4.602362970513234064e-01,-5.183686688943279358e-02,-5.183686688943279358e-02,-7.051398600435393460e-01,-1.040941436780788015e-01,-2.030901712371240009e-02,-8.401389803667852485e-02,-3.271524934852403366e-01,-5.191945123345532709e-01,1.407679351095596942e+00,-5.752567881263277033e-02,-3.801429606348526863e-02,-1.147078669352808861e-01,-1.711160802546210780e-01,-7.340709118518067011e-02,-7.197411700355742237e-02,-1.244624194945742751e-01,-7.051263942166730025e-02,-2.872721242393142319e-02,-2.030901712371240009e-02,-2.019004323808653023e-01,-1.435916317235476011e-02,-1.435916317235476011e-02,-5.183686688943279358e-02,-3.801429606348527557e-02,-3.801429606348527557e-02,-1.558271304830920190e-01,-4.064318733121485144e-02,-8.148853797899899276e-02,-1.210011918676099085e-01,-5.569323991926412171e-02,-7.051263942166730025e-02,-4.979810447122927364e-02,-3.212131358814808435e-02,-2.030901712371240009e-02,-3.801429606348527557e-02,-6.749673070628271765e-02,-3.519076715388935045e-02,-1.435916317235476185e-02,-3.524455202264515918e-01,-3.753330286669139260e-01,-2.907009498669055336e-01,-4.311306135592269523e-02,-3.519076715388935045e-02,-3.801429606348527557e-02,-1.435916317235476011e-02,-1.286658602907498339e-01,-4.767312946227962589e-02,-1.690913523558418063e+00,-2.487592975524973576e-02,2.013237442528823973e+00,-1.786283982422259831e-01,-4.979810447122926670e-02,5.840947806181536750e-01,-2.030901712371240009e-02,-4.892821642774447533e-01,-1.767766952966368654e-01
-1.020746488663743234e-01,-5.537123258831522232e-01,-4.977276807426366662e-02,-2.878929612425566442e-01,-5.611160830399674060e-01,-2.955032786415830448e-01,-4.966680157416004104e-01,-4.963069089824175273e-01,-6.493539992246850634e-01,-3.636176791775609651e-02,-1.498549425582543559e+00,1.171538073213661102e+00,-3.551599200318334981e-01,9.962030161860523092e-02,6.320577570903027943e-03,3.138968235973142451e-01,-4.702885519880157239e-01,-1.204762413739283167e-01,-7.840400509153816477e-01,8.739910570223318187e-01,1.913412609717014545e+00,1.944315375262146484e+00,-8.239698330823731487e-01,4.546677725925142299e-01,1.770803710688994892e+00,5.628910554594662718e-01,3.113400884372377608e-01,1.098567921731596897e+00,-1.357535038078231948e-01,7.077518045822193127e-01,2.617621059354920288e+00,0.000000000000000000e+00,0.000000000000000000e+00,1.307170027720357286e+00,1.300342573990556527e+00,1.616353813630237335e+00,1.784499692238342039e+00,1.510475781716237531e+00,9.637144106204564853e-01,2.341530562554724693e+00,-3.774647335768301359e-01,3.858842084692569063e+00,2.700209486750122068e+00,2.335001913062014545e+00,-3.669621702617922865e-01,1.739375798511208382e+00,-5.183686688943279358e-02,-5.183686688943279358e-02,1.418158377741196352e+00,-1.040941436780788015e-01,-2.030901712371240009e-02,-8.401389803667852485e-02,-3.271524934852403366e-01,-5.191945123345532709e-01,-7.103890521813077674e-01,-5.752567881263277033e-02,-3.801429606348526863e-02,-1.147078669352808861e-01,-1.711160802546210780e-01,-7.340709118518067011e-02,-7.197411700355742237e-02,-1.244624194945742751e-01,-7.051263942166730025e-02,-2.872721242393142319e-02,-2.030901712371240009e-02,-2.019004323808653023e-01,-1.435916317235476011e-02,-1.435916317235476011e-02,-5.183686688943279358e-02,-3.801429606348527557e-02,-3.801429606348527557e-02,-1.558271304830920190e-01,-4.064318733121485144e-02,-8.148853797899899276e-02,-1.210011918676099085e-01,-5.569323991926412171e-02,-7.051263942166730025e-02,-4.979810447122927364e-02,-3.212131358814808435e-02,-2.030901712371240009e-02,-3.801429606348527557e-02,-6.749673070628271765e-02,-3.519076715388935045e-02,-1.435916317235476185e-02,2.837317947345407543e+00,-3.753330286669139260e-01,-2.907009498669055336e-01,-4.311306135592269523e-02,-3.519076715388935045e-02,-3.801429606348527557e-02,-1.435916317235476011e-02,-1.286658602907498339e-01,-4.767312946227962589e-02,5.913962991410492975e-01,-2.487592975524973576e-02,-4.967123990818995694e-01,-1.786283982422259831e-01,-4.979810447122926670e-02,5.840947806181536750e-01,-2.030901712371240009e-02,-4.892821642774447533e-01,-1.767766952966368654e-01
-5.051882643845209131e-01,-5.537123258831522232e-01,1.953942567429912014e+00,2.700485259130430471e+00,4.879784781528296450e-02,2.932100454524852573e+00,-4.966680157416004104e-01,-4.963069089824175273e-01,-6.493539992246850634e-01,2.933182612032321668e+00,-6.843647152721574756e-01,-6.008461346790693741e-02,-9.862383907357066826e-02,-1.427789440119863196e-01,9.757391625081156261e-02,-2.616117579530339854e-01,-5.831215192808524295e-01,7.668639129487173633e-01,-8.386448215307468201e-01,2.890565544688492028e-01,2.619497413132843455e+00,1.944315375262146484e+00,-5.094183896618557222e-02,1.402514942997508118e+00,8.413731731065147157e-01,6.470826045000689364e-01,-8.078231342445260088e-01,-1.310046925403953073e-02,5.856379758271212932e-01,7.938901959723629886e-01,1.913484810577479101e+00,0.000000000000000000e+00,0.000000000000000000e+00,1.307170027720357286e+00,-1.734114156426813935e-01,1.616353813630237335e+00,2.710217377030203156e+00,7.161562225928661540e-01,-5.181208656627730447e-01,1.635022553829005076e+00,9.257960654133498002e-01,1.696017942249628430e+00,7.812957911571764835e-03,-9.515480014204554804e-01,-3.669621702617922865e-01,-4.602362970513234064e-01,-5.183686688943279358e-02,-5.183686688943279358e-02,1.418158377741196352e+00,-1.040941436780788015e-01,-2.030901712371240009e-02,-8.401389803667852485e-02,-3.271524934852403366e-01,-5.191945123345532709e-01,-7.103890521813077674e-01,-5.752567881263277033e-02,-3.801429606348526863e-02,-1.147078669352808861e-01,-1.711160802546210780e-01,-7.340709118518067011e-02,-7.197411700355742237e-02,-1.244624194945742751e-01,-7.051263942166730025e-02,-2.872721242393142319e-02,-2.030901712371240009e-02,-2.019004323808653023e-01,-1.435916317235476011e-02,-1.435916317235476011e-02,-5.183686688943279358e-02,-3.801429606348527557e-02,-3.801429606348527557e-02,-1.558271304830920190e-01,-4.064318733121485144e-02,-8.148853797899899276e-02,-1.210011918676099085e-01,-5.569323991926412171e-02,-7.051263942166730025e-02,-4.979810447122927364e-02,-3.212131358814808435e-02,-2.030901712371240009e-02,-3.801429606348527557e-02,-6.749673070628271765e-02,-3.519076715388935045e-02,-1.435916317235476185e-02,-3.524455202264515918e-01,2.664300564093018409e+00,-2.907009498669055336e-01,-4.311306135592269523e-02,-3.519076715388935045e-02,-3.801429606348527557e-02,-1.435916317235476011e-02,-1.286658602907498339e-01,-4.767312946227962589e-02,5.913962991410492975e-01,-2.487592975524973576e-02,-4.967123990818995694e-01,-1.786283982422259831e-01,-4.979810447122926670e-02,5.840947806181536750e-01,-2.030901712371240009e-02,-4.892821642774447533e-01,-1.767766952966368654e-01
6.689194266076023965e-01,-5.537123258831522232e-01,9.520848996778241702e-01,7.082331122151057645e-01,-9.557662735933646347e-01,5.651910502027998051e-01,-4.966680157416004104e-01,1.810913805415002020e+00,-6.623362709603883292e-02,5.575471080722594897e-01,8.414777418280475763e-01,-6.008461346790693741e-02,2.745195514111751778e-01,-1.589355087291322688e+00,9.188539643699884518e-01,-1.494844432703780202e+00,-3.574555846951790183e-01,-6.341994886133547338e-01,2.768526353259994632e-01,-4.630020916713427637e-01,-6.362483984730694930e-02,6.897882347921728829e-01,-1.263534770913146366e+00,-5.088462931910747722e-01,7.484301193482666426e-01,5.774176121584963933e-02,9.828380220462961114e-01,5.427337262387786909e-01,-2.184129441826604956e-01,1.478522605462855299e-01,-5.809668599935657873e-02,0.000000000000000000e+00,0.000000000000000000e+00,1.473574796521728292e-01,-1.734114156426813935e-01,7.213723788716157603e-01,-7.242345143545937391e-01,3.387041192247376431e-01,-4.122754887853995465e-01,-4.845014723481537167e-01,-3.774647335768301359e-01,-4.668062001933125371e-01,-1.992944673837013236e-01,2.222198251804266556e-01,-3.669621702617922865e-01,1.739375798511208382e+00,-5.183686688943279358e-02,-5.183686688943279358e-02,-7.051398600435393460e-01,-1.040941436780788015e-01,-2.030901712371240009e-02,-8.401389803667852485e-02,-3.271524934852403366e-01,-5.191945123345532709e-01,1.407679351095596942e+00,-5.752567881263277033e-02,-3.801429606348526863e-02,-1.147078669352808861e-01,-1.711160802546210780e-01,-7.340709118518067011e-02,-7.197411700355742237e-02,-1.244624194945742751e-01,-7.051263942166730025e-02,-2.872721242393142319e-02,-2.030901712371240009e-02,-2.019004323808653023e-01,-1.435916317235476011e-02,-1.435916317235476011e-02,-5.183686688943279358e-02,-3.801429606348527557e-02,-3.801429606348527557e-02,-1.558271304830920190e-01,-4.064318733121485144e-02,-8.148853797899899276e-02,-1.210011918676099085e-01,-5.569323991926412171e-02,-7.051263942166730025e-02,-4.979810447122927364e-02,-3.212131358814808435e-02,-2.030901712371240009e-02,-3.801429606348527557e-02,-6.749673070628271765e-02,-3.519076715388935045e-02,-1.435916317235476185e-02,-3.524455202264515918e-01,-3.753330286669139260e-01,-2.907009498669055336e-01,-4.311306135592269523e-02,-3.519076715388935045e-02,-3.801429606348527557e-02,-1.435916317235476011e-02,-1.286658602907498339e-01,-4.767312946227962589e-02,5.913962991410492975e-01,-2.487592975524973576e-02,-4.967123990818995694e-01,-1.786283982422259831e-01,-4.979810447122926670e-02,5.840947806181536750e-01,-2.030901712371240009e-02,-4.892821642774447533e-01,-1.767766952966368654e-01
-7.860610256277761332e-01,-5.537123258831522232e-01,-5.507016019503075954e-01,-1.284019034700219164e+00,1.923070080165183438e-01,-2.596410149397337386e-01,-4.966680157416004104e-01,-4.963069089824175273e-01,-6.493539992246850634e-01,-6.302706439077716549e-01,4.132768941833259713e-01,4.325644612047202520e-01,-3.707075613020312521e-01,7.251667419556153682e-01,7.363472870101713808e-01,1.053836428447761930e+00,-1.895668281666913063e-02,3.932470058654981004e-01,-4.330093826737481111e-01,5.397427698489131176e-01,9.248938849348538049e-01,1.879773786041834815e-01,4.492527454619358873e-01,-2.033418333084732466e-01,1.027259280623010751e+00,-4.474075330277669238e-01,-6.959068119763496263e-01,7.953856332809684793e-02,-7.519420593293382193e-01,2.770598476315010439e-01,9.276940622890612609e-01,0.000000000000000000e+00,0.000000000000000000e+00,9.205658450309623930e-01,1.005591776063908815e+00,7.213723788716157603e-01,1.857708476402341879e-01,8.210411433517974533e-01,-2.005847350306524668e-01,-9.555068114986333683e-01,-3.774647335768301359e-01,3.858842084692569063e+00,-6.135093179742474589e-01,-1.253374013974976713e-02,-3.669621702617922865e-01,1.739375798511208382e+00,-5.183686688943279358e-02,-5.183686688943279358e-02,1.418158377741196352e+00,-1.040941436780788015e-01,-2.030901712371240009e-02,-8.401389803667852485e-02,-3.271524934852403366e-01,-5.191945123345532709e-01,-7.103890521813077674e-01,-5.752567881263277033e-02,-3.801429606348526863e-02,-1.147078669352808861e-01,-1.711160802546210780e-01,-7.340709118518067011e-02,-7.197411700355742237e-02,-1.244624194945742751e-01,-7.051263942166730025e-02,-2.872721242393142319e-02,-2.030901712371240009e-02,-2.019004323808653023e-01,-1.435916317235476011e-02,-1.435916317235476011e-02,-5.183686688943279358e-02,-3.801429606348527557e-02,-3.801429606348527557e-02,-1.558271304830920190e-01,-4.064318733121485144e-02,-8.148853797899899276e-02,-1.210011918676099085e-01,-5.569323991926412171e-02,-7.051263942166730025e-02,-4.979810447122927364e-02,-3.212131358814808435e-02,-2.030901712371240009e-02,-3.801429606348527557e-02,-6.749673070628271765e-02,-3.519076715388935045e-02,-1.435916317235476185e-02,2.837317947345407543e+00,-3.753330286669139260e-01,-2.907009498669055336e-01,-4.311306135592269523e-02,-3.519076715388935045e-02,-3.801429606348527557e-02,-1.435916317235476011e-02,-1.286658602907498339e-01,-4.767312946227962589e-02,5.913962991410492975e-01,-2.487592975524973576e-02,-4.967123990818995694e-01,-1.786283982422259831e-01,-4.979810447122926670e-02,5.840947806181536750e-01,-2.030901712371240009e-02,-4.892821642774447533e-01,-1.767766952966368654e-01
-5.359552452980930193e-01,4.047385190264539689e-01,2.454871401305955825e+00,7.082331122151057645e-01,5.869571985699155725e-01,-4.389523334489801587e-01,-4.966680157416004104e-01,6.573034482162921632e-01,-6.623362709603883292e-02,1.151455984062275117e+00,8.414777418280475763e-01,9.252135358773474483e-01,-1.365756602594686786e+00,1.621749456523063071e-01,-4.499461158286396367e-01,2.316813119472644900e-01,-8.087874538665257296e-01,2.868459015291825676e+00,-4.564114272231903913e-01,-1.340403845501566771e+00,3.600260422021904771e-01,1.191599090980162368e+00,-5.852054479085391087e-02,8.161254302558479737e-03,2.837148505570266099e-01,3.103164083376579452e-01,-5.839904897081731328e-01,7.743313076941197304e-01,-4.889347490457647827e-01,-2.828396964044327944e-01,3.643850632671082335e-01,0.000000000000000000e+00,0.000000000000000000e+00,5.339616623415676111e-01,-4.681622135693289666e-01,7.213723788716157603e-01,6.152410040924695123e-01,2.338198181845637880e+00,-4.122754887853995465e-01,-1.426512150649113186e+00,9.257960654133498002e-01,1.696017942249628430e+00,-5.099556053266109945e-01,-1.253374013974976713e-02,-3.669621702617922865e-01,-4.602362970513234064e-01,-5.183686688943279358e-02,-5.183686688943279358e-02,-7.051398600435393460e-01,-1.040941436780788015e-01,-2.030901712371240009e-02,-8.401389803667852485e-02,-3.271524934852403366e-01,-5.191945123345532709e-01,1.407679351095596942e+00,-5.752567881263277033e-02,-3.801429606348526863e-02,-1.147078669352808861e-01,-1.711160802546210780e-01,-7.340709118518067011e-02,-7.197411700355742237e-02,-1.244624194945742751e-01,-7.051263942166730025e-02,-2.872721242393142319e-02,-2.030901712371240009e-02,-2.019004323808653023e-01,-1.435916317235476011e-02,-1.435916317235476011e-02,-5.183686688943279358e-02,-3.801429606348527557e-02,-3.801429606348527557e-02,-1.558271304830920190e-01,-4.064318733121485144e-02,-8.148853797899899276e-02,-1.210011918676099085e-01,-5.569323991926412171e-02,-7.051263942166730025e-02,-4.979810447122927364e-02,-3.212131358814808435e-02,-2.030901712371240009e-02,-3.801429606348527557e-02,-6.749673070628271765e-02,-3.519076715388935045e-02,-1.435916317235476185e-02,-3.524455202264515918e-01,-3.753330286669139260e-01,-2.907009498669055336e-01,-4.311306135592269523e-02,-3.519076715388935045e-02,-3.801429606348527557e-02,-1.435916317235476011e-02,-1.286658602907498339e-01,-4.767312946227962589e-02,5.913962991410492975e-01,-2.487592975524973576e-02,-4.967123990818995694e-01,-1.786283982422259831e-01,-4.979810447122926670e-02,5.840947806181536750e-01,-2.030901712371240009e-02,-4.892821642774447533e-01,-1.767766952966368654e-01
-6.915728756636974062e-02,-5.537123258831522232e-01,4.511560658017802483e-01,7.082331122151057645e-01,5.152026184692979349e-01,-1.084473080082267282e+00,-4.966680157416004104e-01,4.118134519812421956e+00,2.849368233547192375e+00,-6.302706439077716549e-01,8.414777418280475763e-01,9.252135358773474483e-01,-1.264696934338401579e+00,6.156961148966384467e-01,1.010107303049897043e+00,1.464913986698010540e+00,4.323751863546776431e-01,1.654204067271362932e+00,2.008603931984724422e+00,1.082896236505718424e+00,3.600260422021904771e-01,-6.292804948981121915e-02,-6.345021874656604499e-01,-3.756776824730174158e-01,-8.805736447596543282e-02,3.103164083376579452e-01,3.113400884372377608e-01,9.596093728583924287e-01,2.757326909311485608e+00,1.047830648512136920e-01,-5.809668599935657873e-02,0.000000000000000000e+00,0.000000000000000000e+00,1.473574796521728292e-01,1.213393822839661657e-01,-1.736090558870059808e-01,-1.695779807304467646e+00,-2.039578160404532436e+00,8.578690337430828761e-01,-1.191009481073873166e+00,-3.774647335768301359e-01,-4.668062001933125371e-01,1.113666705592083056e-01,2.222198251804266556e-01,-3.669621702617922865e-01,1.739375798511208382e+00,-5.183686688943279358e-02,-5.183686688943279358e-02,-7.051398600435393460e-01,-1.040941436780788015e-01,-2.030901712371240009e-02,-8.401389803667852485e-02,-3.271524934852403366e-01,-5.191945123345532709e-01,1.407679351095596942e+00,-5.752567881263277033e-02,-3.801429606348526863e-02,-1.147078669352808861e-01,-1.711160802546210780e-01,-7.340709118518067011e-02,-7.197411700355742237e-02,-1.244624194945742751e-01,-7.051263942166730025e-02,-2.872721242393142319e-02,-2.030901712371240009e-02,-2.019004323808653023e-01,-1.435916317235476011e-02,-1.435916317235476011e-02,-5.183686688943279358e-02,-3.801429606348527557e-02,-3.801429606348527557e-02,-1.558271304830920190e-01,-4.064318733121485144e-02,-8.148853797899899276e-02,-1.210011918676099085e-01,-5.569323991926412171e-02,-7.051263942166730025e-02,-4.979810447122927364e-02,-3.212131358814808435e-02,-2.030901712371240009e-02,-3.801429606348527557e-02,-6.749673070628271765e-02,-3.519076715388935045e-02,-1.435916317235476185e-02,-3.524455202264515918e-01,-3.753330286669139260e-01,-2.907009498669055336e-01,-4.311306135592269523e-02,-3.519076715388935045e-02,-3.801429606348527557e-02,-1.435916317235476011e-02,-1.286658602907498339e-01,-4.767312946227962589e-02,5.913962991410492975e-01,-2.487592975524973576e-02,-4.967123990818995694e-01,-1.786283982422259831e-01,-4.979810447122926670e-02,5.840947806181536750e-01,-2.030901712371240009e-02,-4.892821642774447533e-01,-1.767766952966368654e-01
3.470240241462510533e-01,-5.537123258831522232e-01,9.520848996778241702e-01,7.082331122151057645e-01,3.358161682177537299e-01,1.605196697556429131e+00,-4.966680157416004104e-01,-4.963069089824175273e-01,-6.493539992246850634e-01,6.496635867972415213e+00,8.414777418280475763e-01,-6.008461346790693741e-02,1.347306799054819537e+00,2.273394181789716306e+00,5.538406096503543097e-01,-8.371203395033821604e-01,-4.702885519880157239e-01,-2.605825815301355264e-01,-1.010259814893323060e+00,-4.212210557746654538e-01,-6.362483984730694930e-02,-6.292804948981121915e-02,-6.269234816409917643e-01,2.274977896028875235e-01,-3.668865257507094579e-01,2.261248592970551696e-01,-5.839904897081731328e-01,5.890532425298469210e-01,3.027848714174589784e+00,9.230977830575785026e-01,-5.809668599935657873e-02,0.000000000000000000e+00,0.000000000000000000e+00,1.473574796521728292e-01,4.160901802106137248e-01,1.247180890325345903e-01,-5.186649577600787042e-01,-2.358247460789623939e-01,-4.122754887853995465e-01,-2.489988027729138353e-01,-3.774647335768301359e-01,-4.668062001933125371e-01,-4.064018926789744190e-01,-1.421055132060808246e+00,-3.669621702617922865e-01,-4.602362970513234064e-01,-5.183686688943279358e-02,-5.183686688943279358e-02,-7.051398600435393460e-01,-1.040941436780788015e-01,-2.030901712371240009e-02,-8.401389803667852485e-02,-3.271524934852403366e-01,-5.191945123345532709e-01,1.407679351095596942e+00,-5.752567881263277033e-02,-3.801429606348526863e-02,-1.147078669352808861e-01,-1.711160802546210780e-01,-7.340709118518067011e-02,-7.197411700355742237e-02,-1.244624194945742751e-01,-7.051263942166730025e-02,-2.872721242393142319e-02,-2.030901712371240009e-02,-2.019004323808653023e-01,-1.435916317235476011e-02,-1.435916317235476011e-02,-5.183686688943279358e-02,-3.801429606348527557e-02,-3.801429606348527557e-02,-1.558271304830920190e-01,-4.064318733121485144e-02,-8.148853797899899276e-02,-1.210011918676099085e-01,-5.569323991926412171e-02,-7.051263942166730025e-02,-4.979810447122927364e-02,-3.212131358814808435e-02,-2.030901712371240009e-02,-3.801429606348527557e-02,-6.749673070628271765e-02,-3.519076715388935045e-02,-1.435916317235476185e-02,-3.524455202264515918e-01,-3.753330286669139260e-01,-2.907009498669055336e-01,-4.311306135592269523e-02,-3.519076715388935045e-02,-3.801429606348527557e-02,-1.435916317235476011e-02,-1.286658602907498339e-01,-4.767312946227962589e-02,-1.690913523558418063e+00,-2.487592975524973576e-02,2.013237442528823973e+00,-1.786283982422259831e-01,-4.979810447122926670e-02,5.840947806181536750e-01,-2.030901712371240009e-02,-4.892821642774447533e-01,-1.767766952966368654e-01
-3.557827076284747481e-02,4.238541898664879071e+00,4.511560658017802483e-01,7.082331122151057645e-01,-6.328706631405850436e-01,-8.032969643048733233e-02,-4.966680157416004104e-01,1.810913805415002020e+00,1.100007117161253767e+00,-6.302706439077716549e-01,8.414777418280475763e-01,2.403160759895229148e+00,-2.088563272258187400e-02,-5.415647997268305813e-01,4.625872709704457186e-01,-1.412628921053730391e+00,-1.317896501095057737e-01,1.597364389384861028e-01,1.329944640050899851e+00,1.793173846749233080e+00,2.195846531083346154e+00,4.388828066981781961e-01,-3.692474836022627271e-01,-1.093404610369035218e-01,1.677860656930746819e+00,-2.790244349465614282e-01,2.773499178337118121e+00,-1.773242088314630704e+00,-1.202811734101178587e+00,-1.316500393086156739e+00,2.617621059354920288e+00,0.000000000000000000e+00,0.000000000000000000e+00,1.307170027720357286e+00,1.889844169843851507e+00,1.019699523791156359e+00,-1.016876526449333351e+00,-2.705637007252326143e-01,-9.415023731722672595e-01,-9.555068114986333683e-01,-3.774647335768301359e-01,1.696017942249628430e+00,-3.028481800313378436e-01,-1.253374013974976713e-02,9.137094037957288473e-01,-4.602362970513234064e-01,-5.183686688943279358e-02,-5.183686688943279358e-02,-7.051398600435393460e-01,-1.040941436780788015e-01,-2.030901712371240009e-02,-8.401389803667852485e-02,-3.271524934852403366e-01,-5.191945123345532709e-01,1.407679351095596942e+00,-5.752567881263277033e-02,-3.801429606348526863e-02,-1.147078669352808861e-01,-1.711160802546210780e-01,-7.340709118518067011e-02,-7.197411700355742237e-02,-1.244624194945742751e-01,-7.051263942166730025e-02,-2.872721242393142319e-02,-2.030901712371240009e-02,-2.019004323808653023e-01,-1.435916317235476011e-02,-1.435916317235476011e-02,-5.183686688943279358e-02,-3.801429606348527557e-02,-3.801429606348527557e-02,-1.558271304830920190e-01,-4.064318733121485144e-02,-8.148853797899899276e-02,-1.210011918676099085e-01,-5.569323991926412171e-02,-7.051263942166730025e-02,-4.979810447122927364e-02,-3.212131358814808435e-02,-2.030901712371240009e-02,-3.801429606348527557e-02,-6.749673070628271765e-02,-3.519076715388935045e-02,-1.435916317235476185e-02,-3.524455202264515918e-01,-3.753330286669139260e-01,-2.907009498669055336e-01,-4.311306135592269523e-02,-3.519076715388935045e-02,-3.801429606348527557e-02,-1.435916317235476011e-02,-1.286658602907498339e-01,-4.767312946227962589e-02,5.913962991410492975e-01,-2.487592975524973576e-02,-4.967123990818995694e-01,-1.786283982422259831e-01,-4.979810447122926670e-02,-1.712050908829709783e+00,-2.030901712371240009e-02,-4.892821642774447533e-01,-1.767766952966368654e-01
-9.779411216479033664e-01,-5.537123258831522232e-01,-5.507016019503075954e-01,-1.284019034700219164e+00,-1.099275433794600021e+00,-1.161919601323366108e-01,-4.966680157416004104e-01,-4.963069089824175273e-01,-6.493539992246850634e-01,-6.302706439077716549e-01,-6.843647152721574756e-01,6.788889985410339056e-01,-6.039221803549972289e-01,-7.292287318279334629e-01,-3.586927771487311012e-01,4.783278468974136999e-01,-2.446226174023423960e-01,1.963009878227889651e-02,3.080553613919224665e-01,1.124677272402395900e+00,-6.362483984730694930e-02,-6.292804948981121915e-02,-4.298771301996108241e-01,-2.816763102014480658e-01,3.766579043152746276e-01,7.312741535406717119e-01,1.094754344314472272e+00,1.258580796191650364e-01,1.059051134337553712e+00,-1.536321093192173082e-01,3.643850632671082335e-01,0.000000000000000000e+00,0.000000000000000000e+00,5.339616623415676111e-01,1.005591776063908815e+00,7.213723788716157603e-01,5.569744737201388629e-01,9.660094733179637183e-01,1.810477425639444693e+00,1.164017214678525258e+00,-3.774647335768301359e-01,-4.668062001933125371e-01,8.362426590926641534e-01,-2.472873054599261933e-01,-3.669621702617922865e-01,1.739375798511208382e+00,-5.183686688943279358e-02,-5.183686688943279358e-02,1.418158377741196352e+00,-1.040941436780788015e-01,-2.030901712371240009e-02,-8.401389803667852485e-02,-3.271524934852403366e-01,-5.191945123345532709e-01,-7.103890521813077674e-01,-5.752567881263277033e-02,-3.801429606348526863e-02,-1.147078669352808861e-01,-1.711160802546210780e-01,-7.340709118518067011e-02,-7.197411700355742237e-02,-1.244624194945742751e-01,-7.051263942166730025e-02,-2.872721242393142319e-02,-2.030901712371240009e-02,-2.019004323808653023e-01,-1.435916317235476011e-02,-1.435916317235476011e-02,-5.183686688943279358e-02,-3.801429606348527557e-02,-3.801429606348527557e-02,-1.558271304830920190e-01,-4.064318733121485144e-02,-8.148853797899899276e-02,-1.210011918676099085e-01,-5.569323991926412171e-02,-7.051263942166730025e-02,-4.979810447122927364e-02,-3.212131358814808435e-02,-2.030901712371240009e-02,-3.801429606348527557e-02,-6.749673070628271765e-02,-3.519076715388935045e-02,-1.435916317235476185e-02,2.837317947345407543e+00,-3.753330286669139260e-01,-2.907009498669055336e-01,-4.311306135592269523e-02,-3.519076715388935045e-02,-3.801429606348527557e-02,-1.435916317235476011e-02,-1.286658602907498339e-01,-4.767312946227962589e-02,-1.690913523558418063e+00,-2.487592975524973576e-02,2.013237442528823973e+00,-1.786283982422259831e-01,-4.979810447122926670e-02,5.840947806181536750e-01,-2.030901712371240009e-02,-4.892821642774447533e-01,-1.767766952966368654e-01
-1.548288165680143713e+00,-5.537123258831522232e-01,4.959515570686175323e+00,7.082331122151057645e-01,-5.611160830399674060e-01,-3.672278060452816018e-01,-4.966680157416004104e-01,1.103979666300468132e+01,-6.493539992246850634e-01,-3.636176791775609651e-02,8.414777418280475763e-01,-7.990582254768477943e-01,1.370628260960116140e+00,-1.740562660288368368e-01,-1.636239518667450765e+00,-1.793962463029842302e-01,-2.446226174023423960e-01,-5.874973752279523120e-01,-1.002459133376842448e+00,-6.301262352580521142e-01,-7.697096432631360674e-01,4.388828066981781961e-01,6.462990969033168831e-01,2.382814968115343560e-02,-8.316017945419494906e-01,3.945079573782606652e-01,1.206670666582648543e+00,-1.057395018361759059e-01,-7.519420593293382193e-01,-7.996700447452947946e-01,-7.622329347767978769e-01,0.000000000000000000e+00,0.000000000000000000e+00,-2.392467030372219805e-01,-1.734114156426813935e-01,7.213723788716157603e-01,-3.851102139852981554e-01,-1.558577249917713736e+00,1.169513956014681527e-01,9.285145451032854602e-01,9.257960654133498002e-01,-4.668062001933125371e-01,3.184740958544813871e-01,9.264805211409559149e-01,-3.669621702617922865e-01,1.739375798511208382e+00,-5.183686688943279358e-02,-5.183686688943279358e-02,-7.051398600435393460e-01,-1.040941436780788015e-01,-2.030901712371240009e-02,-8.401389803667852485e-02,-3.271524934852403366e-01,-5.191945123345532709e-01,1.407679351095596942e+00,-5.752567881263277033e-02,-3.801429606348526863e-02,-1.147078669352808861e-01,-1.711160802546210780e-01,-7.340709118518067011e-02,-7.197411700355742237e-02,-1.244624194945742751e-01,-7.051263942166730025e-02,-2.872721242393142319e-02,-2.030901712371240009e-02,-2.019004323808653023e-01,-1.435916317235476011e-02,-1.435916317235476011e-02,-5.183686688943279358e-02,-3.801429606348527557e-02,-3.801429606348527557e-02,-1.558271304830920190e-01,-4.064318733121485144e-02,-8.148853797899899276e-02,-1.210011918676099085e-01,-5.569323991926412171e-02,-7.051263942166730025e-02,-4.979810447122927364e-02,-3.212131358814808435e-02,-2.030901712371240009e-02,-3.801429606348527557e-02,-6.749673070628271765e-02,-3.519076715388935045e-02,-1.435916317235476185e-02,-3.524455202264515918e-01,-3.753330286669139260e-01,-2.907009498669055336e-01,-4.311306135592269523e-02,-3.519076715388935045e-02,-3.801429606348527557e-02,-1.435916317235476011e-02,-1.286658602907498339e-01,-4.767312946227962589e-02,5.913962991410492975e-01,-2.487592975524973576e-02,-4.967123990818995694e-01,-1.786283982422259831e-01,-4.979810447122926670e-02,5.840947806181536750e-01,-2.030901712371240009e-02,-4.892821642774447533e-01,-1.767766952966368654e-01
6.164832279538262627e-01,-5.537123258831522232e-01,-5.507016019503075954e-01,-2.878929612425566442e-01,-1.027520853693982383e+00,-9.051617615730208621e-01,3.852314916320680460e+00,-4.963069089824175273e-01,-6.493539992246850634e-01,1.151455984062275117e+00,-1.468394436311788676e+00,4.325644612047202520e-01,-8.060415168675679753e-01,-1.409510485694432269e+00,-2.674394384688225657e-01,6.725028864716499355e-02,4.323751863546776431e-01,-2.707201460312350788e-02,1.910451386447113709e-01,-1.173279701914857309e+00,3.600260422021904771e-01,4.388828066981781961e-01,-1.460581122354527528e+00,8.649573119553326250e-02,9.782874304053058856e-02,6.470826045000689364e-01,-3.601578451718204787e-01,9.596093728583924287e-01,1.660210700700007536e+00,4.062674347167165023e-01,9.276940622890612609e-01,0.000000000000000000e+00,0.000000000000000000e+00,5.339616623415676111e-01,7.108409781372613256e-01,7.213723788716157603e-01,2.296344154486179845e-01,-1.556579276644926291e-01,7.420282400140242096e+00,3.283541240855683885e+00,6.138839261374069878e+00,1.696017942249628430e+00,1.146903797035573769e+00,1.630741217101485230e+00,9.137094037957288473e-01,-4.602362970513234064e-01,-5.183686688943279358e-02,-5.183686688943279358e-02,-7.051398600435393460e-01,-1.040941436780788015e-01,-2.030901712371240009e-02,-8.401389803667852485e-02,-3.271524934852403366e-01,1.926060419058570616e+00,-7.103890521813077674e-01,-5.752567881263277033e-02,-3.801429606348526863e-02,-1.147078669352808861e-01,5.843986132174123327e+00,-7.340709118518067011e-02,-7.197411700355742237e-02,-1.244624194945742751e-01,-7.051263942166730025e-02,-2.872721242393142319e-02,-2.030901712371240009e-02,-2.019004323808653023e-01,-1.435916317235476011e-02,-1.435916317235476011e-02,-5.183686688943279358e-02,-3.801429606348527557e-02,-3.801429606348527557e-02,-1.558271304830920190e-01,-4.064318733121485144e-02,-8.148853797899899276e-02,-1.210011918676099085e-01,-5.569323991926412171e-02,-7.051263942166730025e-02,-4.979810447122927364e-02,-3.212131358814808435e-02,-2.030901712371240009e-02,-3.801429606348527557e-02,-6.749673070628271765e-02,-3.519076715388935045e-02,-1.435916317235476185e-02,-3.524455202264515918e-01,-3.753330286669139260e-01,-2.907009498669055336e-01,-4.311306135592269523e-02,-3.519076715388935045e-02,-3.801429606348527557e-02,-1.435916317235476011e-02,-1.286658602907498339e-01,-4.767312946227962589e-02,5.913962991410492975e-01,-2.487592975524973576e-02,-4.967123990818995694e-01,-1.786283982422259831e-01,-4.979810447122926670e-02,-1.712050908829709783e+00,-2.030901712371240009e-02,2.043810449286999731e+00,-1.767766952966368654e-01
1.370605088088102219e+00,-5.537123258831522232e-01,9.520848996778241702e-01,7.082331122151057645e-01,5.510799085196067537e-01,-6.182636519582266343e-01,-4.966680157416004104e-01,-4.963069089824175273e-01,5.168867450326074531e-01,2.339273736042306151e+00,8.414777418280475763e-01,-5.527336881405341407e-01,-4.717672295583165143e-01,-2.678882320793884997e-01,6.320577570903027943e-03,8.071898934976127205e-01,-8.087874538665257296e-01,-7.743058287695619990e-01,-4.798134717726326159e-01,-6.719072711547294796e-01,-4.872757218968044035e-01,-3.138334775838059199e-01,-6.875531282383399168e-01,-6.968490377342138054e-01,-9.245448483001975637e-01,7.312741535406717119e-01,-8.078231342445260088e-01,9.132898565673241986e-01,5.405510083499373009e-01,4.062674347167165023e-01,-4.805784352658213909e-01,0.000000000000000000e+00,0.000000000000000000e+00,-2.392467030372219805e-01,-4.681622135693289666e-01,-1.068590490645627611e+00,5.851257187314896635e-01,-6.874311564804754804e-01,-6.239662425401465429e-01,-1.191009481073873166e+00,-3.774647335768301359e-01,-4.668062001933125371e-01,-1.027724168564793761e+00,-7.167944361002790421e-01,-3.669621702617922865e-01,-4.602362970513234064e-01,-5.183686688943279358e-02,-5.183686688943279358e-02,-7.051398600435393460e-01,-1.040941436780788015e-01,-2.030901712371240009e-02,-8.401389803667852485e-02,-3.271524934852403366e-01,-5.191945123345532709e-01,1.407679351095596942e+00,-5.752567881263277033e-02,-3.801429606348526863e-02,-1.147078669352808861e-01,-1.711160802546210780e-01,-7.340709118518067011e-02,-7.197411700355742237e-02,-1.244624194945742751e-01,-7.051263942166730025e-02,-2.872721242393142319e-02,-2.030901712371240009e-02,-2.019004323808653023e-01,-1.435916317235476011e-02,-1.435916317235476011e-02,-5.183686688943279358e-02,-3.801429606348527557e-02,-3.801429606348527557e-02,-1.558271304830920190e-01,-4.064318733121485144e-02,-8.148853797899899276e-02,-1.210011918676099085e-01,-5.569323991926412171e-02,-7.051263942166730025e-02,-4.979810447122927364e-02,-3.212131358814808435e-02,-2.030901712371240009e-02,-3.801429606348527557e-02,-6.749673070628271765e-02,-3.519076715388935045e-02,-1.435916317235476185e-02,-3.524455202264515918e-01,-3.753330286669139260e-01,-2.907009498669055336e-01,-4.311306135592269523e-02,-3.519076715388935045e-02,-3.801429606348527557e-02,-1.435916317235476011e-02,-1.286658602907498339e-01,-4.767312946227962589e-02,5.913962991410492975e-01,-2.487592975524973576e-02,-4.967123990818995694e-01,-1.786283982422259831e-01,-4.979810447122926670e-02,5.840947806181536750e-01,-2.030901712371240009e-02,-4.892821642774447533e-01,-1.767766952966368654e-01
6.315358906588535159e-01,-5.537123258831522232e-01,-4.977276807426366662e-02,-2.878929612425566442e-01,6.945890687208421399e-01,4.217419953954026357e-01,-4.966680157416004104e-01,-4.963069089824175273e-01,-6.493539992246850634e-01,-3.636176791775609651e-02,-1.438239447041033792e+00,4.325644612047202520e-01,1.875926602241543284e+00,2.046633597167550001e+00,1.557627335129348145e+00,-7.549048278533324607e-01,1.109372990111697543e+00,-4.940931484571475241e-01,6.623423438101938565e-02,-2.384929742918500128e+00,9.248938849348538049e-01,9.406936628861676253e-01,1.752790147304918555e+00,1.010842558532634605e+00,4.885689282282582209e-03,5.774176121584963933e-02,-8.078231342445260088e-01,-7.078932136200624115e-01,-8.045435213860530066e-01,1.138443761532937692e+00,9.276940622890612609e-01,0.000000000000000000e+00,0.000000000000000000e+00,9.205658450309623930e-01,1.300342573990556527e+00,1.318026668710696736e+00,7.036228198257802324e-01,-3.754486214841639136e-01,-1.047347750049640647e+00,-4.845014723481537167e-01,-3.774647335768301359e-01,-4.668062001933125371e-01,-9.574075473606477593e-02,9.264805211409559149e-01,-3.669621702617922865e-01,-4.602362970513234064e-01,-5.183686688943279358e-02,-5.183686688943279358e-02,1.418158377741196352e+00,-1.040941436780788015e-01,-2.030901712371240009e-02,-8.401389803667852485e-02,-3.271524934852403366e-01,-5.191945123345532709e-01,-7.103890521813077674e-01,-5.752567881263277033e-02,-3.801429606348526863e-02,-1.147078669352808861e-01,-1.711160802546210780e-01,-7.340709118518067011e-02,-7.197411700355742237e-02,-1.244624194945742751e-01,-7.051263942166730025e-02,-2.872721242393142319e-02,-2.030901712371240009e-02,-2.019004323808653023e-01,-1.435916317235476011e-02,-1.435916317235476011e-02,-5.183686688943279358e-02,-3.801429606348527557e-02,-3.801429606348527557e-02,-1.558271304830920190e-01,-4.064318733121485144e-02,-8.148853797899899276e-02,-1.210011918676099085e-01,-5.569323991926412171e-02,-7.051263942166730025e-02,-4.979810447122927364e-02,-3.212131358814808435e-02,-2.030901712371240009e-02,-3.801429606348527557e-02,-6.749673070628271765e-02,-3.519076715388935045e-02,-1.435916317235476185e-02,2.837317947345407543e+00,-3.753330286669139260e-01,-2.907009498669055336e-01,-4.311306135592269523e-02,-3.519076715388935045e-02,-3.801429606348527557e-02,-1.435916317235476011e-02,-1.286658602907498339e-01,-4.767312946227962589e-02,5.913962991410492975e-01,-2.487592975524973576e-02,-4.967123990818995694e-01,-1.786283982422259831e-01,-4.979810447122926670e-02,5.840947806181536750e-01,-2.030901712371240009e-02,-4.892821642774447533e-01,-1.767766952966368654e-01
-1.020746488663743234e-01,1.363189363936059939e+00,-4.977276807426366662e-02,7.082331122151057645e-01,6.587117786705333211e-01,-2.237787512378844601e-01,-4.966680157416004104e-01,-4.963069089824175273e-01,2.849368233547192375e+00,-6.302706439077716549e-01,8.414777418280475763e-01,1.862399238684066816e-01,-6.427912835304915307e-01,-6.979514098110829456e-01,-7.237061318683652988e-01,9.716209167977121197e-01,-6.959544865736890795e-01,1.597364389384861028e-01,1.836988938622148293e+00,1.637134467788171899e-01,-4.872757218968044035e-01,-5.647389056778006067e-01,-9.679652437510746221e-01,-9.945200499275178574e-01,1.027259280623010751e+00,-2.790244349465614282e-01,4.232564107054141989e-01,5.890532425298469210e-01,7.509568565767962278e-01,-6.749371792907364609e-02,-4.805784352658213909e-01,0.000000000000000000e+00,0.000000000000000000e+00,-2.392467030372219805e-01,-7.629130114959765674e-01,-1.736090558870059808e-01,-6.824503757846597796e-02,-2.879331780483677661e-01,5.403329031109622704e-01,-7.200041419233935702e-01,-3.774647335768301359e-01,-4.668062001933125371e-01,-6.135093179742474589e-01,-9.515480014204554804e-01,-3.669621702617922865e-01,-4.602362970513234064e-01,-5.183686688943279358e-02,-5.183686688943279358e-02,-7.051398600435393460e-01,-1.040941436780788015e-01,-2.030901712371240009e-02,-8.401389803667852485e-02,-3.271524934852403366e-01,-5.191945123345532709e-01,1.407679351095596942e+00,-5.752567881263277033e-02,-3.801429606348526863e-02,-1.147078669352808861e-01,-1.711160802546210780e-01,-7.340709118518067011e-02,-7.197411700355742237e-02,-1.244624194945742751e-01,-7.051263942166730025e-02,-2.872721242393142319e-02,-2.030901712371240009e-02,-2.019004323808653023e-01,-1.435916317235476011e-02,-1.435916317235476011e-02,-5.183686688943279358e-02,-3.801429606348527557e-02,-3.801429606348527557e-02,-1.558271304830920190e-01,-4.064318733121485144e-02,-8.148853797899899276e-02,-1.210011918676099085e-01,-5.569323991926412171e-02,-7.051263942166730025e-02,-4.979810447122927364e-02,-3.212131358814808435e-02,-2.030901712371240009e-02,-3.801429606348527557e-02,-6.749673070628271765e-02,-3.519076715388935045e-02,-1.435916317235476185e-02,-3.524455202264515918e-01,-3.753330286669139260e-01,-2.907009498669055336e-01,-4.311306135592269523e-02,-3.519076715388935045e-02,-3.801429606348527557e-02,-1.435916317235476011e-02,-1.286658602907498339e-01,-4.767312946227962589e-02,5.913962991410492975e-01,-2.487592975524973576e-02,-4.967123990818995694e-01,-1.786283982422259831e-01,-4.979810447122926670e-02,5.840947806181536750e-01,-2.030901712371240009e-02,-4.892821642774447533e-01,-1.767766952966368654e-01
1.468732343321528244e-01,-5.537123258831522232e-01,-5.507016019503075954e-01,-1.284019034700219164e+00,-6.687479531908938624e-01,-9.768862889767194746e-01,-4.966680157416004104e-01,-4.963069089824175273e-01,-6.493539992246850634e-01,-6.302706439077716549e-01,-7.627676873761207732e-01,6.788889985410339056e-01,-7.438509517867770704e-01,8.659146910314424739e-01,1.888272549307201120e-01,6.427588701975132102e-01,-1.895668281666913063e-02,1.280587160188143780e+00,-2.145903002122872827e-01,2.472755185721718374e-01,3.600260422021904771e-01,-6.292804948981121915e-02,-1.722011321608817591e-01,1.559183896783457701e+00,1.907717967987786201e-01,9.838488006624800386e-01,-8.078231342445260088e-01,-2.446980507093804713e-01,-1.014949369612911712e+00,1.478522605462855299e-01,3.643850632671082335e-01,0.000000000000000000e+00,0.000000000000000000e+00,5.339616623415676111e-01,7.108409781372613256e-01,4.230452339520751615e-01,3.180162311819286214e-01,9.486399959948285110e-01,1.175405164375203482e+00,-1.349613319767399566e-02,-3.774647335768301359e-01,1.696017942249628430e+00,-6.135093179742474589e-01,-7.167944361002790421e-01,-3.669621702617922865e-01,-4.602362970513234064e-01,-5.183686688943279358e-02,-5.183686688943279358e-02,1.418158377741196352e+00,-1.040941436780788015e-01,-2.030901712371240009e-02,-8.401389803667852485e-02,-3.271524934852403366e-01,-5.191945123345532709e-01,-7.103890521813077674e-01,-5.752567881263277033e-02,-3.801429606348526863e-02,-1.147078669352808861e-01,-1.711160802546210780e-01,-7.340709118518067011e-02,-7.197411700355742237e-02,-1.244624194945742751e-01,-7.051263942166730025e-02,-2.872721242393142319e-02,-2.030901712371240009e-02,-2.019004323808653023e-01,-1.435916317235476011e-02,-1.435916317235476011e-02,-5.183686688943279358e-02,-3.801429606348527557e-02,-3.801429606348527557e-02,-1.558271304830920190e-01,-4.064318733121485144e-02,-8.148853797899899276e-02,-1.210011918676099085e-01,-5.569323991926412171e-02,-7.051263942166730025e-02,-4.979810447122927364e-02,-3.212131358814808435e-02,-2.030901712371240009e-02,-3.801429606348527557e-02,-6.749673070628271765e-02,-3.519076715388935045e-02,-1.435916317235476185e-02,2.837317947345407543e+00,-3.753330286669139260e-01,-2.907009498669055336e-01,-4.311306135592269523e-02,-3.519076715388935045e-02,-3.801429606348527557e-02,-1.435916317235476011e-02,-1.286658602907498339e-01,-4.767312946227962589e-02,-1.690913523558418063e+00,-2.487592975524973576e-02,2.013237442528823973e+00,-1.786283982422259831e-01,2.008108562802319952e+01,-1.712050908829709783e+00,-2.030901712371240009e-02,-4.892821642774447533e-01,-1.767766952966368654e-01
-1.432627039603499020e-01,-7.448690342834912714e-02,-5.507016019503075954e-01,7.082331122151057645e-01,4.434480383686802418e-01,4.217419953954026357e-01,-4.966680157416004104e-01,-4.963069089824175273e-01,-6.623362709603883292e-02,-6.302706439077716549e-01,8.414777418280475763e-01,-1.291707300149474991e+00,-8.307619780337290039e-02,4.593095048123861379e-01,-6.324527931884567078e-01,8.071898934976127205e-01,-6.959544865736890795e-01,-8.677100555403667315e-01,-8.230434584977852630e-01,6.650858775389451027e-01,-1.052143564629467676e+00,-5.647389056778006067e-01,7.069287435006649245e-01,2.382814968115343560e-02,2.837148505570266099e-01,-1.948328859059586526e-01,-5.839904897081731328e-01,1.283845986895869817e+00,-9.066653633063911921e-02,2.339906519364291781e-01,-1.043887434287774418e+00,0.000000000000000000e+00,0.000000000000000000e+00,-1.012455068416011628e+00,-1.352414607349271769e+00,-4.719362008065465242e-01,-4.473048250568871231e-01,-2.445094847405299698e-01,4.344875262335887722e-01,-1.349613319767399566e-02,9.257960654133498002e-01,-4.668062001933125371e-01,-5.099556053266109945e-01,-1.253374013974976713e-02,-3.669621702617922865e-01,-4.602362970513234064e-01,-5.183686688943279358e-02,-5.183686688943279358e-02,-7.051398600435393460e-01,-1.040941436780788015e-01,-2.030901712371240009e-02,-8.401389803667852485e-02,3.056678521220304923e+00,-5.191945123345532709e-01,-7.103890521813077674e-01,-5.752567881263277033e-02,-3.801429606348526863e-02,-1.147078669352808861e-01,-1.711160802546210780e-01,-7.340709118518067011e-02,-7.197411700355742237e-02,-1.244624194945742751e-01,-7.051263942166730025e-02,-2.872721242393142319e-02,-2.030901712371240009e-02,-2.019004323808653023e-01,-1.435916317235476011e-02,-1.435916317235476011e-02,-5.183686688943279358e-02,-3.801429606348527557e-02,-3.801429606348527557e-02,-1.558271304830920190e-01,-4.064318733121485144e-02,-8.148853797899899276e-02,-1.210011918676099085e-01,-5.569323991926412171e-02,-7.051263942166730025e-02,-4.979810447122927364e-02,-3.212131358814808435e-02,-2.030901712371240009e-02,-3.801429606348527557e-02,-6.749673070628271765e-02,-3.519076715388935045e-02,-1.435916317235476185e-02,-3.524455202264515918e-01,-3.753330286669139260e-01,-2.907009498669055336e-01,-4.311306135592269523e-02,-3.519076715388935045e-02,-3.801429606348527557e-02,-1.435916317235476011e-02,-1.286658602907498339e-01,-4.767312946227962589e-02,5.913962991410492975e-01,-2.487592975524973576e-02,-4.967123990818995694e-01,-1.786283982422259831e-01,-4.979810447122926670e-02,5.840947806181536750e-01,-2.030901712371240009e-02,-4.892821642774447533e-01,-1.767766952966368654e-01
4.591746319924978614e-01,-5.537123258831522232e-01,-5.507016019503075954e-01,7.082331122151057645e-01,9.098528090226952747e-01,2.782929405880055218e-01,2.765069183305110201e+00,-4.963069089824175273e-01,-6.623362709603883292e-02,5.575471080722594897e-01,8.414777418280475763e-01,9.252135358773474483e-01,4.144483228429550192e-01,1.905885648091722118e+00,6.320577570903027943e-03,5.605433585474633995e-01,3.195422190618408820e-01,-2.605825815301355264e-01,-2.067896186958065319e-01,1.219324108821398522e-01,3.600260422021904771e-01,-1.317455189959784834e+00,-2.404094845828982085e-01,-6.263480085305367373e-01,-6.457156870254534553e-01,5.774176121584963933e-02,-3.601578451718204787e-01,3.574556610745059926e-01,1.870616548926866241e+00,-2.442452223400181505e-02,-4.805784352658213909e-01,0.000000000000000000e+00,0.000000000000000000e+00,1.473574796521728292e-01,7.108409781372613256e-01,-1.366917635565168210e+00,-1.695779807304467646e+00,7.094756543916603819e-01,8.578690337430828761e-01,4.575092059528056976e-01,-3.774647335768301359e-01,3.858842084692569063e+00,1.871779785569029464e+00,-7.167944361002790421e-01,9.137094037957288473e-01,-4.602362970513234064e-01,-5.183686688943279358e-02,-5.183686688943279358e-02,-7.051398600435393460e-01,-1.040941436780788015e-01,-2.030901712371240009e-02,-8.401389803667852485e-02,-3.271524934852403366e-01,-5.191945123345532709e-01,1.407679351095596942e+00,-5.752567881263277033e-02,-3.801429606348526863e-02,-1.147078669352808861e-01,-1.711160802546210780e-01,-7.340709118518067011e-02,-7.197411700355742237e-02,-1.244624194945742751e-01,-7.051263942166730025e-02,-2.872721242393142319e-02,-2.030901712371240009e-02,-2.019004323808653023e-01,-1.435916317235476011e-02,-1.435916317235476011e-02,-5.183686688943279358e-02,-3.801429606348527557e-02,-3.801429606348527557e-02,-1.558271304830920190e-01,-4.064318733121485144e-02,-8.148853797899899276e-02,-1.210011918676099085e-01,-5.569323991926412171e-02,-7.051263942166730025e-02,-4.979810447122927364e-02,-3.212131358814808435e-02,-2.030901712371240009e-02,-3.801429606348527557e-02,-6.749673070628271765e-02,-3.519076715388935045e-02,-1.435916317235476185e-02,-3.524455202264515918e-01,-3.753330286669139260e-01,-2.907009498669055336e-01,-4.311306135592269523e-02,-3.519076715388935045e-02,-3.801429606348527557e-02,-1.435916317235476011e-02,-1.286658602907498339e-01,-4.767312946227962589e-02,-1.690913523558418063e+00,-2.487592975524973576e-02,2.013237442528823973e+00,-1.786283982422259831e-01,-4.979810447122926670e-02,5.840947806181536750e-01,-2.030901712371240009e-02,-4.892821642774447533e-01,-1.767766952966368654e-01
7.895061421236996280e-01,4.047385190264539689e-01,-5.507016019503075954e-01,7.082331122151057645e-01,-2.023431825368789405e-01,-2.955032786415830448e-01,-4.966680157416004104e-01,-4.963069089824175273e-01,2.266247861418546172e+00,-6.302706439077716549e-01,8.414777418280475763e-01,-6.008461346790693741e-02,-4.873148708285142683e-01,-8.699766809037609017e-01,1.192613980409714003e+00,-9.718073465293448898e-02,-4.702885519880157239e-01,7.668639129487173633e-01,2.250425058995627392e+00,1.082896236505718424e+00,-7.697096432631360674e-01,-6.292804948981121915e-02,-2.555668962322352189e-01,-1.237356928295739511e+00,-1.668089278366181594e+00,6.470826045000689364e-01,-8.078231342445260088e-01,-1.773242088314630704e+00,-1.202811734101178587e+00,-8.427392404403666326e-01,-4.805784352658213909e-01,0.000000000000000000e+00,0.000000000000000000e+00,-2.392467030372219805e-01,-1.057663809422624057e+00,1.247180890325345903e-01,2.537421908718898167e-02,-8.858440320562881443e-01,-7.298116194175201521e-01,-4.845014723481537167e-01,-3.774647335768301359e-01,3.858842084692569063e+00,-6.135093179742474589e-01,-2.472873054599261933e-01,9.137094037957288473e-01,-4.602362970513234064e-01,-5.183686688943279358e-02,-5.183686688943279358e-02,-7.051398600435393460e-01,-1.040941436780788015e-01,-2.030901712371240009e-02,-8.401389803667852485e-02,3.056678521220304923e+00,-5.191945123345532709e-01,-7.103890521813077674e-01,-5.752567881263277033e-02,-3.801429606348526863e-02,-1.147078669352808861e-01,-1.711160802546210780e-01,-7.340709118518067011e-02,-7.197411700355742237e-02,-1.244624194945742751e-01,-7.051263942166730025e-02,-2.872721242393142319e-02,-2.030901712371240009e-02,-2.019004323808653023e-01,-1.435916317235476011e-02,-1.435916317235476011e-02,-5.183686688943279358e-02,-3.801429606348527557e-02,-3.801429606348527557e-02,-1.558271304830920190e-01,-4.064318733121485144e-02,-8.148853797899899276e-02,-1.210011918676099085e-01,-5.569323991926412171e-02,-7.051263942166730025e-02,-4.979810447122927364e-02,-3.212131358814808435e-02,-2.030901712371240009e-02,-3.801429606348527557e-02,-6.749673070628271765e-02,-3.519076715388935045e-02,-1.435916317235476185e-02,-3.524455202264515918e-01,-3.753330286669139260e-01,-2.907009498669055336e-01,-4.311306135592269523e-02,-3.519076715388935045e-02,-3.801429606348527557e-02,-1.435916317235476011e-02,-1.286658602907498339e-01,-4.767312946227962589e-02,-1.690913523558418063e+00,-2.487592975524973576e-02,2.013237442528823973e+00,-1.786283982422259831e-01,-4.979810447122926670e-02,5.840947806181536750e-01,-2.030901712371240009e-02,-4.892821642774447533e-01,-1.767766952966368654e-01
-1.495024897646970441e+00,4.047385190264539689e-01,-5.507016019503075954e-01,-1.284019034700219164e+00,-9.916435636436735646e-01,-1.084473080082267282e+00,-4.966680157416004104e-01,-4.963069089824175273e-01,-6.623362709603883292e-02,-6.302706439077716549e-01,-1.468394436311788676e+00,-6.008461346790693741e-02,-1.474590091486071008e+00,-1.651909731325023722e+00,-8.493276110900550846e-02,-1.412628921053730391e+00,9.387628447616762351e-02,-1.801752323248414722e+00,-1.236479578871264806e+00,3.726186262622038226e-01,7.759212083585886877e-02,-6.292804948981121915e-02,-2.294238763068062958e+00,-2.326206157108087869e+00,-3.898722568564133795e+00,-4.572793436017302149e+00,-8.078231342445260088e-01,-1.773242088314630704e+00,-1.202811734101178587e+00,-2.436299481158024527e+00,1.491003061311014344e+00,0.000000000000000000e+00,0.000000000000000000e+00,2.080378393099147072e+00,7.108409781372613256e-01,1.019699523791156359e+00,-6.096654939595614886e-01,1.830468801366421927e-01,-4.122754887853995465e-01,-1.191009481073873166e+00,3.532317663393710117e+00,-4.668062001933125371e-01,2.149203832068448394e-01,1.865494782421661668e+00,-3.669621702617922865e-01,-4.602362970513234064e-01,-5.183686688943279358e-02,-5.183686688943279358e-02,1.418158377741196352e+00,-1.040941436780788015e-01,-2.030901712371240009e-02,-8.401389803667852485e-02,-3.271524934852403366e-01,-5.191945123345532709e-01,-7.103890521813077674e-01,-5.752567881263277033e-02,-3.801429606348526863e-02,-1.147078669352808861e-01,-1.711160802546210780e-01,-7.340709118518067011e-02,-7.197411700355742237e-02,-1.244624194945742751e-01,-7.051263942166730025e-02,-2.872721242393142319e-02,-2.030901712371240009e-02,-2.019004323808653023e-01,-1.435916317235476011e-02,-1.435916317235476011e-02,-5.183686688943279358e-02,-3.801429606348527557e-02,-3.801429606348527557e-02,-1.558271304830920190e-01,-4.064318733121485144e-02,-8.148853797899899276e-02,-1.210011918676099085e-01,-5.569323991926412171e-02,-7.051263942166730025e-02,-4.979810447122927364e-02,-3.212131358814808435e-02,-2.030901712371240009e-02,-3.801429606348527557e-02,-6.749673070628271765e-02,-3.519076715388935045e-02,-1.435916317235476185e-02,-3.524455202264515918e-01,2.664300564093018409e+00,-2.907009498669055336e-01,-4.311306135592269523e-02,-3.519076715388935045e-02,-3.801429606348527557e-02,-1.435916317235476011e-02,-1.286658602907498339e-01,-4.767312946227962589e-02,-1.690913523558418063e+00,-2.487592975524973576e-02,2.013237442528823973e+00,-1.786283982422259831e-01,-4.979810447122926670e-02,5.840947806181536750e-01,-2.030901712371240009e-02,-4.892821642774447533e-01,-1.767766952966368654e-01
-5.807455788244859918e-02,-5.537123258831522232e-01,6.963230906190351455e+00,7.082331122151057645e-01,-9.557662735933646347e-01,6.010533139046491113e-01,-4.966680157416004104e-01,6.573034482162921632e-01,-6.493539992246850634e-01,1.151455984062275117e+00,8.414777418280475763e-01,4.325644612047202520e-01,-2.929693549510424821e-01,2.247295896860070363e-01,6.320577570903027943e-03,3.961123352473639447e-01,-4.702885519880157239e-01,-1.241326962623585883e+00,-1.142871400673495907e+00,1.219324108821398522e-01,9.248938849348538049e-01,1.693409947168151630e+00,-1.286270888387151867e+00,-9.367356565830856074e-02,-7.386587407837015284e-01,1.488998094906096581e+00,-1.363252006354677692e-01,-1.310046925403953073e-02,1.044022145178492567e+00,6.646826088871474747e-01,9.276940622890612609e-01,0.000000000000000000e+00,0.000000000000000000e+00,9.205658450309623930e-01,7.108409781372613256e-01,1.019699523791156359e+00,-1.016337235221611152e-01,-1.078244396251015536e+00,-6.239662425401465429e-01,-2.489988027729138353e-01,-3.774647335768301359e-01,-4.668062001933125371e-01,-5.099556053266109945e-01,-9.515480014204554804e-01,-3.669621702617922865e-01,1.739375798511208382e+00,-5.183686688943279358e-02,-5.183686688943279358e-02,-7.051398600435393460e-01,-1.040941436780788015e-01,-2.030901712371240009e-02,-8.401389803667852485e-02,-3.271524934852403366e-01,-5.191945123345532709e-01,1.407679351095596942e+00,-5.752567881263277033e-02,-3.801429606348526863e-02,-1.147078669352808861e-01,-1.711160802546210780e-01,-7.340709118518067011e-02,-7.197411700355742237e-02,-1.244624194945742751e-01,-7.051263942166730025e-02,-2.872721242393142319e-02,-2.030901712371240009e-02,-2.019004323808653023e-01,-1.435916317235476011e-02,-1.435916317235476011e-02,-5.183686688943279358e-02,-3.801429606348527557e-02,-3.801429606348527557e-02,-1.558271304830920190e-01,-4.064318733121485144e-02,-8.148853797899899276e-02,-1.210011918676099085e-01,-5.569323991926412171e-02,-7.051263942166730025e-02,-4.979810447122927364e-02,-3.212131358814808435e-02,-2.030901712371240009e-02,-3.801429606348527557e-02,-6.749673070628271765e-02,-3.519076715388935045e-02,-1.435916317235476185e-02,-3.524455202264515918e-01,-3.753330286669139260e-01,-2.907009498669055336e-01,-4.311306135592269523e-02,-3.519076715388935045e-02,-3.801429606348527557e-02,-1.435916317235476011e-02,-1.286658602907498339e-01,-4.767312946227962589e-02,5.913962991410492975e-01,-2.487592975524973576e-02,-4.967123990818995694e-01,-1.786283982422259831e-01,-4.979810447122926670e-02,5.840947806181536750e-01,-2.030901712371240009e-02,-4.892821642774447533e-01,-1.767766952966368654e-01
1.201717520815214435e+00,-5.537123258831522232e-01,-5.507016019503075954e-01,-1.284019034700219164e+00,8.022209388717687073e-01,-7.975749704674730545e-01,-4.966680157416004104e-01,-4.963069089824175273e-01,-6.493539992246850634e-01,-6.302706439077716549e-01,-2.742568611898890674e-01,6.788889985410339056e-01,-6.116960009900960227e-01,-4.711908251889166399e-01,-7.237061318683652988e-01,4.783278468974136999e-01,9.387628447616762351e-02,2.531406657092908907e-01,-7.060332357505740841e-01,2.472755185721718374e-01,9.248938849348538049e-01,4.388828066981781961e-01,-1.115714855635336622e-01,-2.973432055800430129e-01,3.766579043152746276e-01,4.786995064188634408e-01,-1.363252006354677692e-01,-1.520590181272440944e-01,6.532684270428975593e-01,-1.105629136241454841e-01,9.276940622890612609e-01,0.000000000000000000e+00,0.000000000000000000e+00,9.205658450309623930e-01,1.005591776063908815e+00,1.318026668710696736e+00,1.369432498350053651e+00,1.730934532356029454e+00,5.403329031109622704e-01,2.220065363775658440e-01,-3.774647335768301359e-01,-4.668062001933125371e-01,-9.574075473606477593e-02,9.264805211409559149e-01,9.137094037957288473e-01,-4.602362970513234064e-01,-5.183686688943279358e-02,-5.183686688943279358e-02,1.418158377741196352e+00,-1.040941436780788015e-01,-2.030901712371240009e-02,-8.401389803667852485e-02,-3.271524934852403366e-01,-5.191945123345532709e-01,-7.103890521813077674e-01,-5.752567881263277033e-02,-3.801429606348526863e-02,-1.147078669352808861e-01,-1.711160802546210780e-01,-7.340709118518067011e-02,-7.197411700355742237e-02,-1.244624194945742751e-01,-7.051263942166730025e-02,-2.872721242393142319e-02,-2.030901712371240009e-02,-2.019004323808653023e-01,-1.435916317235476011e-02,-1.435916317235476011e-02,-5.183686688943279358e-02,-3.801429606348527557e-02,-3.801429606348527557e-02,-1.558271304830920190e-01,-4.064318733121485144e-02,-8.148853797899899276e-02,-1.210011918676099085e-01,-5.569323991926412171e-02,-7.051263942166730025e-02,-4.979810447122927364e-02,-3.212131358814808435e-02,-2.030901712371240009e-02,-3.801429606348527557e-02,-6.749673070628271765e-02,-3.519076715388935045e-02,-1.435916317235476185e-02,-3.524455202264515918e-01,2.664300564093018409e+00,-2.907009498669055336e-01,-4.311306135592269523e-02,-3.519076715388935045e-02,-3.801429606348527557e-02,-1.435916317235476011e-02,-1.286658602907498339e-01,-4.767312946227962589e-02,-1.690913523558418063e+00,-2.487592975524973576e-02,2.013237442528823973e+00,-1.786283982422259831e-01,-4.979810447122926670e-02,5.840947806181536750e-01,-2.030901712371240009e-02,-4.892821642774447533e-01,-1.767766952966368654e-01
4.689340506693836508e-01,2.321640208845666020e+00,-5.507016019503075954e-01,7.082331122151057645e-01,-6.328706631405850436e-01,-9.410240252748701684e-01,5.905777172739697933e-01,-4.963069089824175273e-01,5.168867450326074531e-01,-6.302706439077716549e-01,8.414777418280475763e-01,-1.291707300149474991e+00,-1.101446701001324913e+00,-1.096737265525927096e+00,-5.411994545085482278e-01,-1.793962463029842302e-01,1.560704859283044144e+00,-3.072846949155379481e-01,1.041319423941112321e+00,-1.465746953191598756e+00,-1.052143564629467676e+00,-1.066549761865789980e+00,-1.191501913882020008e-01,-1.072854526820492538e+00,2.049632871963738889e+00,-3.632159839871641482e-01,-8.078231342445260088e-01,1.283845986895869817e+00,3.000871818049558604e-01,7.938901959723629886e-01,-7.622329347767978769e-01,0.000000000000000000e+00,0.000000000000000000e+00,-6.258508857266168457e-01,-1.352414607349271769e+00,-1.366917635565168210e+00,-2.162027439171934073e-01,5.558225857639266243e-01,8.578690337430828761e-01,6.930118755280455511e-01,-3.774647335768301359e-01,1.696017942249628430e+00,-1.234831593860066690e+00,-1.186301566740631808e+00,9.137094037957288473e-01,-4.602362970513234064e-01,-5.183686688943279358e-02,-5.183686688943279358e-02,-7.051398600435393460e-01,-1.040941436780788015e-01,-2.030901712371240009e-02,-8.401389803667852485e-02,-3.271524934852403366e-01,-5.191945123345532709e-01,1.407679351095596942e+00,-5.752567881263277033e-02,-3.801429606348526863e-02,-1.147078669352808861e-01,-1.711160802546210780e-01,-7.340709118518067011e-02,-7.197411700355742237e-02,-1.244624194945742751e-01,-7.051263942166730025e-02,-2.872721242393142319e-02,-2.030901712371240009e-02,-2.019004323808653023e-01,-1.435916317235476011e-02,-1.435916317235476011e-02,-5.183686688943279358e-02,-3.801429606348527557e-02,-3.801429606348527557e-02,-1.558271304830920190e-01,-4.064318733121485144e-02,-8.148853797899899276e-02,-1.210011918676099085e-01,-5.569323991926412171e-02,-7.051263942166730025e-02,-4.979810447122927364e-02,-3.212131358814808435e-02,-2.030901712371240009e-02,-3.801429606348527557e-02,-6.749673070628271765e-02,-3.519076715388935045e-02,-1.435916317235476185e-02,-3.524455202264515918e-01,-3.753330286669139260e-01,-2.907009498669055336e-01,-4.311306135592269523e-02,-3.519076715388935045e-02,-3.801429606348527557e-02,-1.435916317235476011e-02,-1.286658602907498339e-01,-4.767312946227962589e-02,5.913962991410492975e-01,-2.487592975524973576e-02,-4.967123990818995694e-01,-1.786283982422259831e-01,-4.979810447122926670e-02,5.840947806181536750e-01,-2.030901712371240009e-02,-4.892821642774447533e-01,-1.767766952966368654e-01
-1.544649060410796526e+00,-7.448690342834912714e-02,-5.507016019503075954e-01,-1.284019034700219164e+00,-1.027520853693982383e+00,-1.048610816380417976e+00,5.905777172739697933e-01,-4.963069089824175273e-01,-6.623362709603883292e-02,-6.302706439077716549e-01,-1.233185519999899338e+00,-6.008461346790693741e-02,-1.996835073298559027e-01,-1.863031654938764659e+00,1.831387351169073696e+00,-1.165982386103581181e+00,2.067092517690042597e-01,6.633221216768130091e-02,1.988458201611921217e-01,-1.716433168571662726e+00,1.772195649033848630e+00,-6.292804948981121915e-02,-2.294238763068062958e+00,-2.326206157108087869e+00,-3.898722568564133795e+00,-4.572793436017302149e+00,-8.078231342445260088e-01,-1.773242088314630704e+00,-1.202811734101178587e+00,-2.436299481158024527e+00,1.631830311066502670e+00,0.000000000000000000e+00,0.000000000000000000e+00,1.307170027720357286e+00,1.300342573990556527e+00,1.019699523791156359e+00,-1.468605806864032193e+00,1.815109691691222826e+00,-6.239662425401465429e-01,-2.489988027729138353e-01,-3.774647335768301359e-01,-4.668062001933125371e-01,-1.992944673837013236e-01,2.100248347741838106e+00,-3.669621702617922865e-01,-4.602362970513234064e-01,-5.183686688943279358e-02,-5.183686688943279358e-02,-7.051398600435393460e-01,-1.040941436780788015e-01,-2.030901712371240009e-02,-8.401389803667852485e-02,-3.271524934852403366e-01,1.926060419058570616e+00,-7.103890521813077674e-01,-5.752567881263277033e-02,-3.801429606348526863e-02,-1.147078669352808861e-01,-1.711160802546210780e-01,-7.340709118518067011e-02,-7.197411700355742237e-02,-1.244624194945742751e-01,-7.051263942166730025e-02,-2.872721242393142319e-02,-2.030901712371240009e-02,-2.019004323808653023e-01,-1.435916317235476011e-02,-1.435916317235476011e-02,-5.183686688943279358e-02,-3.801429606348527557e-02,-3.801429606348527557e-02,-1.558271304830920190e-01,-4.064318733121485144e-02,-8.148853797899899276e-02,-1.210011918676099085e-01,1.795550054997075051e+01,-7.051263942166730025e-02,-4.979810447122927364e-02,-3.212131358814808435e-02,-2.030901712371240009e-02,-3.801429606348527557e-02,-6.749673070628271765e-02,-3.519076715388935045e-02,-1.435916317235476185e-02,-3.524455202264515918e-01,-3.753330286669139260e-01,-2.907009498669055336e-01,-4.311306135592269523e-02,-3.519076715388935045e-02,-3.801429606348527557e-02,-1.435916317235476011e-02,-1.286658602907498339e-01,-4.767312946227962589e-02,5.913962991410492975e-01,-2.487592975524973576e-02,-4.967123990818995694e-01,-1.786283982422259831e-01,-4.979810447122926670e-02,5.840947806181536750e-01,-2.030901712371240009e-02,-4.892821642774447533e-01,-1.767766952966368654e-01
5.408890866769313632e-01,8.839639414812570095e-01,-5.507016019503075954e-01,7.082331122151057645e-01,6.228344886202245023e-01,-1.520542238341859032e-01,5.905777172739697933e-01,1.810913805415002020e+00,2.849368233547192375e+00,-6.302706439077716549e-01,8.414777418280475763e-01,-1.784356374822102298e+00,4.907875299330786284e-02,-1.115016219951357607e-01,6.320577570903027943e-03,-1.793962463029842302e-01,-4.702885519880157239e-01,-1.204762413739283167e-01,7.214914817654016765e-01,3.308375903655265127e-01,-1.334577485995799284e+00,-1.317455189959784834e+00,6.993500376759965720e-01,1.762853536705191848e+00,-1.810004182342134504e-01,1.419333102564523941e-01,-1.363252006354677692e-01,1.005928889149460659e+00,-8.120580159655836905e-01,5.354750218019320718e-01,-1.043887434287774418e+00,0.000000000000000000e+00,0.000000000000000000e+00,-1.399059251105406521e+00,-1.941916203202566749e+00,-2.261899070323790006e+00,-2.744692742895241122e-01,-1.499120192926981954e+00,-4.122754887853995465e-01,-4.845014723481537167e-01,-3.774647335768301359e-01,-4.668062001933125371e-01,1.354011222330846920e+00,2.222198251804266556e-01,-3.669621702617922865e-01,-4.602362970513234064e-01,-5.183686688943279358e-02,-5.183686688943279358e-02,-7.051398600435393460e-01,-1.040941436780788015e-01,-2.030901712371240009e-02,-8.401389803667852485e-02,-3.271524934852403366e-01,-5.191945123345532709e-01,1.407679351095596942e+00,-5.752567881263277033e-02,-3.801429606348526863e-02,-1.147078669352808861e-01,-1.711160802546210780e-01,-7.340709118518067011e-02,-7.197411700355742237e-02,-1.244624194945742751e-01,-7.051263942166730025e-02,-2.872721242393142319e-02,-2.030901712371240009e-02,-2.019004323808653023e-01,-1.435916317235476011e-02,-1.435916317235476011e-02,-5.183686688943279358e-02,-3.801429606348527557e-02,-3.801429606348527557e-02,-1.558271304830920190e-01,-4.064318733121485144e-02,-8.148853797899899276e-02,-1.210011918676099085e-01,-5.569323991926412171e-02,-7.051263942166730025e-02,-4.979810447122927364e-02,-3.212131358814808435e-02,-2.030901712371240009e-02,-3.801429606348527557e-02,-6.749673070628271765e-02,-3.519076715388935045e-02,-1.435916317235476185e-02,-3.524455202264515918e-01,-3.753330286669139260e-01,-2.907009498669055336e-01,-4.311306135592269523e-02,-3.519076715388935045e-02,-3.801429606348527557e-02,-1.435916317235476011e-02,-1.286658602907498339e-01,-4.767312946227962589e-02,5.913962991410492975e-01,-2.487592975524973576e-02,-4.967123990818995694e-01,-1.786283982422259831e-01,-4.979810447122926670e-02,5.840947806181536750e-01,-2.030901712371240009e-02,-4.892821642774447533e-01,-1.767766952966368654e-01
3.670391031276609151e-01,1.363189363936059939e+00,-5.507016019503075954e-01,7.082331122151057645e-01,5.152026184692979349e-01,5.651910502027998051e-01,-4.966680157416004104e-01,-4.963069089824175273e-01,-6.623362709603883292e-02,1.151455984062275117e+00,8.414777418280475763e-01,-5.527336881405341407e-01,8.186869958680963455e-01,9.206500045609311567e-01,-1.271226163947816401e+00,2.316813119472644900e-01,-6.959544865736890795e-01,-2.707201460312350788e-02,-7.450366433329778104e-01,8.322100211256544533e-01,-4.872757218968044035e-01,9.406936628861676253e-01,-1.494650146868760632e-01,-1.641745948619860451e-01,1.120202334381258824e+00,-2.644978782475312235e-02,-8.078231342445260088e-01,-6.152541810379259513e-01,3.752321276002626438e-01,-2.828396964044327944e-01,-4.805784352658213909e-01,0.000000000000000000e+00,0.000000000000000000e+00,-2.392467030372219805e-01,-4.681622135693289666e-01,-4.719362008065465242e-01,-2.286416661315112120e-01,-1.596662685852161256e-01,3.286421493562152185e-01,1.164017214678525258e+00,9.257960654133498002e-01,-4.668062001933125371e-01,-1.131277881212430225e+00,-9.515480014204554804e-01,-3.669621702617922865e-01,-4.602362970513234064e-01,-5.183686688943279358e-02,-5.183686688943279358e-02,-7.051398600435393460e-01,-1.040941436780788015e-01,-2.030901712371240009e-02,-8.401389803667852485e-02,3.056678521220304923e+00,-5.191945123345532709e-01,-7.103890521813077674e-01,-5.752567881263277033e-02,-3.801429606348526863e-02,-1.147078669352808861e-01,-1.711160802546210780e-01,-7.340709118518067011e-02,-7.197411700355742237e-02,-1.244624194945742751e-01,-7.051263942166730025e-02,-2.872721242393142319e-02,-2.030901712371240009e-02,-2.019004323808653023e-01,-1.435916317235476011e-02,-1.435916317235476011e-02,-5.183686688943279358e-02,-3.801429606348527557e-02,-3.801429606348527557e-02,-1.558271304830920190e-01,-4.064318733121485144e-02,-8.148853797899899276e-02,-1.210011918676099085e-01,-5.569323991926412171e-02,-7.051263942166730025e-02,-4.979810447122927364e-02,-3.212131358814808435e-02,-2.030901712371240009e-02,-3.801429606348527557e-02,-6.749673070628271765e-02,-3.519076715388935045e-02,-1.435916317235476185e-02,-3.524455202264515918e-01,-3.753330286669139260e-01,-2.907009498669055336e-01,-4.311306135592269523e-02,-3.519076715388935045e-02,-3.801429606348527557e-02,-1.435916317235476011e-02,-1.286658602907498339e-01,-4.767312946227962589e-02,5.913962991410492975e-01,-2.487592975524973576e-02,-4.967123990818995694e-01,-1.786283982422259831e-01,-4.979810447122926670e-02,5.840947806181536750e-01,-2.030901712371240009e-02,-4.892821642774447533e-01,-1.767766952966368654e-01
-1.556558859474114653e+00,-7.448690342834912714e-02,-4.977276807426366662e-02,-1.284019034700219164e+00,-9.198889835430558160e-01,-4.748145971508294649e-01,1.677823450289539942e+00,6.573034482162921632e-01,-6.493539992246850634e-01,-6.302706439077716549e-01,3.469359177876646938e-01,-1.045382762813161337e+00,-1.608144041543616842e-01,4.488498808911660365e-02,6.450939483302627897e-01,-1.577059944353829790e+00,6.074023550996510146e+00,-1.801752323248414722e+00,-1.236479578871264806e+00,-2.958779480846334686e-01,-1.052143564629467676e+00,-1.066549761865789980e+00,-7.102892457123456404e-01,1.491633127099130929e-01,-1.810004182342134504e-01,9.838488006624800386e-01,-5.839904897081731328e-01,7.743313076941197304e-01,1.171768553030513971e+00,5.354750218019320718e-01,-1.043887434287774418e+00,0.000000000000000000e+00,0.000000000000000000e+00,-1.012455068416011628e+00,-7.629130114959765674e-01,-7.702633457260871230e-01,-9.946174024868700281e-01,-1.769683205075817556e+00,-1.153193126927014367e+00,-4.845014723481537167e-01,-3.774647335768301359e-01,-4.668062001933125371e-01,-9.574075473606477593e-02,-2.472873054599261933e-01,-3.669621702617922865e-01,-4.602362970513234064e-01,-5.183686688943279358e-02,-5.183686688943279358e-02,-7.051398600435393460e-01,-1.040941436780788015e-01,-2.030901712371240009e-02,-8.401389803667852485e-02,-3.271524934852403366e-01,1.926060419058570616e+00,-7.103890521813077674e-01,-5.752567881263277033e-02,-3.801429606348526863e-02,-1.147078669352808861e-01,5.843986132174123327e+00,-7.340709118518067011e-02,-7.197411700355742237e-02,-1.244624194945742751e-01,-7.051263942166730025e-02,-2.872721242393142319e-02,-2.030901712371240009e-02,-2.019004323808653023e-01,-1.435916317235476011e-02,-1.435916317235476011e-02,-5.183686688943279358e-02,-3.801429606348527557e-02,-3.801429606348527557e-02,-1.558271304830920190e-01,-4.064318733121485144e-02,-8.148853797899899276e-02,-1.210011918676099085e-01,-5.569323991926412171e-02,-7.051263942166730025e-02,-4.979810447122927364e-02,-3.212131358814808435e-02,-2.030901712371240009e-02,-3.801429606348527557e-02,-6.749673070628271765e-02,-3.519076715388935045e-02,-1.435916317235476185e-02,-3.524455202264515918e-01,-3.753330286669139260e-01,-2.907009498669055336e-01,-4.311306135592269523e-02,-3.519076715388935045e-02,-3.801429606348527557e-02,-1.435916317235476011e-02,-1.286658602907498339e-01,-4.767312946227962589e-02,-1.690913523558418063e+00,-2.487592975524973576e-02,-4.967123990818995694e-01,-1.786283982422259831e-01,-4.979810447122926670e-02,5.840947806181536750e-01,-2.030901712371240009e-02,-4.892821642774447533e-01,-1.767766952966368654e-01
-5.852485803101602491e-01,-5.537123258831522232e-01,-5.507016019503075954e-01,-2.878929612425566442e-01,-3.458523427381143267e-01,-9.051617615730208621e-01,-4.966680157416004104e-01,-4.963069089824175273e-01,-6.493539992246850634e-01,-6.302706439077716549e-01,-1.293495498541409328e+00,-6.008461346790693741e-02,4.487930335634764845e+00,-3.069848846004514797e-01,-5.411994545085482278e-01,-1.165982386103581181e+00,-8.087874538665257296e-01,-1.801752323248414722e+00,-1.236479578871264806e+00,1.375363487782459870e+00,2.478280452449677540e+00,-6.292804948981121915e-02,1.688406299492010987e-01,-1.629029312760612802e+00,-4.598295795089574756e-01,-6.157906311089724749e-01,-8.078231342445260088e-01,-1.773242088314630704e+00,-1.202811734101178587e+00,-2.436299481158024527e+00,1.772657560821990774e+00,0.000000000000000000e+00,0.000000000000000000e+00,1.307170027720357286e+00,1.300342573990556527e+00,4.230452339520751615e-01,-1.277439212833463955e+00,4.870127332915067386e-01,1.169513956014681527e-01,1.635022553829005076e+00,-3.774647335768301359e-01,-4.668062001933125371e-01,-1.441939019155339841e+00,-9.515480014204554804e-01,-3.669621702617922865e-01,-4.602362970513234064e-01,-5.183686688943279358e-02,-5.183686688943279358e-02,1.418158377741196352e+00,-1.040941436780788015e-01,-2.030901712371240009e-02,-8.401389803667852485e-02,-3.271524934852403366e-01,-5.191945123345532709e-01,-7.103890521813077674e-01,-5.752567881263277033e-02,-3.801429606348526863e-02,-1.147078669352808861e-01,-1.711160802546210780e-01,-7.340709118518067011e-02,-7.197411700355742237e-02,-1.244624194945742751e-01,-7.051263942166730025e-02,-2.872721242393142319e-02,-2.030901712371240009e-02,-2.019004323808653023e-01,-1.435916317235476011e-02,-1.435916317235476011e-02,-5.183686688943279358e-02,-3.801429606348527557e-02,-3.801429606348527557e-02,-1.558271304830920190e-01,-4.064318733121485144e-02,-8.148853797899899276e-02,-1.210011918676099085e-01,-5.569323991926412171e-02,-7.051263942166730025e-02,-4.979810447122927364e-02,-3.212131358814808435e-02,-2.030901712371240009e-02,-3.801429606348527557e-02,-6.749673070628271765e-02,-3.519076715388935045e-02,-1.435916317235476185e-02,-3.524455202264515918e-01,2.664300564093018409e+00,-2.907009498669055336e-01,-4.311306135592269523e-02,-3.519076715388935045e-02,-3.801429606348527557e-02,-1.435916317235476011e-02,-1.286658602907498339e-01,-4.767312946227962589e-02,5.913962991410492975e-01,-2.487592975524973576e-02,-4.967123990818995694e-01,-1.786283982422259831e-01,-4.979810447122926670e-02,5.840947806181536750e-01,-2.030901712371240009e-02,-4.892821642774447533e-01,-1.767766952966368654e-01
5.787688642533185268e-01,2.321640208845666020e+00,-5.507016019503075954e-01,7.082331122151057645e-01,1.053361969223930661e+00,1.569334433854579824e+00,-4.966680157416004104e-01,-4.963069089824175273e-01,1.683127489289899970e+00,-6.302706439077716549e-01,8.414777418280475763e-01,-2.030680912158415730e+00,1.734598831548899156e-01,4.671288353165986007e-01,-2.674394384688225657e-01,1.053836428447761930e+00,-8.087874538665257296e-01,-4.006889216863427361e-01,3.860621765567299746e-01,1.291801415989105140e+00,-1.334577485995799284e+00,-1.568360618053779465e+00,-1.036173596173091349e+00,3.606664003209448244e-01,1.120202334381258824e+00,1.068040349703082814e+00,-2.482415229036441240e-01,8.206508239851878495e-01,1.314543950041596743e+00,3.631982390216446643e-01,-1.325541933798751071e+00,0.000000000000000000e+00,0.000000000000000000e+00,-1.399059251105406521e+00,-1.647165405275919259e+00,-2.261899070323790006e+00,-4.721826694855227324e-01,-1.032816532482816019e+00,-5.181208656627730447e-01,-4.845014723481537167e-01,9.257960654133498002e-01,-4.668062001933125371e-01,9.397963717403006179e-01,-9.515480014204554804e-01,9.137094037957288473e-01,-4.602362970513234064e-01,-5.183686688943279358e-02,-5.183686688943279358e-02,-7.051398600435393460e-01,9.606688375213465747e+00,-2.030901712371240009e-02,-8.401389803667852485e-02,-3.271524934852403366e-01,-5.191945123345532709e-01,-7.103890521813077674e-01,-5.752567881263277033e-02,-3.801429606348526863e-02,-1.147078669352808861e-01,-1.711160802546210780e-01,-7.340709118518067011e-02,-7.197411700355742237e-02,-1.244624194945742751e-01,-7.051263942166730025e-02,-2.872721242393142319e-02,-2.030901712371240009e-02,-2.019004323808653023e-01,-1.435916317235476011e-02,-1.435916317235476011e-02,-5.183686688943279358e-02,-3.801429606348527557e-02,-3.801429606348527557e-02,-1.558271304830920190e-01,-4.064318733121485144e-02,-8.148853797899899276e-02,-1.210011918676099085e-01,-5.569323991926412171e-02,-7.051263942166730025e-02,-4.979810447122927364e-02,-3.212131358814808435e-02,-2.030901712371240009e-02,-3.801429606348527557e-02,-6.749673070628271765e-02,-3.519076715388935045e-02,-1.435916317235476185e-02,-3.524455202264515918e-01,-3.753330286669139260e-01,-2.907009498669055336e-01,-4.311306135592269523e-02,-3.519076715388935045e-02,-3.801429606348527557e-02,-1.435916317235476011e-02,-1.286658602907498339e-01,-4.767312946227962589e-02,5.913962991410492975e-01,-2.487592975524973576e-02,-4.967123990818995694e-01,-1.786283982422259831e-01,-4.979810447122926670e-02,5.840947806181536750e-01,-2.030901712371240009e-02,-4.892821642774447533e-01,-1.767766952966368654e-01
3.289939116753942683e-01,-5.537123258831522232e-01,-5.507016019503075954e-01,-2.878929612425566442e-01,1.292055776497412142e-02,-8.032969643048733233e-02,-4.966680157416004104e-01,-4.963069089824175273e-01,-6.623362709603883292e-02,-6.302706439077716549e-01,5.338968512663462285e-01,-1.291707300149474991e+00,-1.530405835192626407e-01,6.626120979219143337e-01,-6.324527931884567078e-01,1.053836428447761930e+00,-8.087874538665257296e-01,-4.940931484571475241e-01,-6.748305096846511919e-01,6.650858775389451027e-01,-7.697096432631360674e-01,-8.156443337717953490e-01,9.873408590133997409e-01,3.102373091575059583e+00,2.837148505570266099e-01,7.312741535406717119e-01,-2.482415229036441240e-01,2.071277763844029174e+00,-9.848913912947890870e-01,1.138443761532937692e+00,-4.805784352658213909e-01,0.000000000000000000e+00,0.000000000000000000e+00,-6.258508857266168457e-01,-7.629130114959765674e-01,1.247180890325345903e-01,-1.805766066883698562e+00,-2.219953501837089505e+00,-1.364883880681761363e+00,-1.191009481073873166e+00,-3.774647335768301359e-01,-4.668062001933125371e-01,2.149203832068448394e-01,-7.167944361002790421e-01,-3.669621702617922865e-01,-4.602362970513234064e-01,-5.183686688943279358e-02,-5.183686688943279358e-02,1.418158377741196352e+00,-1.040941436780788015e-01,-2.030901712371240009e-02,-8.401389803667852485e-02,-3.271524934852403366e-01,-5.191945123345532709e-01,-7.103890521813077674e-01,-5.752567881263277033e-02,-3.801429606348526863e-02,-1.147078669352808861e-01,-1.711160802546210780e-01,-7.340709118518067011e-02,-7.197411700355742237e-02,-1.244624194945742751e-01,-7.051263942166730025e-02,-2.872721242393142319e-02,-2.030901712371240009e-02,-2.019004323808653023e-01,-1.435916317235476011e-02,-1.435916317235476011e-02,-5.183686688943279358e-02,-3.801429606348527557e-02,-3.801429606348527557e-02,-1.558271304830920190e-01,-4.064318733121485144e-02,-8.148853797899899276e-02,-1.210011918676099085e-01,-5.569323991926412171e-02,-7.051263942166730025e-02,-4.979810447122927364e-02,-3.212131358814808435e-02,-2.030901712371240009e-02,-3.801429606348527557e-02,-6.749673070628271765e-02,-3.519076715388935045e-02,-1.435916317235476185e-02,2.837317947345407543e+00,-3.753330286669139260e-01,-2.907009498669055336e-01,-4.311306135592269523e-02,-3.519076715388935045e-02,-3.801429606348527557e-02,-1.435916317235476011e-02,-1.286658602907498339e-01,-4.767312946227962589e-02,5.913962991410492975e-01,-2.487592975524973576e-02,-4.967123990818995694e-01,-1.786283982422259831e-01,-4.979810447122926670e-02,5.840947806181536750e-01,-2.030901712371240009e-02,-4.892821642774447533e-01,-1.767766952966368654e-01
-3.324961779664064587e-01,-7.448690342834912714e-02,-5.507016019503075954e-01,-2.878929612425566442e-01,-4.893615029393497129e-01,3.500174679917040788e-01,-4.966680157416004104e-01,-4.963069089824175273e-01,-6.623362709603883292e-02,-6.302706439077716549e-01,-1.347774479228768474e+00,-6.008461346790693741e-02,7.254011482469098215e-01,6.391541064092766122e-01,-6.324527931884567078e-01,1.494658002972147348e-01,-5.831215192808524295e-01,-1.671783547593307107e-01,-5.266175608715170098e-01,5.397427698489131176e-01,-1.052143564629467676e+00,-5.647389056778006067e-01,1.229859445402792018e+00,2.107525235034280797e+00,2.837148505570266099e-01,8.154657025812744875e-01,-8.078231342445260088e-01,-1.773242088314630704e+00,-1.202811734101178587e+00,7.938901959723629886e-01,-1.043887434287774418e+00,0.000000000000000000e+00,0.000000000000000000e+00,-1.012455068416011628e+00,-4.681622135693289666e-01,-1.068590490645627611e+00,-1.029315448663651100e+00,-1.092941646293668523e+00,-1.153193126927014367e+00,-7.200041419233935702e-01,9.257960654133498002e-01,-4.668062001933125371e-01,4.220278085021179071e-01,-9.515480014204554804e-01,-3.669621702617922865e-01,-4.602362970513234064e-01,-5.183686688943279358e-02,-5.183686688943279358e-02,1.418158377741196352e+00,-1.040941436780788015e-01,-2.030901712371240009e-02,-8.401389803667852485e-02,-3.271524934852403366e-01,-5.191945123345532709e-01,-7.103890521813077674e-01,-5.752567881263277033e-02,-3.801429606348526863e-02,-1.147078669352808861e-01,-1.711160802546210780e-01,-7.340709118518067011e-02,-7.197411700355742237e-02,-1.244624194945742751e-01,-7.051263942166730025e-02,-2.872721242393142319e-02,-2.030901712371240009e-02,-2.019004323808653023e-01,-1.435916317235476011e-02,-1.435916317235476011e-02,-5.183686688943279358e-02,-3.801429606348527557e-02,-3.801429606348527557e-02,-1.558271304830920190e-01,-4.064318733121485144e-02,-8.148853797899899276e-02,-1.210011918676099085e-01,-5.569323991926412171e-02,-7.051263942166730025e-02,-4.979810447122927364e-02,-3.212131358814808435e-02,-2.030901712371240009e-02,-3.801429606348527557e-02,-6.749673070628271765e-02,-3.519076715388935045e-02,-1.435916317235476185e-02,-3.524455202264515918e-01,2.664300564093018409e+00,-2.907009498669055336e-01,-4.311306135592269523e-02,-3.519076715388935045e-02,-3.801429606348527557e-02,-1.435916317235476011e-02,-1.286658602907498339e-01,-4.767312946227962589e-02,5.913962991410492975e-01,-2.487592975524973576e-02,-4.967123990818995694e-01,-1.786283982422259831e-01,-4.979810447122926670e-02,-1.712050908829709783e+00,-2.030901712371240009e-02,2.043810449286999731e+00,-1.767766952966368654e-01
6.929044386101183006e-01,8.839639414812570095e-01,-5.507016019503075954e-01,7.082331122151057645e-01,6.587117786705333211e-01,3.500174679917040788e-01,1.677823450289539942e+00,1.810913805415002020e+00,-6.623362709603883292e-02,-3.636176791775609651e-02,8.414777418280475763e-01,-5.527336881405341407e-01,-5.198091526297738546e-02,1.699942761565187699e-01,-8.493276110900550846e-02,-1.496522300288474598e-02,9.965400228188608933e-01,-8.210079421549643097e-01,-8.698475475966698234e-01,-8.697276860124680820e-02,-7.697096432631360674e-01,1.879773786041834815e-01,9.191325065913832359e-01,1.684519059812217501e+00,1.907717967987786201e-01,-4.474075330277669238e-01,3.113400884372377608e-01,7.953856332809684793e-02,-7.218840810112155948e-01,-2.828396964044327944e-01,-7.622329347767978769e-01,0.000000000000000000e+00,0.000000000000000000e+00,-6.258508857266168457e-01,1.213393822839661657e-01,1.247180890325345903e-01,-8.604079785955464077e-01,-7.689340885351864108e-01,5.403329031109622704e-01,1.399519884253765056e+00,-3.774647335768301359e-01,-4.668062001933125371e-01,-9.574075473606477593e-02,-2.472873054599261933e-01,-3.669621702617922865e-01,1.739375798511208382e+00,-5.183686688943279358e-02,-5.183686688943279358e-02,-7.051398600435393460e-01,-1.040941436780788015e-01,-2.030901712371240009e-02,-8.401389803667852485e-02,-3.271524934852403366e-01,-5.191945123345532709e-01,1.407679351095596942e+00,-5.752567881263277033e-02,-3.801429606348526863e-02,-1.147078669352808861e-01,-1.711160802546210780e-01,-7.340709118518067011e-02,-7.197411700355742237e-02,-1.244624194945742751e-01,-7.051263942166730025e-02,-2.872721242393142319e-02,-2.030901712371240009e-02,-2.019004323808653023e-01,-1.435916317235476011e-02,-1.435916317235476011e-02,-5.183686688943279358e-02,-3.801429606348527557e-02,-3.801429606348527557e-02,-1.558271304830920190e-01,-4.064318733121485144e-02,-8.148853797899899276e-02,-1.210011918676099085e-01,-5.569323991926412171e-02,-7.051263942166730025e-02,-4.979810447122927364e-02,-3.212131358814808435e-02,-2.030901712371240009e-02,-3.801429606348527557e-02,-6.749673070628271765e-02,-3.519076715388935045e-02,-1.435916317235476185e-02,-3.524455202264515918e-01,-3.753330286669139260e-01,-2.907009498669055336e-01,-4.311306135592269523e-02,-3.519076715388935045e-02,-3.801429606348527557e-02,-1.435916317235476011e-02,-1.286658602907498339e-01,-4.767312946227962589e-02,5.913962991410492975e-01,-2.487592975524973576e-02,-4.967123990818995694e-01,-1.786283982422259831e-01,-4.979810447122926670e-02,5.840947806181536750e-01,-2.030901712371240009e-02,-4.892821642774447533e-01,-1.767766952966368654e-01
-1.666724500809808385e+00,-5.537123258831522232e-01,-4.977276807426366662e-02,7.082331122151057645e-01,3.716934582680625487e-01,-4.030900697471309080e-01,-4.966680157416004104e-01,-4.963069089824175273e-01,-6.623362709603883292e-02,-3.636176791775609651e-02,8.414777418280475763e-01,-1.045382762813161337e+00,2.435829182714591319e-03,6.000574538882131881e-01,2.800805936106286476e-01,3.138968235973142451e-01,1.899203761161553983e+00,7.668639129487173633e-01,-6.904318727176127490e-01,-8.697276860124680820e-02,-6.362483984730694930e-02,-1.066549761865789980e+00,-2.934604253555775921e-01,-7.751835146271885968e-01,-2.739434719924614403e-01,-6.999821801495752505e-01,1.994237661690613783e-01,-8.468517624932668797e-01,3.376596547026091133e-01,-7.996700447452947946e-01,-5.809668599935657873e-02,0.000000000000000000e+00,0.000000000000000000e+00,1.473574796521728292e-01,1.213393822839661657e-01,-1.366917635565168210e+00,5.831616783818605043e-01,6.486824837606874894e-01,1.387095918129950478e+00,2.577033232129964269e+00,6.138839261374069878e+00,-4.668062001933125371e-01,-7.170630306218840344e-01,-1.253374013974976713e-02,-3.669621702617922865e-01,-4.602362970513234064e-01,-5.183686688943279358e-02,-5.183686688943279358e-02,-7.051398600435393460e-01,-1.040941436780788015e-01,-2.030901712371240009e-02,-8.401389803667852485e-02,3.056678521220304923e+00,-5.191945123345532709e-01,-7.103890521813077674e-01,-5.752567881263277033e-02,-3.801429606348526863e-02,-1.147078669352808861e-01,-1.711160802546210780e-01,-7.340709118518067011e-02,-7.197411700355742237e-02,-1.244624194945742751e-01,-7.051263942166730025e-02,-2.872721242393142319e-02,-2.030901712371240009e-02,-2.019004323808653023e-01,-1.435916317235476011e-02,-1.435916317235476011e-02,-5.183686688943279358e-02,-3.801429606348527557e-02,-3.801429606348527557e-02,-1.558271304830920190e-01,-4.064318733121485144e-02,-8.148853797899899276e-02,-1.210011918676099085e-01,-5.569323991926412171e-02,-7.051263942166730025e-02,-4.979810447122927364e-02,-3.212131358814808435e-02,-2.030901712371240009e-02,-3.801429606348527557e-02,-6.749673070628271765e-02,-3.519076715388935045e-02,-1.435916317235476185e-02,-3.524455202264515918e-01,-3.753330286669139260e-01,-2.907009498669055336e-01,-4.311306135592269523e-02,-3.519076715388935045e-02,-3.801429606348527557e-02,-1.435916317235476011e-02,-1.286658602907498339e-01,-4.767312946227962589e-02,5.913962991410492975e-01,-2.487592975524973576e-02,-4.967123990818995694e-01,-1.786283982422259831e-01,-4.979810447122926670e-02,5.840947806181536750e-01,-2.030901712371240009e-02,-4.892821642774447533e-01,-1.767766952966368654e-01
3.667082753759020597e-01,-5.537123258831522232e-01,-4.977276807426366662e-02,-1.284019034700219164e+00,-6.687479531908938624e-01,-6.182636519582266343e-01,-4.966680157416004104e-01,6.573034482162921632e-01,-6.493539992246850634e-01,-6.302706439077716549e-01,2.564709499753998756e-01,-3.064091508042205425e-01,-9.692917502046441980e-01,-1.409510485694432269e+00,-7.237061318683652988e-01,-1.793962463029842302e-01,1.447871891990207383e+00,4.399491192509005222e-01,1.251937824886092399e+00,-2.123158762912787934e-01,-4.872757218968044035e-01,-6.292804948981121915e-02,1.915767474232064616e-01,1.961639988456979622e-01,4.885689282282582209e-03,6.470826045000689364e-01,1.430503311119001530e+00,1.258580796191650364e-01,1.948842576915265357e-01,9.230977830575785026e-01,-5.809668599935657873e-02,0.000000000000000000e+00,0.000000000000000000e+00,1.473574796521728292e-01,-4.681622135693289666e-01,4.230452339520751615e-01,-1.121086053868497745e-01,-5.057197014076773023e-01,-3.064301119080259928e-01,-7.200041419233935702e-01,-3.774647335768301359e-01,-4.668062001933125371e-01,2.149203832068448394e-01,-1.253374013974976713e-02,-3.669621702617922865e-01,-4.602362970513234064e-01,-5.183686688943279358e-02,-5.183686688943279358e-02,-7.051398600435393460e-01,-1.040941436780788015e-01,-2.030901712371240009e-02,-8.401389803667852485e-02,-3.271524934852403366e-01,1.926060419058570616e+00,-7.103890521813077674e-01,-5.752567881263277033e-02,-3.801429606348526863e-02,-1.147078669352808861e-01,-1.711160802546210780e-01,-7.340709118518067011e-02,-7.197411700355742237e-02,-1.244624194945742751e-01,-7.051263942166730025e-02,-2.872721242393142319e-02,-2.030901712371240009e-02,4.952936396459016066e+00,-1.435916317235476011e-02,-1.435916317235476011e-02,-5.183686688943279358e-02,-3.801429606348527557e-02,-3.801429606348527557e-02,-1.558271304830920190e-01,-4.064318733121485144e-02,-8.148853797899899276e-02,-1.210011918676099085e-01,-5.569323991926412171e-02,-7.051263942166730025e-02,-4.979810447122927364e-02,-3.212131358814808435e-02,-2.030901712371240009e-02,-3.801429606348527557e-02,-6.749673070628271765e-02,-3.519076715388935045e-02,-1.435916317235476185e-02,-3.524455202264515918e-01,-3.753330286669139260e-01,-2.907009498669055336e-01,-4.311306135592269523e-02,-3.519076715388935045e-02,-3.801429606348527557e-02,-1.435916317235476011e-02,-1.286658602907498339e-01,-4.767312946227962589e-02,-1.690913523558418063e+00,-2.487592975524973576e-02,2.013237442528823973e+00,-1.786283982422259831e-01,-4.979810447122926670e-02,5.840947806181536750e-01,-2.030901712371240009e-02,-4.892821642774447533e-01,-1.767766952966368654e-01
-1.631123690658803083e-01,8.839639414812570095e-01,4.959515570686175323e+00,7.082331122151057645e-01,6.945890687208421399e-01,-4.030900697471309080e-01,1.677823450289539942e+00,6.573034482162921632e-01,1.100007117161253767e+00,1.151455984062275117e+00,8.414777418280475763e-01,-7.990582254768477943e-01,4.299959641131527732e-01,3.498388777534092164e-01,6.450939483302627897e-01,-1.494844432703780202e+00,4.323751863546776431e-01,5.333533460217053657e-01,8.385017045126130775e-01,-1.705348403946014557e-01,-7.697096432631360674e-01,-8.156443337717953490e-01,-2.404094845828982085e-01,-1.323524852878011693e+00,-8.805736447596543282e-02,-2.790244349465614282e-01,-3.601578451718204787e-01,4.037751773655741672e-01,1.389688895836903582e+00,-1.488777175866444091e+00,-7.622329347767978769e-01,0.000000000000000000e+00,0.000000000000000000e+00,-6.258508857266168457e-01,-1.734114156426813935e-01,-7.702633457260871230e-01,-3.176781619813648927e-01,-1.445675647317335555e+00,3.286421493562152185e-01,1.164017214678525258e+00,-3.774647335768301359e-01,-4.668062001933125371e-01,-9.241704559171570743e-01,-9.515480014204554804e-01,-3.669621702617922865e-01,-4.602362970513234064e-01,-5.183686688943279358e-02,-5.183686688943279358e-02,-7.051398600435393460e-01,-1.040941436780788015e-01,-2.030901712371240009e-02,-8.401389803667852485e-02,-3.271524934852403366e-01,-5.191945123345532709e-01,1.407679351095596942e+00,-5.752567881263277033e-02,-3.801429606348526863e-02,-1.147078669352808861e-01,-1.711160802546210780e-01,-7.340709118518067011e-02,-7.197411700355742237e-02,-1.244624194945742751e-01,-7.051263942166730025e-02,-2.872721242393142319e-02,-2.030901712371240009e-02,-2.019004323808653023e-01,-1.435916317235476011e-02,-1.435916317235476011e-02,-5.183686688943279358e-02,-3.801429606348527557e-02,-3.801429606348527557e-02,-1.558271304830920190e-01,-4.064318733121485144e-02,-8.148853797899899276e-02,-1.210011918676099085e-01,-5.569323991926412171e-02,-7.051263942166730025e-02,-4.979810447122927364e-02,-3.212131358814808435e-02,-2.030901712371240009e-02,-3.801429606348527557e-02,-6.749673070628271765e-02,-3.519076715388935045e-02,-1.435916317235476185e-02,-3.524455202264515918e-01,-3.753330286669139260e-01,-2.907009498669055336e-01,-4.311306135592269523e-02,-3.519076715388935045e-02,-3.801429606348527557e-02,-1.435916317235476011e-02,-1.286658602907498339e-01,-4.767312946227962589e-02,5.913962991410492975e-01,-2.487592975524973576e-02,-4.967123990818995694e-01,-1.786283982422259831e-01,-4.979810447122926670e-02,5.840947806181536750e-01,-2.030901712371240009e-02,-4.892821642774447533e-01,-1.767766952966368654e-01
4.414753472733998763e-01,4.047385190264539689e-01,-5.507016019503075954e-01,7.082331122151057645e-01,6.945890687208421399e-01,-8.605169026788763234e-03,5.905777172739697933e-01,-4.963069089824175273e-01,-6.493539992246850634e-01,5.575471080722594897e-01,2.805949413920039714e-01,1.862399238684066816e-01,-5.339577946391075303e-01,-6.458563896985994313e-02,6.320577570903027943e-03,9.716209167977121197e-01,-1.895668281666913063e-02,6.734596861779125199e-01,-6.436277836187281887e-01,4.979617339522358077e-01,-4.872757218968044035e-01,-6.292804948981121915e-02,-5.587151292189753704e-01,-1.206023137538549506e+00,-4.598295795089574756e-01,4.786995064188634408e-01,4.232564107054141989e-01,1.721775959102332110e-01,8.968133357809701667e-02,-1.359569588781228688e+00,-4.805784352658213909e-01,0.000000000000000000e+00,0.000000000000000000e+00,-2.392467030372219805e-01,-4.681622135693289666e-01,-4.719362008065465242e-01,-8.086882493886461409e-01,-7.007922928828871356e-01,2.551395063781059402e+00,3.519043910430923905e+00,9.257960654133498002e-01,1.696017942249628430e+00,2.285994636159575766e+00,3.039262609022543860e+00,9.137094037957288473e-01,-4.602362970513234064e-01,-5.183686688943279358e-02,-5.183686688943279358e-02,-7.051398600435393460e-01,-1.040941436780788015e-01,-2.030901712371240009e-02,-8.401389803667852485e-02,-3.271524934852403366e-01,1.926060419058570616e+00,-7.103890521813077674e-01,-5.752567881263277033e-02,-3.801429606348526863e-02,-1.147078669352808861e-01,-1.711160802546210780e-01,-7.340709118518067011e-02,-7.197411700355742237e-02,-1.244624194945742751e-01,-7.051263942166730025e-02,-2.872721242393142319e-02,-2.030901712371240009e-02,-2.019004323808653023e-01,-1.435916317235476011e-02,-1.435916317235476011e-02,-5.183686688943279358e-02,-3.801429606348527557e-02,-3.801429606348527557e-02,-1.558271304830920190e-01,-4.064318733121485144e-02,-8.148853797899899276e-02,-1.210011918676099085e-01,-5.569323991926412171e-02,-7.051263942166730025e-02,-4.979810447122927364e-02,-3.212131358814808435e-02,-2.030901712371240009e-02,-3.801429606348527557e-02,-6.749673070628271765e-02,-3.519076715388935045e-02,-1.435916317235476185e-02,-3.524455202264515918e-01,-3.753330286669139260e-01,3.439961240091715222e+00,-4.311306135592269523e-02,-3.519076715388935045e-02,-3.801429606348527557e-02,-1.435916317235476011e-02,-1.286658602907498339e-01,-4.767312946227962589e-02,-1.690913523558418063e+00,-2.487592975524973576e-02,2.013237442528823973e+00,-1.786283982422259831e-01,-4.979810447122926670e-02,-1.712050908829709783e+00,-2.030901712371240009e-02,2.043810449286999731e+00,-1.767766952966368654e-01
7.261526276618818221e-01,-5.537123258831522232e-01,-5.507016019503075954e-01,7.082331122151057645e-01,6.228344886202245023e-01,1.318298587941634681e+00,-4.966680157416004104e-01,-4.963069089824175273e-01,-6.493539992246850634e-01,-6.302706439077716549e-01,8.414777418280475763e-01,-1.291707300149474991e+00,-3.396122787616357441e-01,-2.131529185498998447e-01,9.757391625081156261e-02,3.138968235973142451e-01,-1.317896501095057737e-01,2.531406657092908907e-01,-3.159991599265370432e-01,3.308375903655265127e-01,-7.697096432631360674e-01,-5.647389056778006067e-01,-2.707243078815722570e-01,7.053380986500334959e-01,-9.245448483001975637e-01,8.996572516218772630e-01,-4.720741674399969168e-01,-2.910175670004486737e-01,-5.490507056820100873e-01,3.631982390216446643e-01,-7.622329347767978769e-01,0.000000000000000000e+00,0.000000000000000000e+00,-6.258508857266168457e-01,-1.352414607349271769e+00,-1.366917635565168210e+00,-1.009790434056180713e-01,8.457592456962590433e-01,1.110601872409461635e-02,-7.200041419233935702e-01,-3.774647335768301359e-01,-4.668062001933125371e-01,5.255815211497544270e-01,9.264805211409559149e-01,-3.669621702617922865e-01,1.739375798511208382e+00,-5.183686688943279358e-02,-5.183686688943279358e-02,-7.051398600435393460e-01,-1.040941436780788015e-01,-2.030901712371240009e-02,-8.401389803667852485e-02,-3.271524934852403366e-01,-5.191945123345532709e-01,1.407679351095596942e+00,-5.752567881263277033e-02,-3.801429606348526863e-02,-1.147078669352808861e-01,-1.711160802546210780e-01,-7.340709118518067011e-02,-7.197411700355742237e-02,-1.244624194945742751e-01,-7.051263942166730025e-02,-2.872721242393142319e-02,-2.030901712371240009e-02,-2.019004323808653023e-01,-1.435916317235476011e-02,-1.435916317235476011e-02,-5.183686688943279358e-02,-3.801429606348527557e-02,-3.801429606348527557e-02,-1.558271304830920190e-01,-4.064318733121485144e-02,-8.148853797899899276e-02,-1.210011918676099085e-01,-5.569323991926412171e-02,-7.051263942166730025e-02,-4.979810447122927364e-02,-3.212131358814808435e-02,-2.030901712371240009e-02,-3.801429606348527557e-02,-6.749673070628271765e-02,-3.519076715388935045e-02,-1.435916317235476185e-02,-3.524455202264515918e-01,-3.753330286669139260e-01,-2.907009498669055336e-01,-4.311306135592269523e-02,-3.519076715388935045e-02,-3.801429606348527557e-02,-1.435916317235476011e-02,-1.286658602907498339e-01,-4.767312946227962589e-02,5.913962991410492975e-01,-2.487592975524973576e-02,-4.967123990818995694e-01,-1.786283982422259831e-01,-4.979810447122926670e-02,5.840947806181536750e-01,-2.030901712371240009e-02,-4.892821642774447533e-01,-1.767766952966368654e-01
-1.242401082342166063e-01,-7.448690342834912714e-02,-5.507016019503075954e-01,2.700485259130430471e+00,1.986171510531960616e+00,8.162268961157447267e-01,-4.966680157416004104e-01,-4.963069089824175273e-01,1.100007117161253767e+00,-6.302706439077716549e-01,8.414777418280475763e-01,-1.291707300149474991e+00,-3.862552025722290061e-01,2.872842337197081264e-01,8.276006256900798608e-01,5.605433585474633995e-01,-3.574555846951790183e-01,3.932470058654981004e-01,3.704608135237684730e-01,6.650858775389451027e-01,-1.334577485995799284e+00,-8.156443337717953490e-01,-1.722011321608817591e-01,-1.171739087262011758e-01,-7.386587407837015284e-01,2.261248592970551696e-01,-6.959068119763496263e-01,-3.373370832915168482e-01,-7.820000376474609549e-01,9.230977830575785026e-01,-7.622329347767978769e-01,0.000000000000000000e+00,0.000000000000000000e+00,-2.172267616484195862e+00,-1.647165405275919259e+00,-7.702633457260871230e-01,-3.386279257107421836e-01,1.215194667222940561e+00,-2.005847350306524668e-01,-9.555068114986333683e-01,-3.774647335768301359e-01,-4.668062001933125371e-01,-6.135093179742474589e-01,-7.167944361002790421e-01,-3.669621702617922865e-01,-4.602362970513234064e-01,-5.183686688943279358e-02,-5.183686688943279358e-02,-7.051398600435393460e-01,-1.040941436780788015e-01,-2.030901712371240009e-02,-8.401389803667852485e-02,-3.271524934852403366e-01,-5.191945123345532709e-01,1.407679351095596942e+00,-5.752567881263277033e-02,-3.801429606348526863e-02,-1.147078669352808861e-01,-1.711160802546210780e-01,-7.340709118518067011e-02,-7.197411700355742237e-02,-1.244624194945742751e-01,-7.051263942166730025e-02,-2.872721242393142319e-02,-2.030901712371240009e-02,-2.019004323808653023e-01,-1.435916317235476011e-02,-1.435916317235476011e-02,-5.183686688943279358e-02,-3.801429606348527557e-02,-3.801429606348527557e-02,-1.558271304830920190e-01,-4.064318733121485144e-02,-8.148853797899899276e-02,-1.210011918676099085e-01,-5.569323991926412171e-02,-7.051263942166730025e-02,-4.979810447122927364e-02,-3.212131358814808435e-02,-2.030901712371240009e-02,-3.801429606348527557e-02,-6.749673070628271765e-02,-3.519076715388935045e-02,-1.435916317235476185e-02,-3.524455202264515918e-01,-3.753330286669139260e-01,-2.907009498669055336e-01,-4.311306135592269523e-02,-3.519076715388935045e-02,-3.801429606348527557e-02,-1.435916317235476011e-02,-1.286658602907498339e-01,-4.767312946227962589e-02,-1.690913523558418063e+00,-2.487592975524973576e-02,2.013237442528823973e+00,-1.786283982422259831e-01,-4.979810447122926670e-02,-1.712050908829709783e+00,-2.030901712371240009e-02,2.043810449286999731e+00,-1.767766952966368654e-01
6.546938332819722817e-01,-5.537123258831522232e-01,-5.507016019503075954e-01,7.082331122151057645e-01,1.160993839374857117e+00,-5.106768608526787157e-01,-4.966680157416004104e-01,-4.963069089824175273e-01,-6.493539992246850634e-01,-6.302706439077716549e-01,8.414777418280475763e-01,-5.527336881405341407e-01,-5.650530771795030383e-01,-5.676630846564748728e-02,1.888272549307201120e-01,7.249743818475629098e-01,9.387628447616762351e-02,6.633221216768130091e-02,-2.145903002122872827e-01,3.726186262622038226e-01,-4.872757218968044035e-01,-6.292804948981121915e-02,8.054519192213553946e-01,-1.276524166742226685e+00,-1.575146224607933521e+00,5.628910554594662718e-01,2.213917566996236541e+00,-2.446980507093804713e-01,2.205088236232090326e-02,1.009236174447722290e+00,-4.805784352658213909e-01,0.000000000000000000e+00,0.000000000000000000e+00,-2.392467030372219805e-01,-4.681622135693289666e-01,-1.736090558870059808e-01,-1.297734296446298341e+00,-1.859870875792095868e+00,7.520236568657093779e-01,9.285145451032854602e-01,-3.774647335768301359e-01,-4.668062001933125371e-01,-3.028481800313378436e-01,-7.167944361002790421e-01,-3.669621702617922865e-01,-4.602362970513234064e-01,-5.183686688943279358e-02,-5.183686688943279358e-02,-7.051398600435393460e-01,-1.040941436780788015e-01,-2.030901712371240009e-02,-8.401389803667852485e-02,-3.271524934852403366e-01,-5.191945123345532709e-01,1.407679351095596942e+00,-5.752567881263277033e-02,-3.801429606348526863e-02,-1.147078669352808861e-01,-1.711160802546210780e-01,-7.340709118518067011e-02,-7.197411700355742237e-02,-1.244624194945742751e-01,-7.051263942166730025e-02,-2.872721242393142319e-02,-2.030901712371240009e-02,-2.019004323808653023e-01,-1.435916317235476011e-02,-1.435916317235476011e-02,-5.183686688943279358e-02,-3.801429606348527557e-02,-3.801429606348527557e-02,-1.558271304830920190e-01,-4.064318733121485144e-02,-8.148853797899899276e-02,-1.210011918676099085e-01,-5.569323991926412171e-02,-7.051263942166730025e-02,-4.979810447122927364e-02,-3.212131358814808435e-02,-2.030901712371240009e-02,-3.801429606348527557e-02,-6.749673070628271765e-02,-3.519076715388935045e-02,-1.435916317235476185e-02,-3.524455202264515918e-01,-3.753330286669139260e-01,-2.907009498669055336e-01,-4.311306135592269523e-02,-3.519076715388935045e-02,-3.801429606348527557e-02,-1.435916317235476011e-02,-1.286658602907498339e-01,-4.767312946227962589e-02,5.913962991410492975e-01,-2.487592975524973576e-02,-4.967123990818995694e-01,-1.786283982422259831e-01,-4.979810447122926670e-02,5.840947806181536750e-01,-2.030901712371240009e-02,-4.892821642774447533e-01,-1.767766952966368654e-01
-9.668583919639822666e-01,-5.537123258831522232e-01,4.511560658017802483e-01,7.082331122151057645e-01,3.358161682177537299e-01,3.141552042898547725e-01,-4.966680157416004104e-01,-4.963069089824175273e-01,-6.493539992246850634e-01,1.151455984062275117e+00,8.414777418280475763e-01,-5.527336881405341407e-01,4.130493235820915932e-02,4.202128522913227693e-01,9.757391625081156261e-02,-3.438272696030836850e-01,-4.702885519880157239e-01,-2.605825815301355264e-01,-9.868577703438808912e-01,8.015137498546251460e-02,-4.872757218968044035e-01,-6.292804948981121915e-02,7.789616005317896719e-02,-2.190087286870682215e-01,9.782874304053058856e-02,-2.790244349465614282e-01,-4.720741674399969168e-01,-1.057395018361759059e-01,6.983553945200813295e-01,6.646826088871474747e-01,-5.809668599935657873e-02,0.000000000000000000e+00,0.000000000000000000e+00,-2.392467030372219805e-01,1.213393822839661657e-01,-1.736090558870059808e-01,5.497729924381653532e-01,1.549223077283231387e+00,-2.005847350306524668e-01,-7.200041419233935702e-01,-3.774647335768301359e-01,-4.668062001933125371e-01,1.146903797035573769e+00,2.335001913062014545e+00,-3.669621702617922865e-01,1.739375798511208382e+00,-5.183686688943279358e-02,-5.183686688943279358e-02,-7.051398600435393460e-01,-1.040941436780788015e-01,-2.030901712371240009e-02,-8.401389803667852485e-02,-3.271524934852403366e-01,-5.191945123345532709e-01,1.407679351095596942e+00,-5.752567881263277033e-02,-3.801429606348526863e-02,-1.147078669352808861e-01,-1.711160802546210780e-01,-7.340709118518067011e-02,-7.197411700355742237e-02,-1.244624194945742751e-01,-7.051263942166730025e-02,-2.872721242393142319e-02,-2.030901712371240009e-02,-2.019004323808653023e-01,-1.435916317235476011e-02,-1.435916317235476011e-02,-5.183686688943279358e-02,-3.801429606348527557e-02,-3.801429606348527557e-02,-1.558271304830920190e-01,-4.064318733121485144e-02,-8.148853797899899276e-02,-1.210011918676099085e-01,-5.569323991926412171e-02,-7.051263942166730025e-02,-4.979810447122927364e-02,-3.212131358814808435e-02,-2.030901712371240009e-02,-3.801429606348527557e-02,-6.749673070628271765e-02,-3.519076715388935045e-02,-1.435916317235476185e-02,-3.524455202264515918e-01,-3.753330286669139260e-01,-2.907009498669055336e-01,-4.311306135592269523e-02,-3.519076715388935045e-02,-3.801429606348527557e-02,-1.435916317235476011e-02,-1.286658602907498339e-01,-4.767312946227962589e-02,5.913962991410492975e-01,-2.487592975524973576e-02,-4.967123990818995694e-01,-1.786283982422259831e-01,-4.979810447122926670e-02,5.840947806181536750e-01,-2.030901712371240009e-02,-4.892821642774447533e-01,-1.767766952966368654e-01
9.861832405443300420e-01,-5.537123258831522232e-01,-5.507016019503075954e-01,-1.284019034700219164e+00,-1.135152723844908840e+00,-1.120335343784116588e+00,-4.966680157416004104e-01,6.573034482162921632e-01,-6.493539992246850634e-01,-6.302706439077716549e-01,-1.902626281810661180e+00,9.252135358773474483e-01,-5.961483597198985462e-01,2.325489201902198599e-01,-3.586927771487311012e-01,2.316813119472644900e-01,-3.574555846951790183e-01,1.000374479875729250e+00,1.532762359479399095e+00,1.041115200609041169e+00,9.248938849348538049e-01,-3.138334775838059199e-01,-7.481827748356879582e-01,-9.553528114810304617e-01,8.413731731065147157e-01,3.945079573782606652e-01,3.780746078750705230e+00,3.111361447834378180e-01,1.750384635654375742e+00,-2.436299481158024527e+00,-5.809668599935657873e-02,0.000000000000000000e+00,0.000000000000000000e+00,5.339616623415676111e-01,7.108409781372613256e-01,-7.702633457260871230e-01,-3.870742543349273146e-01,7.214944799662564856e-02,1.169513956014681527e-01,-7.200041419233935702e-01,9.257960654133498002e-01,-4.668062001933125371e-01,6.291352337973910025e-01,-4.820408707801026038e-01,-3.669621702617922865e-01,-4.602362970513234064e-01,-5.183686688943279358e-02,-5.183686688943279358e-02,-7.051398600435393460e-01,-1.040941436780788015e-01,-2.030901712371240009e-02,-8.401389803667852485e-02,-3.271524934852403366e-01,1.926060419058570616e+00,-7.103890521813077674e-01,-5.752567881263277033e-02,-3.801429606348526863e-02,-1.147078669352808861e-01,-1.711160802546210780e-01,-7.340709118518067011e-02,-7.197411700355742237e-02,-1.244624194945742751e-01,-7.051263942166730025e-02,-2.872721242393142319e-02,-2.030901712371240009e-02,-2.019004323808653023e-01,-1.435916317235476011e-02,-1.435916317235476011e-02,1.929128938546737260e+01,-3.801429606348527557e-02,-3.801429606348527557e-02,-1.558271304830920190e-01,-4.064318733121485144e-02,-8.148853797899899276e-02,-1.210011918676099085e-01,-5.569323991926412171e-02,-7.051263942166730025e-02,-4.979810447122927364e-02,-3.212131358814808435e-02,-2.030901712371240009e-02,-3.801429606348527557e-02,-6.749673070628271765e-02,-3.519076715388935045e-02,-1.435916317235476185e-02,-3.524455202264515918e-01,-3.753330286669139260e-01,-2.907009498669055336e-01,-4.311306135592269523e-02,-3.519076715388935045e-02,-3.801429606348527557e-02,-1.435916317235476011e-02,-1.286658602907498339e-01,-4.767312946227962589e-02,5.913962991410492975e-01,-2.487592975524973576e-02,-4.967123990818995694e-01,-1.786283982422259831e-01,-4.979810447122926670e-02,5.840947806181536750e-01,-2.030901712371240009e-02,-4.892821642774447533e-01,-1.767766952966368654e-01
5.043326201075795101e-01,4.047385190264539689e-01,-4.977276807426366662e-02,-2.878929612425566442e-01,-7.046252432412027922e-01,-3.313655423434322955e-01,1.677823450289539942e+00,2.964524162613712210e+00,-6.623362709603883292e-02,-3.636176791775609651e-02,-3.345668397313991682e-01,-6.008461346790693741e-02,-5.728268978146017210e-01,-1.221846553593329165e+00,-4.499461158286396367e-01,4.783278468974136999e-01,4.323751863546776431e-01,1.597364389384861028e-01,1.052376419634231258e-01,-1.340403845501566771e+00,-4.872757218968044035e-01,1.442504519074156999e+00,-9.073355971537265807e-01,2.196643419135902164e-01,4.696009580735226452e-01,4.786995064188634408e-01,-1.363252006354677692e-01,8.669703402762560795e-01,6.232104487247749347e-01,8.800285873625066646e-01,9.276940622890612609e-01,0.000000000000000000e+00,0.000000000000000000e+00,1.473574796521728292e-01,-4.681622135693289666e-01,1.019699523791156359e+00,4.024699662159810232e-01,-1.522502181631202323e+00,2.339704310026312406e+00,3.048038571280443865e+00,9.257960654133498002e-01,-4.668062001933125371e-01,4.220278085021179071e-01,-2.472873054599261933e-01,-3.669621702617922865e-01,-4.602362970513234064e-01,-5.183686688943279358e-02,-5.183686688943279358e-02,-7.051398600435393460e-01,-1.040941436780788015e-01,-2.030901712371240009e-02,-8.401389803667852485e-02,-3.271524934852403366e-01,1.926060419058570616e+00,-7.103890521813077674e-01,-5.752567881263277033e-02,-3.801429606348526863e-02,-1.147078669352808861e-01,-1.711160802546210780e-01,-7.340709118518067011e-02,-7.197411700355742237e-02,-1.244624194945742751e-01,-7.051263942166730025e-02,-2.872721242393142319e-02,-2.030901712371240009e-02,-2.019004323808653023e-01,-1.435916317235476011e-02,-1.435916317235476011e-02,-5.183686688943279358e-02,-3.801429606348527557e-02,-3.801429606348527557e-02,-1.558271304830920190e-01,-4.064318733121485144e-02,-8.148853797899899276e-02,-1.210011918676099085e-01,-5.569323991926412171e-02,-7.051263942166730025e-02,-4.979810447122927364e-02,-3.212131358814808435e-02,-2.030901712371240009e-02,-3.801429606348527557e-02,-6.749673070628271765e-02,-3.519076715388935045e-02,-1.435916317235476185e-02,-3.524455202264515918e-01,-3.753330286669139260e-01,3.439961240091715222e+00,-4.311306135592269523e-02,-3.519076715388935045e-02,-3.801429606348527557e-02,-1.435916317235476011e-02,-1.286658602907498339e-01,-4.767312946227962589e-02,-1.690913523558418063e+00,-2.487592975524973576e-02,2.013237442528823973e+00,-1.786283982422259831e-01,-4.979810447122926670e-02,5.840947806181536750e-01,-2.030901712371240009e-02,-4.892821642774447533e-01,-1.767766952966368654e-01
3.751443830457524831e-01,-5.537123258831522232e-01,-5.507016019503075954e-01,-1.284019034700219164e+00,-4.893615029393497129e-01,-6.182636519582266343e-01,-4.966680157416004104e-01,-4.963069089824175273e-01,-6.493539992246850634e-01,-3.636176791775609651e-02,5.640518405371012234e-01,1.910511685222601841e+00,-1.763620454245594382e-01,-2.913462235920262211e-01,4.625872709704457186e-01,-8.371203395033821604e-01,-1.317896501095057737e-01,6.633221216768130091e-02,-1.989889371793257811e-01,3.308375903655265127e-01,9.248938849348538049e-01,9.406936628861676253e-01,2.522063940205545585e-01,9.716753200861474316e-01,7.484301193482666426e-01,5.774176121584963933e-02,-6.959068119763496263e-01,7.953856332809684793e-02,2.186225321267154520e+00,-1.230362001696013063e+00,9.276940622890612609e-01,0.000000000000000000e+00,0.000000000000000000e+00,9.205658450309623930e-01,1.300342573990556527e+00,1.019699523791156359e+00,5.340606696411324128e-01,1.130351451067626689e+00,5.403329031109622704e-01,1.399519884253765056e+00,-3.774647335768301359e-01,-4.668062001933125371e-01,-8.206167432695206099e-01,-2.472873054599261933e-01,-3.669621702617922865e-01,-4.602362970513234064e-01,-5.183686688943279358e-02,-5.183686688943279358e-02,1.418158377741196352e+00,-1.040941436780788015e-01,-2.030901712371240009e-02,-8.401389803667852485e-02,-3.271524934852403366e-01,-5.191945123345532709e-01,-7.103890521813077674e-01,-5.752567881263277033e-02,-3.801429606348526863e-02,-1.147078669352808861e-01,-1.711160802546210780e-01,-7.340709118518067011e-02,-7.197411700355742237e-02,-1.244624194945742751e-01,-7.051263942166730025e-02,-2.872721242393142319e-02,-2.030901712371240009e-02,-2.019004323808653023e-01,-1.435916317235476011e-02,-1.435916317235476011e-02,-5.183686688943279358e-02,-3.801429606348527557e-02,-3.801429606348527557e-02,-1.558271304830920190e-01,-4.064318733121485144e-02,-8.148853797899899276e-02,-1.210011918676099085e-01,-5.569323991926412171e-02,-7.051263942166730025e-02,-4.979810447122927364e-02,-3.212131358814808435e-02,-2.030901712371240009e-02,-3.801429606348527557e-02,-6.749673070628271765e-02,-3.519076715388935045e-02,-1.435916317235476185e-02,2.837317947345407543e+00,-3.753330286669139260e-01,-2.907009498669055336e-01,-4.311306135592269523e-02,-3.519076715388935045e-02,-3.801429606348527557e-02,-1.435916317235476011e-02,-1.286658602907498339e-01,-4.767312946227962589e-02,-1.690913523558418063e+00,-2.487592975524973576e-02,2.013237442528823973e+00,-1.786283982422259831e-01,-4.979810447122926670e-02,5.840947806181536750e-01,-2.030901712371240009e-02,-4.892821642774447533e-01,-1.767766952966368654e-01
4.470994190533001955e-01,-5.537123258831522232e-01,4.511560658017802483e-01,7.082331122151057645e-01,6.945890687208421399e-01,5.293287865009504989e-01,5.905777172739697933e-01,6.573034482162921632e-01,-6.493539992246850634e-01,1.745364860052290412e+00,-8.230776659176306520e-01,-1.045382762813161337e+00,2.435829182714591319e-03,3.889355302744725851e-01,7.363472870101713808e-01,-3.438272696030836850e-01,6.580411209403509432e-01,-2.138804681447331324e-01,1.556164404028841375e+00,-5.465641634646974945e-01,-4.872757218968044035e-01,-6.292804948981121915e-02,-4.753493651476218829e-01,-8.535179915201633882e-01,1.213145388139506675e+00,-1.106413368653558910e-01,-4.720741674399969168e-01,7.743313076941197304e-01,2.156167342949031784e+00,1.138443761532937692e+00,-7.622329347767978769e-01,0.000000000000000000e+00,0.000000000000000000e+00,-2.392467030372219805e-01,-7.629130114959765674e-01,-1.068590490645627611e+00,-7.602419207644610655e-01,1.496440391306131101e-01,1.492941295007324198e+00,4.575092059528056976e-01,2.229056864403530014e+00,1.696017942249628430e+00,-7.170630306218840344e-01,-4.820408707801026038e-01,-3.669621702617922865e-01,3.938987894073740392e+00,-5.183686688943279358e-02,-5.183686688943279358e-02,-7.051398600435393460e-01,-1.040941436780788015e-01,-2.030901712371240009e-02,-8.401389803667852485e-02,-3.271524934852403366e-01,1.926060419058570616e+00,-7.103890521813077674e-01,-5.752567881263277033e-02,-3.801429606348526863e-02,-1.147078669352808861e-01,-1.711160802546210780e-01,-7.340709118518067011e-02,-7.197411700355742237e-02,-1.244624194945742751e-01,-7.051263942166730025e-02,-2.872721242393142319e-02,-2.030901712371240009e-02,4.952936396459016066e+00,-1.435916317235476011e-02,-1.435916317235476011e-02,-5.183686688943279358e-02,-3.801429606348527557e-02,-3.801429606348527557e-02,-1.558271304830920190e-01,-4.064318733121485144e-02,-8.148853797899899276e-02,-1.210011918676099085e-01,-5.569323991926412171e-02,-7.051263942166730025e-02,-4.979810447122927364e-02,-3.212131358814808435e-02,-2.030901712371240009e-02,-3.801429606348527557e-02,-6.749673070628271765e-02,-3.519076715388935045e-02,-1.435916317235476185e-02,-3.524455202264515918e-01,-3.753330286669139260e-01,-2.907009498669055336e-01,-4.311306135592269523e-02,-3.519076715388935045e-02,-3.801429606348527557e-02,-1.435916317235476011e-02,-1.286658602907498339e-01,-4.767312946227962589e-02,5.913962991410492975e-01,-2.487592975524973576e-02,-4.967123990818995694e-01,-1.786283982422259831e-01,-4.979810447122926670e-02,-1.712050908829709783e+00,-2.030901712371240009e-02,2.043810449286999731e+00,-1.767766952966368654e-01
-1.145174550161996985e+00,-5.537123258831522232e-01,-5.507016019503075954e-01,-2.878929612425566442e-01,1.205524279159006507e-01,-2.237787512378844601e-01,-4.966680157416004104e-01,-4.963069089824175273e-01,-6.493539992246850634e-01,-6.302706439077716549e-01,-2.018848869400768908e-01,-5.527336881405341407e-01,-5.198091526297738546e-02,3.342002167449839578e-01,9.757391625081156261e-02,1.136051940097811741e+00,-8.087874538665257296e-01,-8.677100555403667315e-01,6.590860296335560031e-01,-2.384929742918500128e+00,-4.872757218968044035e-01,-6.292804948981121915e-02,6.841926260266595339e-01,3.293326095637549300e-01,-5.527726332672054932e-01,3.945079573782606652e-01,1.206670666582648543e+00,-1.773242088314630704e+00,-1.202811734101178587e+00,5.785442174970039098e-01,-4.805784352658213909e-01,0.000000000000000000e+00,0.000000000000000000e+00,-2.392467030372219805e-01,-7.629130114959765674e-01,-1.736090558870059808e-01,6.093488830435821457e-01,-2.084344164540185562e-01,-6.239662425401465429e-01,-1.349613319767399566e-02,-3.774647335768301359e-01,-4.668062001933125371e-01,-7.170630306218840344e-01,-4.820408707801026038e-01,-3.669621702617922865e-01,-4.602362970513234064e-01,-5.183686688943279358e-02,-5.183686688943279358e-02,1.418158377741196352e+00,-1.040941436780788015e-01,-2.030901712371240009e-02,-8.401389803667852485e-02,-3.271524934852403366e-01,-5.191945123345532709e-01,-7.103890521813077674e-01,-5.752567881263277033e-02,-3.801429606348526863e-02,-1.147078669352808861e-01,-1.711160802546210780e-01,-7.340709118518067011e-02,-7.197411700355742237e-02,-1.244624194945742751e-01,-7.051263942166730025e-02,-2.872721242393142319e-02,-2.030901712371240009e-02,-2.019004323808653023e-01,-1.435916317235476011e-02,-1.435916317235476011e-02,-5.183686688943279358e-02,-3.801429606348527557e-02,-3.801429606348527557e-02,-1.558271304830920190e-01,-4.064318733121485144e-02,-8.148853797899899276e-02,-1.210011918676099085e-01,-5.569323991926412171e-02,-7.051263942166730025e-02,-4.979810447122927364e-02,-3.212131358814808435e-02,-2.030901712371240009e-02,-3.801429606348527557e-02,-6.749673070628271765e-02,-3.519076715388935045e-02,-1.435916317235476185e-02,2.837317947345407543e+00,-3.753330286669139260e-01,-2.907009498669055336e-01,-4.311306135592269523e-02,-3.519076715388935045e-02,-3.801429606348527557e-02,-1.435916317235476011e-02,-1.286658602907498339e-01,-4.767312946227962589e-02,-1.690913523558418063e+00,-2.487592975524973576e-02,2.013237442528823973e+00,-1.786283982422259831e-01,-4.979810447122926670e-02,5.840947806181536750e-01,-2.030901712371240009e-02,-4.892821642774447533e-01,-1.767766952966368654e-01
-3.354736277322359905e-01,-5.537123258831522232e-01,-5.507016019503075954e-01,-1.284019034700219164e+00,1.205524279159006507e-01,-7.617127067656237482e-01,-4.966680157416004104e-01,-4.963069089824175273e-01,-6.493539992246850634e-01,-6.302706439077716549e-01,-6.119927410223455766e-01,2.403160759895229148e+00,1.034954974390001892e-01,8.268180385103794938e-01,2.013894028528890878e+00,-2.152568525904178021e+00,-8.087874538665257296e-01,-1.801752323248414722e+00,-1.236479578871264806e+00,-6.719072711547294796e-01,9.248938849348538049e-01,9.406936628861676253e-01,1.335961326948150951e+00,6.896712032714386043e-01,3.766579043152746276e-01,-9.525568272713834661e-01,-8.078231342445260088e-01,-1.773242088314630704e+00,-1.202811734101178587e+00,3.201290433265728819e-01,9.276940622890612609e-01,0.000000000000000000e+00,0.000000000000000000e+00,9.205658450309623930e-01,1.595093371917204017e+00,1.318026668710696736e+00,6.007226526397019262e-02,4.068459148770369738e-01,-8.356569962948936503e-01,-9.555068114986333683e-01,-3.774647335768301359e-01,-4.668062001933125371e-01,-1.027724168564793761e+00,-9.515480014204554804e-01,-3.669621702617922865e-01,1.739375798511208382e+00,-5.183686688943279358e-02,-5.183686688943279358e-02,1.418158377741196352e+00,-1.040941436780788015e-01,-2.030901712371240009e-02,-8.401389803667852485e-02,-3.271524934852403366e-01,-5.191945123345532709e-01,-7.103890521813077674e-01,-5.752567881263277033e-02,-3.801429606348526863e-02,-1.147078669352808861e-01,-1.711160802546210780e-01,-7.340709118518067011e-02,-7.197411700355742237e-02,-1.244624194945742751e-01,-7.051263942166730025e-02,-2.872721242393142319e-02,-2.030901712371240009e-02,-2.019004323808653023e-01,-1.435916317235476011e-02,-1.435916317235476011e-02,-5.183686688943279358e-02,-3.801429606348527557e-02,-3.801429606348527557e-02,-1.558271304830920190e-01,-4.064318733121485144e-02,-8.148853797899899276e-02,8.264381404557756383e+00,-5.569323991926412171e-02,-7.051263942166730025e-02,-4.979810447122927364e-02,-3.212131358814808435e-02,-2.030901712371240009e-02,-3.801429606348527557e-02,-6.749673070628271765e-02,-3.519076715388935045e-02,-1.435916317235476185e-02,-3.524455202264515918e-01,-3.753330286669139260e-01,-2.907009498669055336e-01,-4.311306135592269523e-02,-3.519076715388935045e-02,-3.801429606348527557e-02,-1.435916317235476011e-02,-1.286658602907498339e-01,-4.767312946227962589e-02,-1.690913523558418063e+00,-2.487592975524973576e-02,2.013237442528823973e+00,-1.786283982422259831e-01,-4.979810447122926670e-02,5.840947806181536750e-01,-2.030901712371240009e-02,-4.892821642774447533e-01,-1.767766952966368654e-01
1.182364097337322173e+00,-5.537123258831522232e-01,-5.507016019503075954e-01,7.082331122151057645e-01,2.281842980668271903e-01,1.533472170152730518e+00,-4.966680157416004104e-01,-4.963069089824175273e-01,-6.493539992246850634e-01,-6.302706439077716549e-01,8.414777418280475763e-01,-3.064091508042205425e-01,-3.940290232073277443e-01,-2.991655540962390170e-01,-1.362479502627724992e+00,1.053836428447761930e+00,9.965400228188608933e-01,-3.539868083009403144e-01,5.732785329522676054e-01,-1.705348403946014557e-01,-4.872757218968044035e-01,-5.647389056778006067e-01,-2.707243078815722570e-01,7.053380986500334959e-01,-9.245448483001975637e-01,8.996572516218772630e-01,-4.720741674399969168e-01,-2.910175670004486737e-01,-5.490507056820100873e-01,3.631982390216446643e-01,-7.622329347767978769e-01,0.000000000000000000e+00,0.000000000000000000e+00,-2.392467030372219805e-01,-1.734114156426813935e-01,-1.366917635565168210e+00,9.183578980518978252e-01,5.698517789864588901e-01,-4.122754887853995465e-01,-2.489988027729138353e-01,-3.774647335768301359e-01,-4.668062001933125371e-01,5.255815211497544270e-01,9.264805211409559149e-01,-3.669621702617922865e-01,1.739375798511208382e+00,-5.183686688943279358e-02,-5.183686688943279358e-02,-7.051398600435393460e-01,-1.040941436780788015e-01,-2.030901712371240009e-02,-8.401389803667852485e-02,-3.271524934852403366e-01,-5.191945123345532709e-01,1.407679351095596942e+00,-5.752567881263277033e-02,-3.801429606348526863e-02,-1.147078669352808861e-01,-1.711160802546210780e-01,-7.340709118518067011e-02,-7.197411700355742237e-02,-1.244624194945742751e-01,-7.051263942166730025e-02,-2.872721242393142319e-02,-2.030901712371240009e-02,-2.019004323808653023e-01,-1.435916317235476011e-02,-1.435916317235476011e-02,-5.183686688943279358e-02,-3.801429606348527557e-02,-3.801429606348527557e-02,-1.558271304830920190e-01,-4.064318733121485144e-02,-8.148853797899899276e-02,-1.210011918676099085e-01,-5.569323991926412171e-02,-7.051263942166730025e-02,-4.979810447122927364e-02,-3.212131358814808435e-02,-2.030901712371240009e-02,-3.801429606348527557e-02,-6.749673070628271765e-02,-3.519076715388935045e-02,-1.435916317235476185e-02,-3.524455202264515918e-01,-3.753330286669139260e-01,-2.907009498669055336e-01,-4.311306135592269523e-02,-3.519076715388935045e-02,-3.801429606348527557e-02,-1.435916317235476011e-02,-1.286658602907498339e-01,-4.767312946227962589e-02,5.913962991410492975e-01,-2.487592975524973576e-02,-4.967123990818995694e-01,-1.786283982422259831e-01,-4.979810447122926670e-02,5.840947806181536750e-01,-2.030901712371240009e-02,-4.892821642774447533e-01,-1.767766952966368654e-01
-4.345565393840085666e-01,-5.537123258831522232e-01,-4.977276807426366662e-02,7.082331122151057645e-01,-4.534842128890408386e-01,5.651910502027998051e-01,-4.966680157416004104e-01,-4.963069089824175273e-01,5.168867450326074531e-01,4.121000364012353145e+00,8.414777418280475763e-01,9.252135358773474483e-01,-8.837797232185568008e-01,-6.823127488026576870e-01,6.450939483302627897e-01,3.138968235973142451e-01,-1.317896501095057737e-01,2.064385523238884967e-01,1.049120105457593155e+00,5.815238057455904830e-01,-6.362483984730694930e-02,-6.292804948981121915e-02,-6.269234816409917643e-01,2.274977896028875235e-01,-3.668865257507094579e-01,2.261248592970551696e-01,-5.839904897081731328e-01,5.890532425298469210e-01,3.027848714174589784e+00,9.230977830575785026e-01,-5.809668599935657873e-02,0.000000000000000000e+00,0.000000000000000000e+00,1.473574796521728292e-01,1.005591776063908815e+00,1.247180890325345903e-01,1.383835460914000448e+00,-1.142384048170165811e-01,4.344875262335887722e-01,-7.200041419233935702e-01,9.257960654133498002e-01,1.696017942249628430e+00,-4.064018926789744190e-01,-1.421055132060808246e+00,-3.669621702617922865e-01,-4.602362970513234064e-01,-5.183686688943279358e-02,-5.183686688943279358e-02,-7.051398600435393460e-01,-1.040941436780788015e-01,-2.030901712371240009e-02,-8.401389803667852485e-02,-3.271524934852403366e-01,-5.191945123345532709e-01,1.407679351095596942e+00,-5.752567881263277033e-02,-3.801429606348526863e-02,-1.147078669352808861e-01,-1.711160802546210780e-01,-7.340709118518067011e-02,-7.197411700355742237e-02,-1.244624194945742751e-01,-7.051263942166730025e-02,-2.872721242393142319e-02,-2.030901712371240009e-02,-2.019004323808653023e-01,-1.435916317235476011e-02,-1.435916317235476011e-02,-5.183686688943279358e-02,-3.801429606348527557e-02,-3.801429606348527557e-02,-1.558271304830920190e-01,-4.064318733121485144e-02,-8.148853797899899276e-02,-1.210011918676099085e-01,-5.569323991926412171e-02,-7.051263942166730025e-02,-4.979810447122927364e-02,-3.212131358814808435e-02,-2.030901712371240009e-02,-3.801429606348527557e-02,-6.749673070628271765e-02,-3.519076715388935045e-02,-1.435916317235476185e-02,-3.524455202264515918e-01,-3.753330286669139260e-01,-2.907009498669055336e-01,-4.311306135592269523e-02,-3.519076715388935045e-02,-3.801429606348527557e-02,-1.435916317235476011e-02,-1.286658602907498339e-01,-4.767312946227962589e-02,-1.690913523558418063e+00,-2.487592975524973576e-02,2.013237442528823973e+00,-1.786283982422259831e-01,-4.979810447122926670e-02,5.840947806181536750e-01,-2.030901712371240009e-02,-4.892821642774447533e-01,-1.767766952966368654e-01
9.061229246186908171e-01,-7.448690342834912714e-02,-5.507016019503075954e-01,-1.284019034700219164e+00,-1.063398143744291202e+00,-1.048610816380417976e+00,-4.966680157416004104e-01,6.573034482162921632e-01,-6.623362709603883292e-02,-6.302706439077716549e-01,-1.414115455624429751e+00,-6.008461346790693741e-02,-6.427912835304915307e-01,2.090909286775817777e-01,-3.586927771487311012e-01,2.316813119472644900e-01,-5.831215192808524295e-01,5.800554594071076764e-01,3.155304114907393487e+00,8.739910570223318187e-01,-6.362483984730694930e-02,-6.292804948981121915e-02,8.054519192213553946e-01,-7.017322259041630650e-02,3.766579043152746276e-01,-4.474075330277669238e-01,1.994237661690613783e-01,2.648166284923695879e-01,-2.860433953984365951e-01,1.009236174447722290e+00,-5.809668599935657873e-02,0.000000000000000000e+00,0.000000000000000000e+00,1.473574796521728292e-01,1.213393822839661657e-01,1.247180890325345903e-01,-4.761107501847809398e-01,-1.183129317009946835e+00,-4.122754887853995465e-01,-1.426512150649113186e+00,-3.774647335768301359e-01,-4.668062001933125371e-01,-5.099556053266109945e-01,-9.515480014204554804e-01,-3.669621702617922865e-01,-4.602362970513234064e-01,-5.183686688943279358e-02,-5.183686688943279358e-02,-7.051398600435393460e-01,-1.040941436780788015e-01,-2.030901712371240009e-02,-8.401389803667852485e-02,-3.271524934852403366e-01,1.926060419058570616e+00,-7.103890521813077674e-01,-5.752567881263277033e-02,-3.801429606348526863e-02,-1.147078669352808861e-01,-1.711160802546210780e-01,-7.340709118518067011e-02,-7.197411700355742237e-02,-1.244624194945742751e-01,-7.051263942166730025e-02,-2.872721242393142319e-02,-2.030901712371240009e-02,4.952936396459016066e+00,-1.435916317235476011e-02,-1.435916317235476011e-02,-5.183686688943279358e-02,-3.801429606348527557e-02,-3.801429606348527557e-02,-1.558271304830920190e-01,-4.064318733121485144e-02,-8.148853797899899276e-02,-1.210011918676099085e-01,-5.569323991926412171e-02,-7.051263942166730025e-02,-4.979810447122927364e-02,-3.212131358814808435e-02,-2.030901712371240009e-02,-3.801429606348527557e-02,-6.749673070628271765e-02,-3.519076715388935045e-02,-1.435916317235476185e-02,-3.524455202264515918e-01,-3.753330286669139260e-01,-2.907009498669055336e-01,-4.311306135592269523e-02,-3.519076715388935045e-02,-3.801429606348527557e-02,-1.435916317235476011e-02,-1.286658602907498339e-01,-4.767312946227962589e-02,5.913962991410492975e-01,-2.487592975524973576e-02,-4.967123990818995694e-01,-1.786283982422259831e-01,-4.979810447122926670e-02,5.840947806181536750e-01,-2.030901712371240009e-02,-4.892821642774447533e-01,-1.767766952966368654e-01
5.870763848842194821e-02,-7.448690342834912714e-02,1.453013733553867981e+00,7.082331122151057645e-01,-5.252387929896585872e-01,-6.899881793619251358e-01,-4.966680157416004104e-01,6.573034482162921632e-01,-6.623362709603883292e-02,-3.636176791775609651e-02,8.414777418280475763e-01,1.171538073213661102e+00,-8.837797232185568008e-01,-1.036822914909232979e-01,1.888272549307201120e-01,3.961123352473639447e-01,-6.959544865736890795e-01,-7.377412798852590881e-02,-3.628032490254213815e-01,1.250020380092427885e+00,3.600260422021904771e-01,-8.156443337717953490e-01,-5.738725408683124085e-01,-1.401859329770986262e+00,3.766579043152746276e-01,1.419333102564523941e-01,-4.720741674399969168e-01,-5.941998554510771746e-02,1.051536639758023028e+00,4.062674347167165023e-01,3.643850632671082335e-01,0.000000000000000000e+00,0.000000000000000000e+00,5.339616623415676111e-01,7.108409781372613256e-01,-4.719362008065465242e-01,-1.314101299359874409e+00,-8.283911455259181933e-01,1.169513956014681527e-01,-7.200041419233935702e-01,-3.774647335768301359e-01,-4.668062001933125371e-01,-4.064018926789744190e-01,-1.186301566740631808e+00,-3.669621702617922865e-01,-4.602362970513234064e-01,-5.183686688943279358e-02,-5.183686688943279358e-02,-7.051398600435393460e-01,-1.040941436780788015e-01,-2.030901712371240009e-02,-8.401389803667852485e-02,-3.271524934852403366e-01,-5.191945123345532709e-01,1.407679351095596942e+00,-5.752567881263277033e-02,-3.801429606348526863e-02,-1.147078669352808861e-01,-1.711160802546210780e-01,-7.340709118518067011e-02,-7.197411700355742237e-02,-1.244624194945742751e-01,-7.051263942166730025e-02,-2.872721242393142319e-02,-2.030901712371240009e-02,-2.019004323808653023e-01,-1.435916317235476011e-02,-1.435916317235476011e-02,-5.183686688943279358e-02,-3.801429606348527557e-02,-3.801429606348527557e-02,-1.558271304830920190e-01,-4.064318733121485144e-02,-8.148853797899899276e-02,-1.210011918676099085e-01,-5.569323991926412171e-02,-7.051263942166730025e-02,-4.979810447122927364e-02,-3.212131358814808435e-02,-2.030901712371240009e-02,-3.801429606348527557e-02,-6.749673070628271765e-02,-3.519076715388935045e-02,-1.435916317235476185e-02,-3.524455202264515918e-01,-3.753330286669139260e-01,-2.907009498669055336e-01,-4.311306135592269523e-02,-3.519076715388935045e-02,-3.801429606348527557e-02,-1.435916317235476011e-02,-1.286658602907498339e-01,-4.767312946227962589e-02,-1.690913523558418063e+00,-2.487592975524973576e-02,2.013237442528823973e+00,-1.786283982422259831e-01,-4.979810447122926670e-02,5.840947806181536750e-01,-2.030901712371240009e-02,-4.892821642774447533e-01,-1.767766952966368654e-01
-1.220897278477841574e-01,-7.448690342834912714e-02,1.953942567429912014e+00,7.082331122151057645e-01,2.281842980668271903e-01,1.707061494824576586e-01,-4.966680157416004104e-01,-4.963069089824175273e-01,5.168867450326074531e-01,2.339273736042306151e+00,8.414777418280475763e-01,-7.990582254768477943e-01,2.978410133164720031e-01,1.069217284140971280e+00,8.276006256900798608e-01,-1.496522300288474598e-02,-4.702885519880157239e-01,9.536723664903269393e-01,6.746873926665175603e-01,2.890565544688492028e-01,-4.872757218968044035e-01,-5.647389056778006067e-01,8.433454483446978234e-01,1.065676692357717226e+00,-2.739434719924614403e-01,-1.106413368653558910e-01,-6.959068119763496263e-01,-9.858103113664714590e-01,-4.739057598867034149e-01,1.478522605462855299e-01,-4.805784352658213909e-01,0.000000000000000000e+00,0.000000000000000000e+00,-2.392467030372219805e-01,-4.681622135693289666e-01,-7.702633457260871230e-01,5.890537994307478709e-01,-6.299782699501055294e-01,-6.239662425401465429e-01,-9.555068114986333683e-01,-3.774647335768301359e-01,-4.668062001933125371e-01,2.149203832068448394e-01,4.569733905006030938e-01,-3.669621702617922865e-01,1.739375798511208382e+00,-5.183686688943279358e-02,-5.183686688943279358e-02,-7.051398600435393460e-01,-1.040941436780788015e-01,-2.030901712371240009e-02,-8.401389803667852485e-02,-3.271524934852403366e-01,-5.191945123345532709e-01,1.407679351095596942e+00,-5.752567881263277033e-02,-3.801429606348526863e-02,-1.147078669352808861e-01,-1.711160802546210780e-01,-7.340709118518067011e-02,-7.197411700355742237e-02,-1.244624194945742751e-01,-7.051263942166730025e-02,-2.872721242393142319e-02,-2.030901712371240009e-02,-2.019004323808653023e-01,-1.435916317235476011e-02,-1.435916317235476011e-02,-5.183686688943279358e-02,-3.801429606348527557e-02,-3.801429606348527557e-02,-1.558271304830920190e-01,-4.064318733121485144e-02,-8.148853797899899276e-02,-1.210011918676099085e-01,-5.569323991926412171e-02,-7.051263942166730025e-02,-4.979810447122927364e-02,-3.212131358814808435e-02,-2.030901712371240009e-02,-3.801429606348527557e-02,-6.749673070628271765e-02,-3.519076715388935045e-02,-1.435916317235476185e-02,-3.524455202264515918e-01,-3.753330286669139260e-01,-2.907009498669055336e-01,-4.311306135592269523e-02,-3.519076715388935045e-02,-3.801429606348527557e-02,-1.435916317235476011e-02,-1.286658602907498339e-01,-4.767312946227962589e-02,5.913962991410492975e-01,-2.487592975524973576e-02,-4.967123990818995694e-01,-1.786283982422259831e-01,-4.979810447122926670e-02,-1.712050908829709783e+00,-2.030901712371240009e-02,2.043810449286999731e+00,-1.767766952966368654e-01
-1.571574695342211891e-01,-5.537123258831522232e-01,-5.507016019503075954e-01,7.082331122151057645e-01,4.434480383686802418e-01,3.858797316935533850e-01,-4.966680157416004104e-01,6.573034482162921632e-01,-6.493539992246850634e-01,-3.636176791775609651e-02,8.414777418280475763e-01,9.252135358773474483e-01,-6.738865660708870386e-01,1.577473766914791797e+00,7.363472870101713808e-01,4.783278468974136999e-01,-6.959544865736890795e-01,6.633221216768130091e-02,-4.564114272231903913e-01,4.143996621588811879e-01,9.248938849348538049e-01,1.693409947168151630e+00,6.008268619553057688e-01,3.606664003209448244e-01,8.413731731065147157e-01,-1.948328859059586526e-01,-5.839904897081731328e-01,-1.310046925403953073e-02,-5.715941894206021390e-01,6.216134131920756367e-01,3.643850632671082335e-01,0.000000000000000000e+00,0.000000000000000000e+00,5.339616623415676111e-01,1.005591776063908815e+00,4.230452339520751615e-01,1.667851242604860007e-01,3.473826606987309024e-02,3.286421493562152185e-01,-2.489988027729138353e-01,-3.774647335768301359e-01,-4.668062001933125371e-01,-3.028481800313378436e-01,4.569733905006030938e-01,-3.669621702617922865e-01,-4.602362970513234064e-01,-5.183686688943279358e-02,-5.183686688943279358e-02,-7.051398600435393460e-01,-1.040941436780788015e-01,-2.030901712371240009e-02,-8.401389803667852485e-02,-3.271524934852403366e-01,-5.191945123345532709e-01,1.407679351095596942e+00,-5.752567881263277033e-02,-3.801429606348526863e-02,-1.147078669352808861e-01,-1.711160802546210780e-01,-7.340709118518067011e-02,-7.197411700355742237e-02,-1.244624194945742751e-01,-7.051263942166730025e-02,-2.872721242393142319e-02,-2.030901712371240009e-02,-2.019004323808653023e-01,-1.435916317235476011e-02,-1.435916317235476011e-02,-5.183686688943279358e-02,-3.801429606348527557e-02,-3.801429606348527557e-02,-1.558271304830920190e-01,-4.064318733121485144e-02,-8.148853797899899276e-02,-1.210011918676099085e-01,-5.569323991926412171e-02,-7.051263942166730025e-02,-4.979810447122927364e-02,-3.212131358814808435e-02,-2.030901712371240009e-02,-3.801429606348527557e-02,-6.749673070628271765e-02,-3.519076715388935045e-02,-1.435916317235476185e-02,-3.524455202264515918e-01,-3.753330286669139260e-01,-2.907009498669055336e-01,-4.311306135592269523e-02,-3.519076715388935045e-02,-3.801429606348527557e-02,-1.435916317235476011e-02,-1.286658602907498339e-01,-4.767312946227962589e-02,5.913962991410492975e-01,-2.487592975524973576e-02,-4.967123990818995694e-01,-1.786283982422259831e-01,-4.979810447122926670e-02,5.840947806181536750e-01,-2.030901712371240009e-02,-4.892821642774447533e-01,-1.767766952966368654e-01
-9.711223258999172880e-02,-5.537123258831522232e-01,-5.507016019503075954e-01,-1.284019034700219164e+00,-4.534842128890408386e-01,-2.955032786415830448e-01,-4.966680157416004104e-01,-4.963069089824175273e-01,-6.493539992246850634e-01,-6.302706439077716549e-01,-7.868916787927248135e-01,-5.527336881405341407e-01,-3.707075613020312521e-01,4.045741912828975106e-01,2.800805936106286476e-01,6.725028864716499355e-02,-1.895668281666913063e-02,7.668639129487173633e-01,-6.670298281681704688e-01,-8.697276860124680820e-02,-4.872757218968044035e-01,-5.647389056778006067e-01,1.025234388136742059e+00,1.238012541522261367e+00,5.625440118317706073e-01,-9.525568272713834661e-01,-3.601578451718204787e-01,2.071277763844029174e+00,3.902611167593240116e-01,5.354750218019320718e-01,-4.805784352658213909e-01,0.000000000000000000e+00,0.000000000000000000e+00,-2.392467030372219805e-01,-1.734114156426813935e-01,-1.736090558870059808e-01,-1.071214976122405904e+00,-8.678064979130324375e-01,4.344875262335887722e-01,2.220065363775658440e-01,-3.774647335768301359e-01,-4.668062001933125371e-01,-6.135093179742474589e-01,-9.515480014204554804e-01,-3.669621702617922865e-01,-4.602362970513234064e-01,-5.183686688943279358e-02,-5.183686688943279358e-02,1.418158377741196352e+00,-1.040941436780788015e-01,-2.030901712371240009e-02,-8.401389803667852485e-02,-3.271524934852403366e-01,-5.191945123345532709e-01,-7.103890521813077674e-01,-5.752567881263277033e-02,-3.801429606348526863e-02,-1.147078669352808861e-01,-1.711160802546210780e-01,-7.340709118518067011e-02,-7.197411700355742237e-02,-1.244624194945742751e-01,-7.051263942166730025e-02,-2.872721242393142319e-02,-2.030901712371240009e-02,-2.019004323808653023e-01,-1.435916317235476011e-02,-1.435916317235476011e-02,-5.183686688943279358e-02,-3.801429606348527557e-02,-3.801429606348527557e-02,-1.558271304830920190e-01,-4.064318733121485144e-02,-8.148853797899899276e-02,-1.210011918676099085e-01,-5.569323991926412171e-02,-7.051263942166730025e-02,-4.979810447122927364e-02,-3.212131358814808435e-02,-2.030901712371240009e-02,-3.801429606348527557e-02,-6.749673070628271765e-02,-3.519076715388935045e-02,-1.435916317235476185e-02,-3.524455202264515918e-01,2.664300564093018409e+00,-2.907009498669055336e-01,-4.311306135592269523e-02,-3.519076715388935045e-02,-3.801429606348527557e-02,-1.435916317235476011e-02,-1.286658602907498339e-01,-4.767312946227962589e-02,-1.690913523558418063e+00,-2.487592975524973576e-02,2.013237442528823973e+00,-1.786283982422259831e-01,-4.979810447122926670e-02,5.840947806181536750e-01,-2.030901712371240009e-02,-4.892821642774447533e-01,-1.767766952966368654e-01
4.105429524839483424e-01,-5.537123258831522232e-01,-5.507016019503075954e-01,-1.284019034700219164e+00,-6.687479531908938624e-01,-8.605169026788763234e-03,-4.966680157416004104e-01,-4.963069089824175273e-01,-6.493539992246850634e-01,-6.302706439077716549e-01,5.942068298078561073e-01,-6.008461346790693741e-02,-5.337991452384114807e-03,-9.090733334248238817e-01,-6.324527931884567078e-01,1.494658002972147348e-01,-8.087874538665257296e-01,2.868459015291825676e+00,-5.578202869374400130e-01,9.575531288156864385e-01,1.715708864760582264e+00,1.944315375262146484e+00,-3.161965428295833158e-01,9.873422154647427673e-01,-8.805736447596543282e-02,5.628910554594662718e-01,-6.959068119763496263e-01,2.858709540792188086e+00,-1.120152293726341064e+00,7.938901959723629886e-01,2.617621059354920288e+00,0.000000000000000000e+00,0.000000000000000000e+00,1.307170027720357286e+00,1.005591776063908815e+00,2.809662393308399508e+00,2.567497111623819883e+00,-7.949945017074633302e-02,-1.153193126927014367e+00,-4.845014723481537167e-01,9.257960654133498002e-01,-4.668062001933125371e-01,1.250457509683210233e+00,-1.253374013974976713e-02,-3.669621702617922865e-01,1.739375798511208382e+00,-5.183686688943279358e-02,-5.183686688943279358e-02,1.418158377741196352e+00,-1.040941436780788015e-01,-2.030901712371240009e-02,-8.401389803667852485e-02,-3.271524934852403366e-01,-5.191945123345532709e-01,-7.103890521813077674e-01,-5.752567881263277033e-02,-3.801429606348526863e-02,-1.147078669352808861e-01,-1.711160802546210780e-01,-7.340709118518067011e-02,-7.197411700355742237e-02,-1.244624194945742751e-01,-7.051263942166730025e-02,-2.872721242393142319e-02,-2.030901712371240009e-02,-2.019004323808653023e-01,-1.435916317235476011e-02,-1.435916317235476011e-02,-5.183686688943279358e-02,-3.801429606348527557e-02,-3.801429606348527557e-02,6.417367738851512016e+00,-4.064318733121485144e-02,-8.148853797899899276e-02,-1.210011918676099085e-01,-5.569323991926412171e-02,-7.051263942166730025e-02,-4.979810447122927364e-02,-3.212131358814808435e-02,-2.030901712371240009e-02,-3.801429606348527557e-02,-6.749673070628271765e-02,-3.519076715388935045e-02,-1.435916317235476185e-02,-3.524455202264515918e-01,-3.753330286669139260e-01,-2.907009498669055336e-01,-4.311306135592269523e-02,-3.519076715388935045e-02,-3.801429606348527557e-02,-1.435916317235476011e-02,-1.286658602907498339e-01,-4.767312946227962589e-02,5.913962991410492975e-01,-2.487592975524973576e-02,-4.967123990818995694e-01,-1.786283982422259831e-01,-4.979810447122926670e-02,5.840947806181536750e-01,-2.030901712371240009e-02,-4.892821642774447533e-01,-1.767766952966368654e-01
-5.617598099352826280e-01,-5.537123258831522232e-01,-5.507016019503075954e-01,7.082331122151057645e-01,2.640615881171360368e-01,7.445023687120462252e-01,-4.966680157416004104e-01,-4.963069089824175273e-01,-6.493539992246850634e-01,5.575471080722594897e-01,-2.095618213143493502e+00,-6.008461346790693741e-02,8.653299196786893299e-01,-9.586296098671048815e-02,-6.324527931884567078e-01,4.783278468974136999e-01,-2.446226174023423960e-01,-1.801752323248414722e+00,-1.236479578871264806e+00,7.904289852289771989e-01,-7.697096432631360674e-01,-5.647389056778006067e-01,2.063517086116327448e+00,1.488682867579780744e+00,5.625440118317706073e-01,2.261248592970551696e-01,-8.078231342445260088e-01,-2.446980507093804713e-01,6.682974162019589270e-01,-2.436299481158024527e+00,-7.622329347767978769e-01,0.000000000000000000e+00,0.000000000000000000e+00,-2.392467030372219805e-01,4.160901802106137248e-01,-1.736090558870059808e-01,-1.262381570152974142e+00,-1.917329959510040149e-01,-2.005847350306524668e-01,-9.555068114986333683e-01,-3.774647335768301359e-01,-4.668062001933125371e-01,-1.027724168564793761e+00,-4.820408707801026038e-01,-3.669621702617922865e-01,1.739375798511208382e+00,-5.183686688943279358e-02,-5.183686688943279358e-02,1.418158377741196352e+00,-1.040941436780788015e-01,-2.030901712371240009e-02,-8.401389803667852485e-02,-3.271524934852403366e-01,-5.191945123345532709e-01,-7.103890521813077674e-01,-5.752567881263277033e-02,-3.801429606348526863e-02,-1.147078669352808861e-01,-1.711160802546210780e-01,-7.340709118518067011e-02,-7.197411700355742237e-02,-1.244624194945742751e-01,-7.051263942166730025e-02,-2.872721242393142319e-02,-2.030901712371240009e-02,-2.019004323808653023e-01,-1.435916317235476011e-02,-1.435916317235476011e-02,-5.183686688943279358e-02,-3.801429606348527557e-02,-3.801429606348527557e-02,-1.558271304830920190e-01,-4.064318733121485144e-02,-8.148853797899899276e-02,-1.210011918676099085e-01,-5.569323991926412171e-02,-7.051263942166730025e-02,-4.979810447122927364e-02,-3.212131358814808435e-02,-2.030901712371240009e-02,-3.801429606348527557e-02,-6.749673070628271765e-02,-3.519076715388935045e-02,-1.435916317235476185e-02,2.837317947345407543e+00,-3.753330286669139260e-01,-2.907009498669055336e-01,-4.311306135592269523e-02,-3.519076715388935045e-02,-3.801429606348527557e-02,-1.435916317235476011e-02,-1.286658602907498339e-01,-4.767312946227962589e-02,-1.690913523558418063e+00,-2.487592975524973576e-02,2.013237442528823973e+00,-1.786283982422259831e-01,-4.979810447122926670e-02,5.840947806181536750e-01,-2.030901712371240009e-02,-4.892821642774447533e-01,-1.767766952966368654e-01
-1.313069634179608425e+00,-5.537123258831522232e-01,-5.507016019503075954e-01,-2.878929612425566442e-01,-1.099275433794600021e+00,-4.030900697471309080e-01,-4.966680157416004104e-01,-4.963069089824175273e-01,-6.623362709603883292e-02,-3.636176791775609651e-02,-3.647218290021541076e-01,-6.008461346790693741e-02,-1.707804710539037041e+00,-1.620632409308173205e+00,-9.974661479080908499e-01,-8.371203395033821604e-01,-2.446226174023423960e-01,-4.940931484571475241e-01,2.066465016776728725e-01,-2.384929742918500128e+00,9.248938849348538049e-01,-6.292804948981121915e-02,2.609183905492459488e+00,-5.558469793268595582e-01,8.413731731065147157e-01,-8.683652782307808016e-01,1.766252277923530567e+00,-1.773242088314630704e+00,-1.202811734101178587e+00,4.062674347167165023e-01,7.587013625824753360e-01,0.000000000000000000e+00,0.000000000000000000e+00,-2.392467030372219805e-01,-1.057663809422624057e+00,1.247180890325345903e-01,-1.998357410036173676e-01,-4.582876671791160095e-01,-9.415023731722672595e-01,-9.555068114986333683e-01,-3.774647335768301359e-01,-4.668062001933125371e-01,1.146903797035573769e+00,4.213030435623426051e+00,3.475052551910771559e+00,1.739375798511208382e+00,-5.183686688943279358e-02,-5.183686688943279358e-02,-7.051398600435393460e-01,-1.040941436780788015e-01,-2.030901712371240009e-02,-8.401389803667852485e-02,-3.271524934852403366e-01,-5.191945123345532709e-01,1.407679351095596942e+00,-5.752567881263277033e-02,-3.801429606348526863e-02,-1.147078669352808861e-01,-1.711160802546210780e-01,-7.340709118518067011e-02,-7.197411700355742237e-02,-1.244624194945742751e-01,-7.051263942166730025e-02,-2.872721242393142319e-02,-2.030901712371240009e-02,-2.019004323808653023e-01,-1.435916317235476011e-02,-1.435916317235476011e-02,-5.183686688943279358e-02,-3.801429606348527557e-02,-3.801429606348527557e-02,-1.558271304830920190e-01,-4.064318733121485144e-02,-8.148853797899899276e-02,-1.210011918676099085e-01,-5.569323991926412171e-02,-7.051263942166730025e-02,-4.979810447122927364e-02,-3.212131358814808435e-02,-2.030901712371240009e-02,-3.801429606348527557e-02,-6.749673070628271765e-02,-3.519076715388935045e-02,-1.435916317235476185e-02,-3.524455202264515918e-01,-3.753330286669139260e-01,-2.907009498669055336e-01,-4.311306135592269523e-02,-3.519076715388935045e-02,-3.801429606348527557e-02,-1.435916317235476011e-02,-1.286658602907498339e-01,-4.767312946227962589e-02,5.913962991410492975e-01,-2.487592975524973576e-02,-4.967123990818995694e-01,-1.786283982422259831e-01,-4.979810447122926670e-02,-1.712050908829709783e+00,-2.030901712371240009e-02,2.043810449286999731e+00,-1.767766952966368654e-01
5.408890866769313632e-01,-7.448690342834912714e-02,-4.977276807426366662e-02,7.082331122151057645e-01,1.089239259274239480e+00,-1.012748552678568670e+00,-4.966680157416004104e-01,6.573034482162921632e-01,-6.493539992246850634e-01,-3.636176791775609651e-02,8.414777418280475763e-01,1.910511685222601841e+00,-8.449106200430623881e-01,4.358515132997480279e-01,1.740134012489165327e+00,5.605433585474633995e-01,3.195422190618408820e-01,1.093778706646534093e+00,-1.287828035309991903e-01,6.650858775389451027e-01,2.619497413132843455e+00,1.693409947168151630e+00,6.159842736046428069e-01,-6.185145608412391249e-01,4.696009580735226452e-01,-1.373514572474397344e+00,1.430503311119001530e+00,7.953856332809684793e-02,3.151161709640172282e-01,-1.105629136241454841e-01,2.589455609403823022e+00,0.000000000000000000e+00,0.000000000000000000e+00,1.307170027720357286e+00,1.595093371917204017e+00,1.318026668710696736e+00,9.366889413151030519e-01,1.197825189899805354e+00,2.763085817535806399e+00,2.341530562554724693e+00,-3.774647335768301359e-01,1.696017942249628430e+00,7.812957911571764835e-03,9.264805211409559149e-01,-3.669621702617922865e-01,-4.602362970513234064e-01,-5.183686688943279358e-02,-5.183686688943279358e-02,-7.051398600435393460e-01,-1.040941436780788015e-01,-2.030901712371240009e-02,-8.401389803667852485e-02,-3.271524934852403366e-01,-5.191945123345532709e-01,1.407679351095596942e+00,-5.752567881263277033e-02,-3.801429606348526863e-02,-1.147078669352808861e-01,-1.711160802546210780e-01,-7.340709118518067011e-02,-7.197411700355742237e-02,-1.244624194945742751e-01,-7.051263942166730025e-02,-2.872721242393142319e-02,-2.030901712371240009e-02,-2.019004323808653023e-01,-1.435916317235476011e-02,-1.435916317235476011e-02,-5.183686688943279358e-02,-3.801429606348527557e-02,-3.801429606348527557e-02,-1.558271304830920190e-01,-4.064318733121485144e-02,-8.148853797899899276e-02,-1.210011918676099085e-01,-5.569323991926412171e-02,-7.051263942166730025e-02,-4.979810447122927364e-02,-3.212131358814808435e-02,-2.030901712371240009e-02,-3.801429606348527557e-02,-6.749673070628271765e-02,-3.519076715388935045e-02,-1.435916317235476185e-02,-3.524455202264515918e-01,-3.753330286669139260e-01,-2.907009498669055336e-01,-4.311306135592269523e-02,-3.519076715388935045e-02,-3.801429606348527557e-02,-1.435916317235476011e-02,-1.286658602907498339e-01,-4.767312946227962589e-02,5.913962991410492975e-01,-2.487592975524973576e-02,-4.967123990818995694e-01,-1.786283982422259831e-01,-4.979810447122926670e-02,-1.712050908829709783e+00,-2.030901712371240009e-02,2.043810449286999731e+00,-1.767766952966368654e-01
-3.040449913151461736e-01,-5.537123258831522232e-01,-5.507016019503075954e-01,7.082331122151057645e-01,-5.969933730902762248e-01,-4.446743272863804691e-02,-4.966680157416004104e-01,-4.963069089824175273e-01,-6.493539992246850634e-01,-6.302706439077716549e-01,8.414777418280475763e-01,-6.008461346790693741e-02,-1.459042450215873199e+00,-8.934346724163986231e-01,8.276006256900798608e-01,5.605433585474633995e-01,3.195422190618408820e-01,1.963009878227889651e-02,5.576771699193061593e-01,-7.136883070514067340e-01,2.619497413132843455e+00,-6.292804948981121915e-02,-5.469604018174498671e-03,-8.143507530736759925e-01,-7.386587407837015284e-01,-3.632159839871641482e-01,-8.078231342445260088e-01,-4.762956321647214275e-01,-1.007434875033381028e+00,9.230977830575785026e-01,1.941650260528576810e+00,0.000000000000000000e+00,0.000000000000000000e+00,1.307170027720357286e+00,1.595093371917204017e+00,7.213723788716157603e-01,-8.460050160315994994e-01,-5.678551828664656770e-02,3.080621948167927115e+00,1.399519884253765056e+00,-3.774647335768301359e-01,1.696017942249628430e+00,1.113666705592083056e-01,6.917269558207794766e-01,-3.669621702617922865e-01,-4.602362970513234064e-01,-5.183686688943279358e-02,-5.183686688943279358e-02,-7.051398600435393460e-01,-1.040941436780788015e-01,-2.030901712371240009e-02,-8.401389803667852485e-02,-3.271524934852403366e-01,-5.191945123345532709e-01,1.407679351095596942e+00,-5.752567881263277033e-02,-3.801429606348526863e-02,-1.147078669352808861e-01,-1.711160802546210780e-01,-7.340709118518067011e-02,-7.197411700355742237e-02,-1.244624194945742751e-01,-7.051263942166730025e-02,-2.872721242393142319e-02,-2.030901712371240009e-02,-2.019004323808653023e-01,-1.435916317235476011e-02,-1.435916317235476011e-02,-5.183686688943279358e-02,-3.801429606348527557e-02,-3.801429606348527557e-02,-1.558271304830920190e-01,-4.064318733121485144e-02,-8.148853797899899276e-02,-1.210011918676099085e-01,-5.569323991926412171e-02,-7.051263942166730025e-02,-4.979810447122927364e-02,-3.212131358814808435e-02,-2.030901712371240009e-02,-3.801429606348527557e-02,-6.749673070628271765e-02,-3.519076715388935045e-02,-1.435916317235476185e-02,-3.524455202264515918e-01,-3.753330286669139260e-01,-2.907009498669055336e-01,-4.311306135592269523e-02,-3.519076715388935045e-02,-3.801429606348527557e-02,-1.435916317235476011e-02,-1.286658602907498339e-01,-4.767312946227962589e-02,5.913962991410492975e-01,-2.487592975524973576e-02,-4.967123990818995694e-01,-1.786283982422259831e-01,-4.979810447122926670e-02,5.840947806181536750e-01,-2.030901712371240009e-02,-4.892821642774447533e-01,-1.767766952966368654e-01
-9.987832700087103666e-01,-7.448690342834912714e-02,-5.507016019503075954e-01,7.082331122151057645e-01,-8.840116934927469972e-01,-9.410240252748701684e-01,1.677823450289539942e+00,-4.963069089824175273e-01,1.683127489289899970e+00,-6.302706439077716549e-01,8.414777418280475763e-01,6.788889985410339056e-01,-1.163637266082116151e+00,-5.963001132563188200e-01,2.800805936106286476e-01,2.316813119472644900e-01,2.124869695747227727e+00,1.597364389384861028e-01,6.980894372159596184e-01,3.308375903655265127e-01,9.248938849348538049e-01,-6.292804948981121915e-02,-1.938039589308643063e+00,-2.005034801846891312e+00,3.766579043152746276e-01,4.786995064188634408e-01,1.994237661690613783e-01,5.427337262387786909e-01,-5.340217165229487195e-01,-1.574915567256587767e+00,1.378341261506623727e+00,0.000000000000000000e+00,0.000000000000000000e+00,1.307170027720357286e+00,7.108409781372613256e-01,1.019699523791156359e+00,-1.099366221133756705e+00,2.231309090626345082e+00,1.916322802516818191e+00,4.575092059528056976e-01,-3.774647335768301359e-01,-4.668062001933125371e-01,-6.135093179742474589e-01,1.395987651781308791e+00,-3.669621702617922865e-01,-4.602362970513234064e-01,-5.183686688943279358e-02,-5.183686688943279358e-02,-7.051398600435393460e-01,9.606688375213465747e+00,-2.030901712371240009e-02,-8.401389803667852485e-02,-3.271524934852403366e-01,-5.191945123345532709e-01,-7.103890521813077674e-01,-5.752567881263277033e-02,-3.801429606348526863e-02,-1.147078669352808861e-01,-1.711160802546210780e-01,-7.340709118518067011e-02,-7.197411700355742237e-02,-1.244624194945742751e-01,-7.051263942166730025e-02,-2.872721242393142319e-02,-2.030901712371240009e-02,-2.019004323808653023e-01,-1.435916317235476011e-02,-1.435916317235476011e-02,-5.183686688943279358e-02,-3.801429606348527557e-02,-3.801429606348527557e-02,-1.558271304830920190e-01,-4.064318733121485144e-02,-8.148853797899899276e-02,-1.210011918676099085e-01,-5.569323991926412171e-02,-7.051263942166730025e-02,-4.979810447122927364e-02,-3.212131358814808435e-02,-2.030901712371240009e-02,-3.801429606348527557e-02,-6.749673070628271765e-02,-3.519076715388935045e-02,-1.435916317235476185e-02,-3.524455202264515918e-01,-3.753330286669139260e-01,-2.907009498669055336e-01,-4.311306135592269523e-02,-3.519076715388935045e-02,-3.801429606348527557e-02,-1.435916317235476011e-02,-1.286658602907498339e-01,-4.767312946227962589e-02,5.913962991410492975e-01,-2.487592975524973576e-02,-4.967123990818995694e-01,-1.786283982422259831e-01,-4.979810447122926670e-02,5.840947806181536750e-01,-2.030901712371240009e-02,-4.892821642774447533e-01,-1.767766952966368654e-01
5.652012437475130824e+00,-5.537123258831522232e-01,-4.977276807426366662e-02,-1.284019034700219164e+00,-1.063398143744291202e+00,-1.879164875360351816e-01,-4.966680157416004104e-01,-4.963069089824175273e-01,-6.493539992246850634e-01,-6.302706439077716549e-01,-1.444270444895184635e+00,-1.538031837485788644e+00,4.184751330865908336e+00,3.571403045489011774e+00,-1.761860997889140579e-01,-2.616117579530339854e-01,-8.087874538665257296e-01,-1.801752323248414722e+00,-1.236479578871264806e+00,2.054944826754944998e-01,-1.052143564629467676e+00,-1.066549761865789980e+00,-8.391272447317100758e-01,3.149373777710844813e+00,9.343162268647626778e-01,1.236423447784288365e+00,-4.720741674399969168e-01,7.743313076941197304e-01,-5.715941894206021390e-01,1.482997327093512396e+00,-7.622329347767978769e-01,0.000000000000000000e+00,0.000000000000000000e+00,2.466982575788541521e+00,-4.681622135693289666e-01,-7.702633457260871230e-01,9.438904225970764506e-01,2.592053576303884888e-01,-8.356569962948936503e-01,-1.349613319767399566e-02,9.257960654133498002e-01,-4.668062001933125371e-01,2.149203832068448394e-01,-1.186301566740631808e+00,-3.669621702617922865e-01,1.739375798511208382e+00,-5.183686688943279358e-02,-5.183686688943279358e-02,1.418158377741196352e+00,-1.040941436780788015e-01,-2.030901712371240009e-02,-8.401389803667852485e-02,-3.271524934852403366e-01,-5.191945123345532709e-01,-7.103890521813077674e-01,-5.752567881263277033e-02,-3.801429606348526863e-02,-1.147078669352808861e-01,-1.711160802546210780e-01,-7.340709118518067011e-02,-7.197411700355742237e-02,-1.244624194945742751e-01,-7.051263942166730025e-02,-2.872721242393142319e-02,-2.030901712371240009e-02,-2.019004323808653023e-01,-1.435916317235476011e-02,-1.435916317235476011e-02,-5.183686688943279358e-02,-3.801429606348527557e-02,-3.801429606348527557e-02,-1.558271304830920190e-01,-4.064318733121485144e-02,-8.148853797899899276e-02,-1.210011918676099085e-01,-5.569323991926412171e-02,-7.051263942166730025e-02,-4.979810447122927364e-02,-3.212131358814808435e-02,-2.030901712371240009e-02,-3.801429606348527557e-02,-6.749673070628271765e-02,-3.519076715388935045e-02,-1.435916317235476185e-02,2.837317947345407543e+00,-3.753330286669139260e-01,-2.907009498669055336e-01,-4.311306135592269523e-02,-3.519076715388935045e-02,-3.801429606348527557e-02,-1.435916317235476011e-02,-1.286658602907498339e-01,-4.767312946227962589e-02,5.913962991410492975e-01,-2.487592975524973576e-02,-4.967123990818995694e-01,-1.786283982422259831e-01,-4.979810447122926670e-02,5.840947806181536750e-01,-2.030901712371240009e-02,-4.892821642774447533e-01,-1.767766952966368654e-01
7.812354483297286878e-01,-5.537123258831522232e-01,-5.507016019503075954e-01,7.082331122151057645e-01,2.416698991135666663e+00,1.748645752363826134e+00,-4.966680157416004104e-01,-4.963069089824175273e-01,-6.493539992246850634e-01,-3.636176791775609651e-02,8.414777418280475763e-01,-1.291707300149474991e+00,9.197466641243816632e-01,1.468003139855815320e+00,-3.586927771487311012e-01,-9.718073465293448898e-02,9.387628447616762351e-02,-1.801752323248414722e+00,-1.236479578871264806e+00,2.890565544688492028e-01,-1.334577485995799284e+00,-1.819266046147774096e+00,1.730054029830912832e+00,5.173353541068940187e-01,1.213145388139506675e+00,-6.999821801495752505e-01,-5.839904897081731328e-01,-7.542127299111305305e-01,-8.270870051246449473e-01,-1.015016023220653985e+00,-1.043887434287774418e+00,0.000000000000000000e+00,0.000000000000000000e+00,-2.172267616484195862e+00,-7.629130114959765674e-01,-1.068590490645627611e+00,-1.681376844740520848e+00,1.275987837853913565e+00,-1.047347750049640647e+00,-7.200041419233935702e-01,-3.774647335768301359e-01,-4.668062001933125371e-01,-1.027724168564793761e+00,-7.167944361002790421e-01,-3.669621702617922865e-01,-4.602362970513234064e-01,-5.183686688943279358e-02,-5.183686688943279358e-02,-7.051398600435393460e-01,-1.040941436780788015e-01,-2.030901712371240009e-02,-8.401389803667852485e-02,-3.271524934852403366e-01,-5.191945123345532709e-01,1.407679351095596942e+00,-5.752567881263277033e-02,-3.801429606348526863e-02,-1.147078669352808861e-01,-1.711160802546210780e-01,-7.340709118518067011e-02,-7.197411700355742237e-02,-1.244624194945742751e-01,-7.051263942166730025e-02,-2.872721242393142319e-02,-2.030901712371240009e-02,-2.019004323808653023e-01,-1.435916317235476011e-02,-1.435916317235476011e-02,-5.183686688943279358e-02,-3.801429606348527557e-02,-3.801429606348527557e-02,-1.558271304830920190e-01,-4.064318733121485144e-02,-8.148853797899899276e-02,-1.210011918676099085e-01,-5.569323991926412171e-02,-7.051263942166730025e-02,-4.979810447122927364e-02,-3.212131358814808435e-02,-2.030901712371240009e-02,-3.801429606348527557e-02,-6.749673070628271765e-02,-3.519076715388935045e-02,-1.435916317235476185e-02,-3.524455202264515918e-01,-3.753330286669139260e-01,-2.907009498669055336e-01,-4.311306135592269523e-02,-3.519076715388935045e-02,-3.801429606348527557e-02,-1.435916317235476011e-02,-1.286658602907498339e-01,-4.767312946227962589e-02,5.913962991410492975e-01,-2.487592975524973576e-02,-4.967123990818995694e-01,-1.786283982422259831e-01,-4.979810447122926670e-02,5.840947806181536750e-01,-2.030901712371240009e-02,-4.892821642774447533e-01,-1.767766952966368654e-01
-5.617598099352826280e-01,-5.537123258831522232e-01,4.511560658017802483e-01,7.082331122151057645e-01,2.452576281185975482e+00,-8.032969643048733233e-02,-4.966680157416004104e-01,-4.963069089824175273e-01,-6.623362709603883292e-02,5.575471080722594897e-01,8.414777418280475763e-01,6.788889985410339056e-01,9.974848704753700446e-01,1.796415021032745640e+00,1.466373996449439554e+00,-9.718073465293448898e-02,-1.317896501095057737e-01,8.602681397195220958e-01,-8.932495921461119925e-01,1.637134467788171899e-01,9.248938849348538049e-01,-5.647389056778006067e-01,2.609183905492459488e+00,-8.926852299666506729e-01,4.696009580735226452e-01,-1.710280768636808446e+00,-8.078231342445260088e-01,-4.762956321647214275e-01,-4.513622761481113632e-01,-1.144223610305869387e+00,9.276940622890612609e-01,0.000000000000000000e+00,0.000000000000000000e+00,9.205658450309623930e-01,7.108409781372613256e-01,1.247180890325345903e-01,8.070622782395807659e-01,1.177115428476067427e+00,4.344875262335887722e-01,4.575092059528056976e-01,-3.774647335768301359e-01,-4.668062001933125371e-01,-5.099556053266109945e-01,-4.820408707801026038e-01,-3.669621702617922865e-01,-4.602362970513234064e-01,-5.183686688943279358e-02,-5.183686688943279358e-02,-7.051398600435393460e-01,-1.040941436780788015e-01,-2.030901712371240009e-02,-8.401389803667852485e-02,-3.271524934852403366e-01,-5.191945123345532709e-01,1.407679351095596942e+00,-5.752567881263277033e-02,-3.801429606348526863e-02,-1.147078669352808861e-01,-1.711160802546210780e-01,-7.340709118518067011e-02,-7.197411700355742237e-02,-1.244624194945742751e-01,-7.051263942166730025e-02,-2.872721242393142319e-02,-2.030901712371240009e-02,-2.019004323808653023e-01,-1.435916317235476011e-02,-1.435916317235476011e-02,-5.183686688943279358e-02,-3.801429606348527557e-02,-3.801429606348527557e-02,-1.558271304830920190e-01,-4.064318733121485144e-02,-8.148853797899899276e-02,-1.210011918676099085e-01,-5.569323991926412171e-02,-7.051263942166730025e-02,-4.979810447122927364e-02,-3.212131358814808435e-02,-2.030901712371240009e-02,-3.801429606348527557e-02,-6.749673070628271765e-02,-3.519076715388935045e-02,-1.435916317235476185e-02,-3.524455202264515918e-01,-3.753330286669139260e-01,-2.907009498669055336e-01,-4.311306135592269523e-02,-3.519076715388935045e-02,-3.801429606348527557e-02,-1.435916317235476011e-02,-1.286658602907498339e-01,-4.767312946227962589e-02,5.913962991410492975e-01,-2.487592975524973576e-02,-4.967123990818995694e-01,-1.786283982422259831e-01,-4.979810447122926670e-02,5.840947806181536750e-01,-2.030901712371240009e-02,-4.892821642774447533e-01,-1.767766952966368654e-01
5.736410341010564906e-01,-7.448690342834912714e-02,-5.507016019503075954e-01,7.082331122151057645e-01,5.869571985699155725e-01,1.282436324239785375e+00,-4.966680157416004104e-01,-4.963069089824175273e-01,5.168867450326074531e-01,-6.302706439077716549e-01,8.414777418280475763e-01,-1.045382762813161337e+00,1.463914108581302775e+00,2.012715981733693149e-01,2.800805936106286476e-01,-3.438272696030836850e-01,-8.087874538665257296e-01,-4.940931484571475241e-01,-6.904318727176127490e-01,1.208239344195750409e+00,-7.697096432631360674e-01,-3.138334775838059199e-01,-4.336313314151688664e-02,6.191701740677610921e-01,1.907717967987786201e-01,-1.106413368653558910e-01,-8.078231342445260088e-01,1.283845986895869817e+00,-7.594565539088690143e-01,3.631982390216446643e-01,-7.622329347767978769e-01,0.000000000000000000e+00,0.000000000000000000e+00,-6.258508857266168457e-01,-7.629130114959765674e-01,-7.702633457260871230e-01,1.949363692718367735e-01,-6.640491677762551115e-01,-4.122754887853995465e-01,-1.349613319767399566e-02,-3.774647335768301359e-01,1.696017942249628430e+00,7.812957911571764835e-03,-2.472873054599261933e-01,-3.669621702617922865e-01,1.739375798511208382e+00,-5.183686688943279358e-02,-5.183686688943279358e-02,-7.051398600435393460e-01,-1.040941436780788015e-01,-2.030901712371240009e-02,-8.401389803667852485e-02,-3.271524934852403366e-01,-5.191945123345532709e-01,1.407679351095596942e+00,-5.752567881263277033e-02,-3.801429606348526863e-02,-1.147078669352808861e-01,-1.711160802546210780e-01,-7.340709118518067011e-02,-7.197411700355742237e-02,-1.244624194945742751e-01,-7.051263942166730025e-02,-2.872721242393142319e-02,-2.030901712371240009e-02,-2.019004323808653023e-01,-1.435916317235476011e-02,-1.435916317235476011e-02,-5.183686688943279358e-02,-3.801429606348527557e-02,-3.801429606348527557e-02,-1.558271304830920190e-01,-4.064318733121485144e-02,-8.148853797899899276e-02,-1.210011918676099085e-01,-5.569323991926412171e-02,-7.051263942166730025e-02,-4.979810447122927364e-02,-3.212131358814808435e-02,-2.030901712371240009e-02,-3.801429606348527557e-02,-6.749673070628271765e-02,-3.519076715388935045e-02,-1.435916317235476185e-02,-3.524455202264515918e-01,-3.753330286669139260e-01,-2.907009498669055336e-01,-4.311306135592269523e-02,-3.519076715388935045e-02,-3.801429606348527557e-02,-1.435916317235476011e-02,-1.286658602907498339e-01,-4.767312946227962589e-02,5.913962991410492975e-01,-2.487592975524973576e-02,-4.967123990818995694e-01,-1.786283982422259831e-01,-4.979810447122926670e-02,5.840947806181536750e-01,-2.030901712371240009e-02,-4.892821642774447533e-01,-1.767766952966368654e-01
-5.906704113772511672e-02,-5.537123258831522232e-01,-5.507016019503075954e-01,7.082331122151057645e-01,1.770907770230107481e+00,9.238136872212926454e-01,-4.966680157416004104e-01,-4.963069089824175273e-01,-6.493539992246850634e-01,1.745364860052290412e+00,8.414777418280475763e-01,-5.527336881405341407e-01,-1.530405835192626407e-01,-3.851781896425778284e-01,-1.088719486587999441e+00,8.071898934976127205e-01,-3.574555846951790183e-01,6.267575727925100981e-01,3.392580874578454697e-01,3.308375903655265127e-01,-4.872757218968044035e-01,1.879773786041834815e-01,2.370489823712175481e-01,-5.558469793268595582e-01,-5.527726332672054932e-01,3.103164083376579452e-01,-3.601578451718204787e-01,5.427337262387786909e-01,1.573117847938731162e-01,2.339906519364291781e-01,-5.809668599935657873e-02,0.000000000000000000e+00,0.000000000000000000e+00,-2.392467030372219805e-01,-4.681622135693289666e-01,1.247180890325345903e-01,-7.851197651930966748e-01,-1.485090999704449688e+00,-7.298116194175201521e-01,6.930118755280455511e-01,-3.774647335768301359e-01,1.696017942249628430e+00,1.664672360273756535e+00,4.569733905006030938e-01,2.194380977853250148e+00,1.739375798511208382e+00,-5.183686688943279358e-02,-5.183686688943279358e-02,-7.051398600435393460e-01,-1.040941436780788015e-01,-2.030901712371240009e-02,-8.401389803667852485e-02,3.056678521220304923e+00,-5.191945123345532709e-01,-7.103890521813077674e-01,-5.752567881263277033e-02,-3.801429606348526863e-02,-1.147078669352808861e-01,-1.711160802546210780e-01,-7.340709118518067011e-02,-7.197411700355742237e-02,-1.244624194945742751e-01,-7.051263942166730025e-02,-2.872721242393142319e-02,-2.030901712371240009e-02,-2.019004323808653023e-01,-1.435916317235476011e-02,-1.435916317235476011e-02,-5.183686688943279358e-02,-3.801429606348527557e-02,-3.801429606348527557e-02,-1.558271304830920190e-01,-4.064318733121485144e-02,-8.148853797899899276e-02,-1.210011918676099085e-01,-5.569323991926412171e-02,-7.051263942166730025e-02,-4.979810447122927364e-02,-3.212131358814808435e-02,-2.030901712371240009e-02,-3.801429606348527557e-02,-6.749673070628271765e-02,-3.519076715388935045e-02,-1.435916317235476185e-02,-3.524455202264515918e-01,-3.753330286669139260e-01,-2.907009498669055336e-01,-4.311306135592269523e-02,-3.519076715388935045e-02,-3.801429606348527557e-02,-1.435916317235476011e-02,-1.286658602907498339e-01,-4.767312946227962589e-02,5.913962991410492975e-01,-2.487592975524973576e-02,-4.967123990818995694e-01,-1.786283982422259831e-01,-4.979810447122926670e-02,-1.712050908829709783e+00,-2.030901712371240009e-02,2.043810449286999731e+00,-1.767766952966368654e-01
2.645193269193503796e-02,-5.537123258831522232e-01,-5.507016019503075954e-01,7.082331122151057645e-01,1.555644029928254346e+00,1.856232543469374052e+00,-4.966680157416004104e-01,-4.963069089824175273e-01,-6.623362709603883292e-02,-3.636176791775609651e-02,8.414777418280475763e-01,4.325644612047202520e-01,8.653299196786893299e-01,1.710402385486406329e+00,5.538406096503543097e-01,9.716209167977121197e-01,-8.087874538665257296e-01,2.868459015291825676e+00,-8.152427769813045400e-01,6.233048416422678484e-01,-6.362483984730694930e-02,1.879773786041834815e-01,-1.267288972128707003e-01,1.018676006221931996e+00,-8.805736447596543282e-02,6.470826045000689364e-01,-2.440887836729143182e-02,-1.078449343948607808e+00,-8.045435213860530066e-01,-2.828396964044327944e-01,-5.809668599935657873e-02,0.000000000000000000e+00,0.000000000000000000e+00,1.473574796521728292e-01,4.160901802106137248e-01,1.247180890325345903e-01,5.648306351186553886e-01,2.017524711000184545e-01,2.227967724788416926e-01,-4.845014723481537167e-01,-3.774647335768301359e-01,1.696017942249628430e+00,3.184740958544813871e-01,-4.820408707801026038e-01,-3.669621702617922865e-01,-4.602362970513234064e-01,-5.183686688943279358e-02,-5.183686688943279358e-02,-7.051398600435393460e-01,-1.040941436780788015e-01,-2.030901712371240009e-02,-8.401389803667852485e-02,3.056678521220304923e+00,-5.191945123345532709e-01,-7.103890521813077674e-01,-5.752567881263277033e-02,-3.801429606348526863e-02,-1.147078669352808861e-01,-1.711160802546210780e-01,-7.340709118518067011e-02,-7.197411700355742237e-02,-1.244624194945742751e-01,-7.051263942166730025e-02,-2.872721242393142319e-02,-2.030901712371240009e-02,-2.019004323808653023e-01,-1.435916317235476011e-02,-1.435916317235476011e-02,-5.183686688943279358e-02,-3.801429606348527557e-02,-3.801429606348527557e-02,-1.558271304830920190e-01,-4.064318733121485144e-02,-8.148853797899899276e-02,-1.210011918676099085e-01,-5.569323991926412171e-02,-7.051263942166730025e-02,-4.979810447122927364e-02,-3.212131358814808435e-02,-2.030901712371240009e-02,-3.801429606348527557e-02,-6.749673070628271765e-02,-3.519076715388935045e-02,-1.435916317235476185e-02,-3.524455202264515918e-01,-3.753330286669139260e-01,-2.907009498669055336e-01,-4.311306135592269523e-02,-3.519076715388935045e-02,-3.801429606348527557e-02,-1.435916317235476011e-02,-1.286658602907498339e-01,-4.767312946227962589e-02,5.913962991410492975e-01,-2.487592975524973576e-02,-4.967123990818995694e-01,-1.786283982422259831e-01,-4.979810447122926670e-02,5.840947806181536750e-01,-2.030901712371240009e-02,-4.892821642774447533e-01,-1.767766952966368654e-01
-6.833021818697264382e-02,-5.537123258831522232e-01,-5.507016019503075954e-01,-1.284019034700219164e+00,-7.763798233418204298e-01,-1.012748552678568670e+00,-4.966680157416004104e-01,-4.963069089824175273e-01,-6.493539992246850634e-01,-6.302706439077716549e-01,-7.868916787927248135e-01,1.171538073213661102e+00,-3.707075613020312521e-01,2.924632708069133114e-02,1.888272549307201120e-01,-3.438272696030836850e-01,-1.317896501095057737e-01,-4.940931484571475241e-01,9.009071566444590839e-01,1.793173846749233080e+00,3.600260422021904771e-01,4.388828066981781961e-01,-1.104381948595107632e+00,-2.973432055800430129e-01,1.027259280623010751e+00,5.628910554594662718e-01,-3.601578451718204787e-01,1.237526470604801476e+00,-2.935578899779672790e-01,7.938901959723629886e-01,3.643850632671082335e-01,0.000000000000000000e+00,0.000000000000000000e+00,5.339616623415676111e-01,7.108409781372613256e-01,7.213723788716157603e-01,9.615667857437386612e-01,2.349555147787687925e+00,1.110601872409461635e-02,-1.349613319767399566e-02,-3.774647335768301359e-01,-4.668062001933125371e-01,6.291352337973910025e-01,2.222198251804266556e-01,-3.669621702617922865e-01,-4.602362970513234064e-01,-5.183686688943279358e-02,-5.183686688943279358e-02,1.418158377741196352e+00,-1.040941436780788015e-01,-2.030901712371240009e-02,-8.401389803667852485e-02,-3.271524934852403366e-01,-5.191945123345532709e-01,-7.103890521813077674e-01,-5.752567881263277033e-02,-3.801429606348526863e-02,-1.147078669352808861e-01,-1.711160802546210780e-01,-7.340709118518067011e-02,-7.197411700355742237e-02,-1.244624194945742751e-01,-7.051263942166730025e-02,-2.872721242393142319e-02,-2.030901712371240009e-02,-2.019004323808653023e-01,-1.435916317235476011e-02,-1.435916317235476011e-02,-5.183686688943279358e-02,-3.801429606348527557e-02,-3.801429606348527557e-02,-1.558271304830920190e-01,-4.064318733121485144e-02,-8.148853797899899276e-02,-1.210011918676099085e-01,-5.569323991926412171e-02,-7.051263942166730025e-02,-4.979810447122927364e-02,-3.212131358814808435e-02,-2.030901712371240009e-02,-3.801429606348527557e-02,-6.749673070628271765e-02,-3.519076715388935045e-02,-1.435916317235476185e-02,2.837317947345407543e+00,-3.753330286669139260e-01,-2.907009498669055336e-01,-4.311306135592269523e-02,-3.519076715388935045e-02,-3.801429606348527557e-02,-1.435916317235476011e-02,-1.286658602907498339e-01,-4.767312946227962589e-02,-1.690913523558418063e+00,-2.487592975524973576e-02,2.013237442528823973e+00,-1.786283982422259831e-01,-4.979810447122926670e-02,-1.712050908829709783e+00,-2.030901712371240009e-02,2.043810449286999731e+00,-1.767766952966368654e-01
-1.031866045184594238e+00,-7.448690342834912714e-02,-5.507016019503075954e-01,-1.284019034700219164e+00,-6.328706631405850436e-01,-1.084473080082267282e+00,-4.966680157416004104e-01,-4.963069089824175273e-01,-6.623362709603883292e-02,-6.302706439077716549e-01,-8.351396616259326722e-01,-6.008461346790693741e-02,-1.661161786728443834e+00,-2.121069561577781037e+00,-8.493276110900550846e-02,-2.152568525904178021e+00,-3.574555846951790183e-01,1.794310407427570198e+00,1.041319423941112321e+00,-2.384929742918500128e+00,2.647740805269476638e+00,-6.292804948981121915e-02,-2.294238763068062958e+00,-2.326206157108087869e+00,-3.898722568564133795e+00,-4.572793436017302149e+00,-8.078231342445260088e-01,-1.773242088314630704e+00,-1.202811734101178587e+00,-2.436299481158024527e+00,1.631830311066502670e+00,0.000000000000000000e+00,0.000000000000000000e+00,1.307170027720357286e+00,1.300342573990556527e+00,1.616353813630237335e+00,-2.862535163872988453e-01,-5.578281333770827022e-01,-3.064301119080259928e-01,9.285145451032854602e-01,-3.774647335768301359e-01,1.696017942249628430e+00,-1.752600157098249456e+00,-2.472873054599261933e-01,-3.669621702617922865e-01,-4.602362970513234064e-01,-5.183686688943279358e-02,-5.183686688943279358e-02,1.418158377741196352e+00,-1.040941436780788015e-01,-2.030901712371240009e-02,-8.401389803667852485e-02,-3.271524934852403366e-01,-5.191945123345532709e-01,-7.103890521813077674e-01,-5.752567881263277033e-02,-3.801429606348526863e-02,-1.147078669352808861e-01,-1.711160802546210780e-01,-7.340709118518067011e-02,-7.197411700355742237e-02,-1.244624194945742751e-01,-7.051263942166730025e-02,-2.872721242393142319e-02,-2.030901712371240009e-02,-2.019004323808653023e-01,-1.435916317235476011e-02,-1.435916317235476011e-02,-5.183686688943279358e-02,-3.801429606348527557e-02,-3.801429606348527557e-02,-1.558271304830920190e-01,-4.064318733121485144e-02,-8.148853797899899276e-02,-1.210011918676099085e-01,-5.569323991926412171e-02,-7.051263942166730025e-02,-4.979810447122927364e-02,-3.212131358814808435e-02,-2.030901712371240009e-02,-3.801429606348527557e-02,-6.749673070628271765e-02,-3.519076715388935045e-02,-1.435916317235476185e-02,-3.524455202264515918e-01,2.664300564093018409e+00,-2.907009498669055336e-01,-4.311306135592269523e-02,-3.519076715388935045e-02,-3.801429606348527557e-02,-1.435916317235476011e-02,-1.286658602907498339e-01,-4.767312946227962589e-02,-1.690913523558418063e+00,-2.487592975524973576e-02,-4.967123990818995694e-01,5.598214000911362120e+00,-4.979810447122926670e-02,5.840947806181536750e-01,-2.030901712371240009e-02,-4.892821642774447533e-01,-1.767766952966368654e-01
-1.487746687108275845e+00,-5.537123258831522232e-01,-5.507016019503075954e-01,7.082331122151057645e-01,-7.046252432412027922e-01,5.293287865009504989e-01,-4.966680157416004104e-01,-4.963069089824175273e-01,-6.493539992246850634e-01,-6.302706439077716549e-01,8.414777418280475763e-01,-5.527336881405341407e-01,-3.007431755861411649e-01,-8.386993588869103844e-01,-9.062128092281823699e-01,9.716209167977121197e-01,-1.895668281666913063e-02,3.932470058654981004e-01,1.033518742424631709e+00,9.993341647123638039e-01,-4.872757218968044035e-01,-3.138334775838059199e-01,-1.900146060185300856e+00,-5.323466362589669432e-01,9.782874304053058856e-02,1.488998094906096581e+00,1.994237661690613783e-01,-8.468517624932668797e-01,-8.571449834427676828e-01,-2.436299481158024527e+00,-4.805784352658213909e-01,0.000000000000000000e+00,0.000000000000000000e+00,-6.258508857266168457e-01,-4.681622135693289666e-01,-1.736090558870059808e-01,1.859787905640791772e+00,4.863446764713861836e-01,-4.122754887853995465e-01,2.220065363775658440e-01,9.257960654133498002e-01,1.696017942249628430e+00,-1.131277881212430225e+00,-1.421055132060808246e+00,-3.669621702617922865e-01,-4.602362970513234064e-01,-5.183686688943279358e-02,-5.183686688943279358e-02,-7.051398600435393460e-01,-1.040941436780788015e-01,-2.030901712371240009e-02,-8.401389803667852485e-02,-3.271524934852403366e-01,-5.191945123345532709e-01,1.407679351095596942e+00,-5.752567881263277033e-02,-3.801429606348526863e-02,-1.147078669352808861e-01,-1.711160802546210780e-01,-7.340709118518067011e-02,-7.197411700355742237e-02,-1.244624194945742751e-01,-7.051263942166730025e-02,-2.872721242393142319e-02,-2.030901712371240009e-02,-2.019004323808653023e-01,-1.435916317235476011e-02,-1.435916317235476011e-02,-5.183686688943279358e-02,-3.801429606348527557e-02,-3.801429606348527557e-02,-1.558271304830920190e-01,-4.064318733121485144e-02,-8.148853797899899276e-02,-1.210011918676099085e-01,-5.569323991926412171e-02,-7.051263942166730025e-02,-4.979810447122927364e-02,-3.212131358814808435e-02,-2.030901712371240009e-02,-3.801429606348527557e-02,-6.749673070628271765e-02,-3.519076715388935045e-02,-1.435916317235476185e-02,-3.524455202264515918e-01,-3.753330286669139260e-01,-2.907009498669055336e-01,-4.311306135592269523e-02,-3.519076715388935045e-02,-3.801429606348527557e-02,-1.435916317235476011e-02,-1.286658602907498339e-01,-4.767312946227962589e-02,5.913962991410492975e-01,-2.487592975524973576e-02,-4.967123990818995694e-01,-1.786283982422259831e-01,-4.979810447122926670e-02,-1.712050908829709783e+00,-2.030901712371240009e-02,-4.892821642774447533e-01,-1.767766952966368654e-01
-6.133689392096616233e-01,8.839639414812570095e-01,4.511560658017802483e-01,7.082331122151057645e-01,5.510799085196067537e-01,1.820370279767524746e+00,1.677823450289539942e+00,-4.963069089824175273e-01,5.168867450326074531e-01,5.575471080722594897e-01,8.414777418280475763e-01,1.862399238684066816e-01,8.731037403137886788e-01,1.233423224729436551e+00,3.713339322905371831e-01,5.605433585474633995e-01,-1.895668281666913063e-02,-9.611142823111715749e-01,-3.159991599265370432e-01,-4.630020916713427637e-01,-6.362483984730694930e-02,-3.138334775838059199e-01,1.233683950011900399e-01,7.993394709216032901e-01,1.584917603172498746e+00,5.774176121584963933e-02,-8.078231342445260088e-01,-4.762956321647214275e-01,-1.808404712850071039e-01,1.095374565837865966e+00,-4.805784352658213909e-01,0.000000000000000000e+00,0.000000000000000000e+00,-2.392467030372219805e-01,1.005591776063908815e+00,4.230452339520751615e-01,-1.848934872119481140e-02,-1.710232345272660048e-01,7.520236568657093779e-01,2.220065363775658440e-01,-3.774647335768301359e-01,-4.668062001933125371e-01,-6.135093179742474589e-01,-2.472873054599261933e-01,-3.669621702617922865e-01,-4.602362970513234064e-01,-5.183686688943279358e-02,-5.183686688943279358e-02,-7.051398600435393460e-01,-1.040941436780788015e-01,-2.030901712371240009e-02,-8.401389803667852485e-02,-3.271524934852403366e-01,-5.191945123345532709e-01,1.407679351095596942e+00,-5.752567881263277033e-02,-3.801429606348526863e-02,-1.147078669352808861e-01,-1.711160802546210780e-01,-7.340709118518067011e-02,-7.197411700355742237e-02,-1.244624194945742751e-01,-7.051263942166730025e-02,-2.872721242393142319e-02,-2.030901712371240009e-02,-2.019004323808653023e-01,-1.435916317235476011e-02,-1.435916317235476011e-02,-5.183686688943279358e-02,-3.801429606348527557e-02,-3.801429606348527557e-02,-1.558271304830920190e-01,-4.064318733121485144e-02,-8.148853797899899276e-02,-1.210011918676099085e-01,-5.569323991926412171e-02,-7.051263942166730025e-02,-4.979810447122927364e-02,-3.212131358814808435e-02,-2.030901712371240009e-02,-3.801429606348527557e-02,-6.749673070628271765e-02,-3.519076715388935045e-02,-1.435916317235476185e-02,-3.524455202264515918e-01,-3.753330286669139260e-01,-2.907009498669055336e-01,-4.311306135592269523e-02,-3.519076715388935045e-02,-3.801429606348527557e-02,-1.435916317235476011e-02,-1.286658602907498339e-01,-4.767312946227962589e-02,5.913962991410492975e-01,-2.487592975524973576e-02,-4.967123990818995694e-01,-1.786283982422259831e-01,-4.979810447122926670e-02,5.840947806181536750e-01,-2.030901712371240009e-02,-4.892821642774447533e-01,-1.767766952966368654e-01
-9.779411216479033664e-01,8.839639414812570095e-01,4.511560658017802483e-01,7.082331122151057645e-01,-1.664658924865700940e-01,2.424306768861562156e-01,-4.966680157416004104e-01,6.573034482162921632e-01,-6.493539992246850634e-01,1.151455984062275117e+00,-1.958538890859259918e-01,-5.527336881405341407e-01,-9.085001843847161085e-02,-8.308800283826976996e-01,6.450939483302627897e-01,-5.904738045532329505e-01,-2.446226174023423960e-01,-1.801752323248414722e+00,-1.236479578871264806e+00,-1.340403845501566771e+00,-1.334577485995799284e+00,-1.819266046147774096e+00,4.758133675450491873e-02,-9.367356565830856074e-02,4.885689282282582209e-03,-1.948328859059586526e-01,-4.720741674399969168e-01,-1.057395018361759059e-01,6.833264053610199618e-01,3.631982390216446643e-01,-1.325541933798751071e+00,0.000000000000000000e+00,0.000000000000000000e+00,-1.399059251105406521e+00,-4.681622135693289666e-01,-1.963571925404249408e+00,9.458544629467056097e-01,-3.781208487646462446e-01,2.227967724788416926e-01,-2.489988027729138353e-01,9.257960654133498002e-01,-4.668062001933125371e-01,-4.064018926789744190e-01,-4.820408707801026038e-01,-3.669621702617922865e-01,-4.602362970513234064e-01,-5.183686688943279358e-02,-5.183686688943279358e-02,1.418158377741196352e+00,-1.040941436780788015e-01,-2.030901712371240009e-02,-8.401389803667852485e-02,-3.271524934852403366e-01,-5.191945123345532709e-01,-7.103890521813077674e-01,-5.752567881263277033e-02,-3.801429606348526863e-02,-1.147078669352808861e-01,-1.711160802546210780e-01,-7.340709118518067011e-02,-7.197411700355742237e-02,-1.244624194945742751e-01,-7.051263942166730025e-02,-2.872721242393142319e-02,-2.030901712371240009e-02,-2.019004323808653023e-01,-1.435916317235476011e-02,-1.435916317235476011e-02,-5.183686688943279358e-02,-3.801429606348527557e-02,-3.801429606348527557e-02,-1.558271304830920190e-01,-4.064318733121485144e-02,-8.148853797899899276e-02,-1.210011918676099085e-01,-5.569323991926412171e-02,-7.051263942166730025e-02,-4.979810447122927364e-02,-3.212131358814808435e-02,-2.030901712371240009e-02,-3.801429606348527557e-02,-6.749673070628271765e-02,-3.519076715388935045e-02,-1.435916317235476185e-02,2.837317947345407543e+00,-3.753330286669139260e-01,-2.907009498669055336e-01,-4.311306135592269523e-02,-3.519076715388935045e-02,-3.801429606348527557e-02,-1.435916317235476011e-02,-1.286658602907498339e-01,-4.767312946227962589e-02,5.913962991410492975e-01,-2.487592975524973576e-02,-4.967123990818995694e-01,-1.786283982422259831e-01,-4.979810447122926670e-02,5.840947806181536750e-01,-2.030901712371240009e-02,-4.892821642774447533e-01,-1.767766952966368654e-01
-1.512025700025620700e-01,-7.448690342834912714e-02,-5.507016019503075954e-01,7.082331122151057645e-01,4.793253284189891161e-01,1.676921224960127521e+00,-4.966680157416004104e-01,-4.963069089824175273e-01,-6.623362709603883292e-02,-6.302706439077716549e-01,8.414777418280475763e-01,-3.064091508042205425e-01,1.098544538731655917e+00,8.033600469977414393e-01,2.800805936106286476e-01,2.316813119472644900e-01,-8.087874538665257296e-01,7.668639129487173633e-01,-5.890230130033630163e-01,4.561806980555584978e-01,-6.362483984730694930e-02,9.406936628861676253e-01,6.538778027279855687e-01,8.698405001252803581e-01,7.484301193482666426e-01,-1.948328859059586526e-01,-2.440887836729143182e-02,4.037751773655741672e-01,-5.309406343298572056e-02,1.909214562413573679e-01,-5.809668599935657873e-02,0.000000000000000000e+00,0.000000000000000000e+00,1.473574796521728292e-01,-1.734114156426813935e-01,1.247180890325345903e-01,-8.008320879901296152e-01,5.985782222516438100e-01,-6.239662425401465429e-01,-7.200041419233935702e-01,-3.774647335768301359e-01,-4.668062001933125371e-01,-3.028481800313378436e-01,-2.472873054599261933e-01,-3.669621702617922865e-01,-4.602362970513234064e-01,-5.183686688943279358e-02,-5.183686688943279358e-02,-7.051398600435393460e-01,-1.040941436780788015e-01,-2.030901712371240009e-02,-8.401389803667852485e-02,-3.271524934852403366e-01,-5.191945123345532709e-01,1.407679351095596942e+00,-5.752567881263277033e-02,-3.801429606348526863e-02,-1.147078669352808861e-01,-1.711160802546210780e-01,-7.340709118518067011e-02,-7.197411700355742237e-02,-1.244624194945742751e-01,-7.051263942166730025e-02,-2.872721242393142319e-02,-2.030901712371240009e-02,-2.019004323808653023e-01,-1.435916317235476011e-02,-1.435916317235476011e-02,-5.183686688943279358e-02,-3.801429606348527557e-02,-3.801429606348527557e-02,-1.558271304830920190e-01,-4.064318733121485144e-02,-8.148853797899899276e-02,-1.210011918676099085e-01,-5.569323991926412171e-02,-7.051263942166730025e-02,-4.979810447122927364e-02,-3.212131358814808435e-02,-2.030901712371240009e-02,-3.801429606348527557e-02,-6.749673070628271765e-02,-3.519076715388935045e-02,-1.435916317235476185e-02,-3.524455202264515918e-01,-3.753330286669139260e-01,-2.907009498669055336e-01,-4.311306135592269523e-02,-3.519076715388935045e-02,-3.801429606348527557e-02,-1.435916317235476011e-02,-1.286658602907498339e-01,-4.767312946227962589e-02,5.913962991410492975e-01,-2.487592975524973576e-02,-4.967123990818995694e-01,-1.786283982422259831e-01,-4.979810447122926670e-02,5.840947806181536750e-01,-2.030901712371240009e-02,-4.892821642774447533e-01,-1.767766952966368654e-01
-3.946917952970683818e-01,4.047385190264539689e-01,-5.507016019503075954e-01,7.082331122151057645e-01,-4.534842128890408386e-01,-8.605169026788763234e-03,5.905777172739697933e-01,-4.963069089824175273e-01,-6.493539992246850634e-01,2.339273736042306151e+00,8.414777418280475763e-01,-1.291707300149474991e+00,3.678053990323617017e-01,2.872842337197081264e-01,-1.761860997889140579e-01,-1.496522300288474598e-02,-6.959544865736890795e-01,5.333533460217053657e-01,-1.755868926298835286e-01,3.837033908878519084e-02,-4.872757218968044035e-01,-3.138334775838059199e-01,-8.921781855043895426e-01,-6.576817992877266317e-01,-9.245448483001975637e-01,-2.644978782475312235e-02,-4.720741674399969168e-01,7.953856332809684793e-02,2.474857197482411009e-01,-6.704624576600792807e-01,-4.805784352658213909e-01,0.000000000000000000e+00,0.000000000000000000e+00,-2.392467030372219805e-01,-1.057663809422624057e+00,-1.736090558870059808e-01,1.860442585757334788e+00,-2.271400074173948458e-01,1.169513956014681527e-01,6.930118755280455511e-01,2.229056864403530014e+00,-4.668062001933125371e-01,-1.992944673837013236e-01,-1.253374013974976713e-02,-3.669621702617922865e-01,-4.602362970513234064e-01,-5.183686688943279358e-02,-5.183686688943279358e-02,-7.051398600435393460e-01,-1.040941436780788015e-01,-2.030901712371240009e-02,-8.401389803667852485e-02,-3.271524934852403366e-01,-5.191945123345532709e-01,1.407679351095596942e+00,-5.752567881263277033e-02,-3.801429606348526863e-02,-1.147078669352808861e-01,-1.711160802546210780e-01,-7.340709118518067011e-02,-7.197411700355742237e-02,-1.244624194945742751e-01,-7.051263942166730025e-02,-2.872721242393142319e-02,-2.030901712371240009e-02,-2.019004323808653023e-01,-1.435916317235476011e-02,-1.435916317235476011e-02,-5.183686688943279358e-02,-3.801429606348527557e-02,-3.801429606348527557e-02,-1.558271304830920190e-01,-4.064318733121485144e-02,-8.148853797899899276e-02,-1.210011918676099085e-01,-5.569323991926412171e-02,-7.051263942166730025e-02,-4.979810447122927364e-02,-3.212131358814808435e-02,-2.030901712371240009e-02,-3.801429606348527557e-02,-6.749673070628271765e-02,-3.519076715388935045e-02,-1.435916317235476185e-02,-3.524455202264515918e-01,-3.753330286669139260e-01,-2.907009498669055336e-01,-4.311306135592269523e-02,-3.519076715388935045e-02,-3.801429606348527557e-02,-1.435916317235476011e-02,-1.286658602907498339e-01,-4.767312946227962589e-02,5.913962991410492975e-01,-2.487592975524973576e-02,-4.967123990818995694e-01,-1.786283982422259831e-01,-4.979810447122926670e-02,5.840947806181536750e-01,-2.030901712371240009e-02,-4.892821642774447533e-01,-1.767766952966368654e-01
-1.199393474613516947e-01,2.800865631300469172e+00,-5.507016019503075954e-01,7.082331122151057645e-01,9.816073891233129123e-01,-9.051617615730208621e-01,3.852314916320680460e+00,-4.963069089824175273e-01,4.015608977804484780e+00,-6.302706439077716549e-01,8.414777418280475763e-01,6.788889985410339056e-01,-1.093672880366226119e+00,4.488498808911660365e-02,1.888272549307201120e-01,6.427588701975132102e-01,4.323751863546776431e-01,1.093778706646534093e+00,2.913482987896490961e+00,-8.697276860124680820e-02,-4.872757218968044035e-01,-6.292804948981121915e-02,3.810443930399191048e-01,-1.025853840684707752e+00,-7.386587407837015284e-01,-1.457706121515000008e+00,-2.482415229036441240e-01,-1.773242088314630704e+00,-1.202811734101178587e+00,-8.427392404403666326e-01,-4.805784352658213909e-01,0.000000000000000000e+00,0.000000000000000000e+00,-2.392467030372219805e-01,1.213393822839661657e-01,4.230452339520751615e-01,-1.486936850127237308e+00,-1.031480418842575020e+00,-8.356569962948936503e-01,-2.489988027729138353e-01,-3.774647335768301359e-01,-4.668062001933125371e-01,-1.027724168564793761e+00,-9.515480014204554804e-01,-3.669621702617922865e-01,-4.602362970513234064e-01,-5.183686688943279358e-02,-5.183686688943279358e-02,-7.051398600435393460e-01,-1.040941436780788015e-01,-2.030901712371240009e-02,-8.401389803667852485e-02,-3.271524934852403366e-01,-5.191945123345532709e-01,1.407679351095596942e+00,-5.752567881263277033e-02,-3.801429606348526863e-02,-1.147078669352808861e-01,-1.711160802546210780e-01,-7.340709118518067011e-02,-7.197411700355742237e-02,-1.244624194945742751e-01,-7.051263942166730025e-02,-2.872721242393142319e-02,-2.030901712371240009e-02,-2.019004323808653023e-01,-1.435916317235476011e-02,-1.435916317235476011e-02,-5.183686688943279358e-02,-3.801429606348527557e-02,-3.801429606348527557e-02,-1.558271304830920190e-01,-4.064318733121485144e-02,-8.148853797899899276e-02,-1.210011918676099085e-01,-5.569323991926412171e-02,-7.051263942166730025e-02,-4.979810447122927364e-02,-3.212131358814808435e-02,-2.030901712371240009e-02,-3.801429606348527557e-02,-6.749673070628271765e-02,-3.519076715388935045e-02,-1.435916317235476185e-02,-3.524455202264515918e-01,-3.753330286669139260e-01,-2.907009498669055336e-01,-4.311306135592269523e-02,-3.519076715388935045e-02,-3.801429606348527557e-02,-1.435916317235476011e-02,-1.286658602907498339e-01,-4.767312946227962589e-02,5.913962991410492975e-01,-2.487592975524973576e-02,-4.967123990818995694e-01,-1.786283982422259831e-01,-4.979810447122926670e-02,5.840947806181536750e-01,-2.030901712371240009e-02,-4.892821642774447533e-01,-1.767766952966368654e-01
-9.822418824207683752e-01,-5.537123258831522232e-01,-5.507016019503075954e-01,7.082331122151057645e-01,2.999388781674448556e-01,4.934665227991011927e-01,-4.966680157416004104e-01,-4.963069089824175273e-01,-6.493539992246850634e-01,-6.302706439077716549e-01,8.414777418280475763e-01,-3.064091508042205425e-01,-6.427912835304915307e-01,-5.650227912394683027e-01,-1.179972825267908032e+00,2.316813119472644900e-01,-8.087874538665257296e-01,2.868459015291825676e+00,-2.223909817287680335e-01,3.726186262622038226e-01,-6.362483984730694930e-02,-5.647389056778006067e-01,-6.193447758163234118e-01,-5.793473223947518402e-01,4.885689282282582209e-03,1.236423447784288365e+00,1.994237661690613783e-01,1.144887438022665238e+00,1.622638227802354116e+00,4.493366304117883403e-01,-5.809668599935657873e-02,0.000000000000000000e+00,0.000000000000000000e+00,1.473574796521728292e-01,-4.681622135693289666e-01,-7.702633457260871230e-01,4.607364965883117280e-01,-8.297272591661593033e-01,6.461782799883358797e-01,4.575092059528056976e-01,-3.774647335768301359e-01,-4.668062001933125371e-01,4.220278085021179071e-01,9.264805211409559149e-01,-3.669621702617922865e-01,-4.602362970513234064e-01,-5.183686688943279358e-02,-5.183686688943279358e-02,-7.051398600435393460e-01,-1.040941436780788015e-01,-2.030901712371240009e-02,-8.401389803667852485e-02,-3.271524934852403366e-01,-5.191945123345532709e-01,1.407679351095596942e+00,-5.752567881263277033e-02,-3.801429606348526863e-02,-1.147078669352808861e-01,-1.711160802546210780e-01,-7.340709118518067011e-02,-7.197411700355742237e-02,-1.244624194945742751e-01,-7.051263942166730025e-02,-2.872721242393142319e-02,-2.030901712371240009e-02,-2.019004323808653023e-01,-1.435916317235476011e-02,-1.435916317235476011e-02,-5.183686688943279358e-02,-3.801429606348527557e-02,-3.801429606348527557e-02,-1.558271304830920190e-01,-4.064318733121485144e-02,-8.148853797899899276e-02,-1.210011918676099085e-01,-5.569323991926412171e-02,-7.051263942166730025e-02,-4.979810447122927364e-02,-3.212131358814808435e-02,-2.030901712371240009e-02,-3.801429606348527557e-02,-6.749673070628271765e-02,-3.519076715388935045e-02,-1.435916317235476185e-02,-3.524455202264515918e-01,-3.753330286669139260e-01,-2.907009498669055336e-01,-4.311306135592269523e-02,-3.519076715388935045e-02,-3.801429606348527557e-02,-1.435916317235476011e-02,-1.286658602907498339e-01,-4.767312946227962589e-02,5.913962991410492975e-01,-2.487592975524973576e-02,-4.967123990818995694e-01,-1.786283982422259831e-01,-4.979810447122926670e-02,5.840947806181536750e-01,-2.030901712371240009e-02,-4.892821642774447533e-01,-1.767766952966368654e-01
-1.329611021767550305e+00,-5.537123258831522232e-01,4.511560658017802483e-01,-2.878929612425566442e-01,-2.295673228533472165e-02,-2.955032786415830448e-01,-4.966680157416004104e-01,-4.963069089824175273e-01,-6.493539992246850634e-01,1.151455984062275117e+00,-8.773566466049899093e-01,-6.008461346790693741e-02,-7.516247724218757531e-01,2.030994936159124187e+00,1.740134012489165327e+00,2.040422568248358992e+00,-8.087874538665257296e-01,-1.801752323248414722e+00,-1.236479578871264806e+00,-2.384929742918500128e+00,9.248938849348538049e-01,-6.292804948981121915e-02,1.047970505610747782e+00,-8.535179915201633882e-01,-3.668865257507094579e-01,-2.644978782475312235e-02,-3.601578451718204787e-01,-8.468517624932668797e-01,-2.108984496031298117e-01,-1.015016023220653985e+00,1.491003061311014344e+00,0.000000000000000000e+00,0.000000000000000000e+00,1.307170027720357286e+00,7.108409781372613256e-01,1.247180890325345903e-01,9.746603880745994264e-01,-2.298122346978771768e-01,1.069559787497829983e+00,-7.200041419233935702e-01,9.257960654133498002e-01,-4.668062001933125371e-01,8.362426590926641534e-01,2.569755478382190983e+00,2.194380977853250148e+00,-4.602362970513234064e-01,-5.183686688943279358e-02,-5.183686688943279358e-02,1.418158377741196352e+00,-1.040941436780788015e-01,-2.030901712371240009e-02,-8.401389803667852485e-02,-3.271524934852403366e-01,-5.191945123345532709e-01,-7.103890521813077674e-01,-5.752567881263277033e-02,-3.801429606348526863e-02,-1.147078669352808861e-01,-1.711160802546210780e-01,-7.340709118518067011e-02,-7.197411700355742237e-02,-1.244624194945742751e-01,-7.051263942166730025e-02,-2.872721242393142319e-02,-2.030901712371240009e-02,-2.019004323808653023e-01,-1.435916317235476011e-02,-1.435916317235476011e-02,-5.183686688943279358e-02,-3.801429606348527557e-02,-3.801429606348527557e-02,-1.558271304830920190e-01,-4.064318733121485144e-02,-8.148853797899899276e-02,-1.210011918676099085e-01,-5.569323991926412171e-02,-7.051263942166730025e-02,-4.979810447122927364e-02,-3.212131358814808435e-02,-2.030901712371240009e-02,-3.801429606348527557e-02,-6.749673070628271765e-02,-3.519076715388935045e-02,-1.435916317235476185e-02,-3.524455202264515918e-01,2.664300564093018409e+00,-2.907009498669055336e-01,-4.311306135592269523e-02,-3.519076715388935045e-02,-3.801429606348527557e-02,-1.435916317235476011e-02,-1.286658602907498339e-01,-4.767312946227962589e-02,5.913962991410492975e-01,-2.487592975524973576e-02,-4.967123990818995694e-01,-1.786283982422259831e-01,-4.979810447122926670e-02,5.840947806181536750e-01,-2.030901712371240009e-02,-4.892821642774447533e-01,-1.767766952966368654e-01
6.363328930593566968e-01,-5.537123258831522232e-01,-5.507016019503075954e-01,7.082331122151057645e-01,-1.664658924865700940e-01,-1.879164875360351816e-01,-4.966680157416004104e-01,6.573034482162921632e-01,1.100007117161253767e+00,-3.636176791775609651e-02,8.414777418280475763e-01,-1.045382762813161337e+00,-5.572792565444040225e-01,-7.761447148532092388e-01,-1.761860997889140579e-01,6.427588701975132102e-01,8.837070555260241322e-01,1.597364389384861028e-01,1.751181441940859784e+00,2.054944826754944998e-01,-7.697096432631360674e-01,-1.317455189959784834e+00,-1.494650146868760632e-01,-6.576817992877266317e-01,-8.805736447596543282e-02,5.774176121584963933e-02,-2.440887836729143182e-02,-1.983785344183122967e-01,1.246913498825820366e+00,5.354750218019320718e-01,-1.043887434287774418e+00,0.000000000000000000e+00,0.000000000000000000e+00,-2.392467030372219805e-01,-1.057663809422624057e+00,-1.665244780484708809e+00,-1.330468302273450476e+00,-5.003752468467126402e-01,6.461782799883358797e-01,-1.349613319767399566e-02,9.257960654133498002e-01,-4.668062001933125371e-01,7.812957911571764835e-03,9.264805211409559149e-01,-3.669621702617922865e-01,1.739375798511208382e+00,-5.183686688943279358e-02,-5.183686688943279358e-02,-7.051398600435393460e-01,-1.040941436780788015e-01,-2.030901712371240009e-02,-8.401389803667852485e-02,-3.271524934852403366e-01,-5.191945123345532709e-01,1.407679351095596942e+00,-5.752567881263277033e-02,-3.801429606348526863e-02,-1.147078669352808861e-01,-1.711160802546210780e-01,-7.340709118518067011e-02,-7.197411700355742237e-02,-1.244624194945742751e-01,-7.051263942166730025e-02,-2.872721242393142319e-02,-2.030901712371240009e-02,-2.019004323808653023e-01,-1.435916317235476011e-02,-1.435916317235476011e-02,-5.183686688943279358e-02,-3.801429606348527557e-02,-3.801429606348527557e-02,-1.558271304830920190e-01,-4.064318733121485144e-02,-8.148853797899899276e-02,-1.210011918676099085e-01,-5.569323991926412171e-02,-7.051263942166730025e-02,-4.979810447122927364e-02,-3.212131358814808435e-02,-2.030901712371240009e-02,-3.801429606348527557e-02,-6.749673070628271765e-02,-3.519076715388935045e-02,-1.435916317235476185e-02,-3.524455202264515918e-01,-3.753330286669139260e-01,-2.907009498669055336e-01,-4.311306135592269523e-02,-3.519076715388935045e-02,-3.801429606348527557e-02,-1.435916317235476011e-02,-1.286658602907498339e-01,-4.767312946227962589e-02,5.913962991410492975e-01,-2.487592975524973576e-02,-4.967123990818995694e-01,-1.786283982422259831e-01,-4.979810447122926670e-02,5.840947806181536750e-01,-2.030901712371240009e-02,-4.892821642774447533e-01,-1.767766952966368654e-01
6.101975006704083437e-01,-5.537123258831522232e-01,-5.507016019503075954e-01,-1.284019034700219164e+00,-9.557662735933646347e-01,-5.106768608526787157e-01,-4.966680157416004104e-01,-4.963069089824175273e-01,-6.493539992246850634e-01,-6.302706439077716549e-01,-1.884533288248208205e+00,9.252135358773474483e-01,-3.643327399277963147e-02,2.012715981733693149e-01,-5.411994545085482278e-01,3.961123352473639447e-01,-1.895668281666913063e-02,2.998427790946933125e-01,-3.159991599265370432e-01,2.054944826754944998e-01,3.600260422021904771e-01,-6.292804948981121915e-02,1.309471008258587255e-01,7.082883581693830144e-02,1.120202334381258824e+00,-1.948328859059586526e-01,-8.078231342445260088e-01,8.669703402762560795e-01,-3.085868791370286468e-01,-1.015016023220653985e+00,9.276940622890612609e-01,0.000000000000000000e+00,0.000000000000000000e+00,9.205658450309623930e-01,1.005591776063908815e+00,4.230452339520751615e-01,4.240744100619013857e-01,1.315403190241027698e+00,-9.473935815327891308e-02,6.930118755280455511e-01,2.229056864403530014e+00,-4.668062001933125371e-01,-5.099556053266109945e-01,2.222198251804266556e-01,9.137094037957288473e-01,3.938987894073740392e+00,-5.183686688943279358e-02,-5.183686688943279358e-02,1.418158377741196352e+00,-1.040941436780788015e-01,-2.030901712371240009e-02,-8.401389803667852485e-02,-3.271524934852403366e-01,-5.191945123345532709e-01,-7.103890521813077674e-01,-5.752567881263277033e-02,-3.801429606348526863e-02,-1.147078669352808861e-01,-1.711160802546210780e-01,-7.340709118518067011e-02,-7.197411700355742237e-02,-1.244624194945742751e-01,-7.051263942166730025e-02,-2.872721242393142319e-02,-2.030901712371240009e-02,-2.019004323808653023e-01,-1.435916317235476011e-02,-1.435916317235476011e-02,-5.183686688943279358e-02,-3.801429606348527557e-02,-3.801429606348527557e-02,-1.558271304830920190e-01,-4.064318733121485144e-02,-8.148853797899899276e-02,-1.210011918676099085e-01,-5.569323991926412171e-02,-7.051263942166730025e-02,-4.979810447122927364e-02,-3.212131358814808435e-02,-2.030901712371240009e-02,-3.801429606348527557e-02,-6.749673070628271765e-02,-3.519076715388935045e-02,-1.435916317235476185e-02,2.837317947345407543e+00,-3.753330286669139260e-01,-2.907009498669055336e-01,-4.311306135592269523e-02,-3.519076715388935045e-02,-3.801429606348527557e-02,-1.435916317235476011e-02,-1.286658602907498339e-01,-4.767312946227962589e-02,5.913962991410492975e-01,-2.487592975524973576e-02,-4.967123990818995694e-01,-1.786283982422259831e-01,-4.979810447122926670e-02,5.840947806181536750e-01,-2.030901712371240009e-02,-4.892821642774447533e-01,-1.767766952966368654e-01
-9.883621958283068665e-01,4.047385190264539689e-01,-5.507016019503075954e-01,7.082331122151057645e-01,1.555644029928254346e+00,6.369155776064983066e-01,-4.966680157416004104e-01,-4.963069089824175273e-01,5.168867450326074531e-01,-6.302706439077716549e-01,8.414777418280475763e-01,-1.291707300149474991e+00,-3.551599200318334981e-01,1.100494606157821798e+00,-7.237061318683652988e-01,1.136051940097811741e+00,-8.087874538665257296e-01,1.093778706646534093e+00,7.136908002489211755e-01,1.082896236505718424e+00,-1.334577485995799284e+00,-1.317455189959784834e+00,5.932481561306374163e-01,5.956698309998688101e-01,-1.810004182342134504e-01,4.786995064188634408e-01,-8.078231342445260088e-01,-3.836565995825850228e-01,-4.513622761481113632e-01,2.339906519364291781e-01,-1.325541933798751071e+00,0.000000000000000000e+00,0.000000000000000000e+00,-2.558871799173590755e+00,-1.941916203202566749e+00,-1.068590490645627611e+00,7.893859150929186663e-01,1.235236371826557988e+00,-1.364883880681761363e+00,-1.191009481073873166e+00,-3.774647335768301359e-01,-4.668062001933125371e-01,-8.206167432695206099e-01,-7.167944361002790421e-01,-3.669621702617922865e-01,-4.602362970513234064e-01,-5.183686688943279358e-02,-5.183686688943279358e-02,-7.051398600435393460e-01,-1.040941436780788015e-01,-2.030901712371240009e-02,-8.401389803667852485e-02,-3.271524934852403366e-01,-5.191945123345532709e-01,1.407679351095596942e+00,-5.752567881263277033e-02,-3.801429606348526863e-02,-1.147078669352808861e-01,-1.711160802546210780e-01,-7.340709118518067011e-02,-7.197411700355742237e-02,-1.244624194945742751e-01,-7.051263942166730025e-02,-2.872721242393142319e-02,-2.030901712371240009e-02,-2.019004323808653023e-01,-1.435916317235476011e-02,-1.435916317235476011e-02,-5.183686688943279358e-02,-3.801429606348527557e-02,-3.801429606348527557e-02,-1.558271304830920190e-01,-4.064318733121485144e-02,-8.148853797899899276e-02,-1.210011918676099085e-01,-5.569323991926412171e-02,-7.051263942166730025e-02,-4.979810447122927364e-02,-3.212131358814808435e-02,-2.030901712371240009e-02,-3.801429606348527557e-02,-6.749673070628271765e-02,-3.519076715388935045e-02,-1.435916317235476185e-02,-3.524455202264515918e-01,-3.753330286669139260e-01,-2.907009498669055336e-01,-4.311306135592269523e-02,-3.519076715388935045e-02,-3.801429606348527557e-02,-1.435916317235476011e-02,-1.286658602907498339e-01,-4.767312946227962589e-02,-1.690913523558418063e+00,-2.487592975524973576e-02,-4.967123990818995694e-01,-1.786283982422259831e-01,-4.979810447122926670e-02,5.840947806181536750e-01,-2.030901712371240009e-02,-4.892821642774447533e-01,-1.767766952966368654e-01
-7.306473772081704121e-01,-7.448690342834912714e-02,2.454871401305955825e+00,7.082331122151057645e-01,-4.893615029393497129e-01,-3.672278060452816018e-01,2.765069183305110201e+00,6.573034482162921632e-01,1.100007117161253767e+00,-3.636176791775609651e-02,8.414777418280475763e-01,1.417862610549974756e+00,-3.085169962212402361e-01,-8.308800283826976996e-01,-3.586927771487311012e-01,-3.438272696030836850e-01,2.067092517690042597e-01,1.373991386958948624e+00,3.236567244248839681e-01,9.993341647123638039e-01,3.600260422021904771e-01,1.191599090980162368e+00,-1.267288972128707003e-01,-1.135522108334872327e+00,4.885689282282582209e-03,-4.474075330277669238e-01,-1.363252006354677692e-01,-1.078449343948607808e+00,-5.565652002615407712e-01,-1.488777175866444091e+00,-5.809668599935657873e-02,0.000000000000000000e+00,0.000000000000000000e+00,1.473574796521728292e-01,1.005591776063908815e+00,7.213723788716157603e-01,2.623684212757700918e-01,7.455507226781717955e-01,3.286421493562152185e-01,2.220065363775658440e-01,-3.774647335768301359e-01,-4.668062001933125371e-01,7.326889464450275780e-01,2.222198251804266556e-01,-3.669621702617922865e-01,1.739375798511208382e+00,-5.183686688943279358e-02,-5.183686688943279358e-02,-7.051398600435393460e-01,-1.040941436780788015e-01,-2.030901712371240009e-02,-8.401389803667852485e-02,-3.271524934852403366e-01,-5.191945123345532709e-01,1.407679351095596942e+00,-5.752567881263277033e-02,-3.801429606348526863e-02,-1.147078669352808861e-01,-1.711160802546210780e-01,-7.340709118518067011e-02,-7.197411700355742237e-02,-1.244624194945742751e-01,-7.051263942166730025e-02,-2.872721242393142319e-02,-2.030901712371240009e-02,-2.019004323808653023e-01,-1.435916317235476011e-02,-1.435916317235476011e-02,-5.183686688943279358e-02,-3.801429606348527557e-02,-3.801429606348527557e-02,-1.558271304830920190e-01,-4.064318733121485144e-02,-8.148853797899899276e-02,-1.210011918676099085e-01,-5.569323991926412171e-02,-7.051263942166730025e-02,-4.979810447122927364e-02,-3.212131358814808435e-02,-2.030901712371240009e-02,-3.801429606348527557e-02,-6.749673070628271765e-02,-3.519076715388935045e-02,-1.435916317235476185e-02,-3.524455202264515918e-01,-3.753330286669139260e-01,-2.907009498669055336e-01,-4.311306135592269523e-02,-3.519076715388935045e-02,-3.801429606348527557e-02,-1.435916317235476011e-02,-1.286658602907498339e-01,-4.767312946227962589e-02,5.913962991410492975e-01,-2.487592975524973576e-02,-4.967123990818995694e-01,-1.786283982422259831e-01,-4.979810447122926670e-02,5.840947806181536750e-01,-2.030901712371240009e-02,-4.892821642774447533e-01,-1.767766952966368654e-01
-4.236023967390369765e-02,-7.448690342834912714e-02,-5.507016019503075954e-01,7.082331122151057645e-01,3.716934582680625487e-01,3.141552042898547725e-01,-4.966680157416004104e-01,-4.963069089824175273e-01,2.849368233547192375e+00,-6.302706439077716549e-01,8.414777418280475763e-01,-6.008461346790693741e-02,-3.643327399277963147e-02,-8.804363048249802537e-02,-3.586927771487311012e-01,2.316813119472644900e-01,-5.831215192808524295e-01,1.130343255530836949e-01,3.548594504908069713e-01,1.219324108821398522e-01,-4.872757218968044035e-01,6.897882347921728829e-01,-4.677706593229531973e-01,7.601722324751156723e-01,3.766579043152746276e-01,8.996572516218772630e-01,-5.839904897081731328e-01,3.111361447834378180e-01,-8.270870051246449473e-01,-1.536321093192173082e-01,-4.805784352658213909e-01,0.000000000000000000e+00,0.000000000000000000e+00,-2.392467030372219805e-01,-7.629130114959765674e-01,7.213723788716157603e-01,-1.147273258530219497e-01,1.173107087555343986e+00,-2.005847350306524668e-01,2.220065363775658440e-01,-3.774647335768301359e-01,1.696017942249628430e+00,-1.992944673837013236e-01,4.569733905006030938e-01,-3.669621702617922865e-01,1.739375798511208382e+00,-5.183686688943279358e-02,-5.183686688943279358e-02,-7.051398600435393460e-01,-1.040941436780788015e-01,-2.030901712371240009e-02,-8.401389803667852485e-02,-3.271524934852403366e-01,-5.191945123345532709e-01,1.407679351095596942e+00,-5.752567881263277033e-02,-3.801429606348526863e-02,-1.147078669352808861e-01,-1.711160802546210780e-01,-7.340709118518067011e-02,-7.197411700355742237e-02,-1.244624194945742751e-01,-7.051263942166730025e-02,-2.872721242393142319e-02,-2.030901712371240009e-02,-2.019004323808653023e-01,-1.435916317235476011e-02,-1.435916317235476011e-02,-5.183686688943279358e-02,-3.801429606348527557e-02,-3.801429606348527557e-02,-1.558271304830920190e-01,-4.064318733121485144e-02,-8.148853797899899276e-02,-1.210011918676099085e-01,-5.569323991926412171e-02,-7.051263942166730025e-02,-4.979810447122927364e-02,-3.212131358814808435e-02,-2.030901712371240009e-02,-3.801429606348527557e-02,-6.749673070628271765e-02,-3.519076715388935045e-02,-1.435916317235476185e-02,-3.524455202264515918e-01,-3.753330286669139260e-01,-2.907009498669055336e-01,-4.311306135592269523e-02,-3.519076715388935045e-02,-3.801429606348527557e-02,-1.435916317235476011e-02,-1.286658602907498339e-01,-4.767312946227962589e-02,-1.690913523558418063e+00,-2.487592975524973576e-02,-4.967123990818995694e-01,5.598214000911362120e+00,-4.979810447122926670e-02,5.840947806181536750e-01,-2.030901712371240009e-02,-4.892821642774447533e-01,-1.767766952966368654e-01
-7.228729250418377550e-01,-5.537123258831522232e-01,-5.507016019503075954e-01,-1.284019034700219164e+00,-1.099275433794600021e+00,-9.410240252748701684e-01,-4.966680157416004104e-01,-4.963069089824175273e-01,-6.493539992246850634e-01,-6.302706439077716549e-01,-1.872471292539906296e+00,1.910511685222601841e+00,-2.541002517755479029e-01,-1.128014587542777614e+00,9.188539643699884518e-01,-6.726893162032826501e-01,1.447871891990207383e+00,-1.054518509081976418e+00,-1.209821220145184534e-01,-9.225934865347934499e-01,3.600260422021904771e-01,4.388828066981781961e-01,-4.677706593229531973e-01,-3.678442347837201365e-01,4.885689282282582209e-03,4.786995064188634408e-01,7.590053775099431244e-01,-2.910175670004486737e-01,6.457539324633667643e-01,1.864467346107001947e-02,9.276940622890612609e-01,0.000000000000000000e+00,0.000000000000000000e+00,5.339616623415676111e-01,1.300342573990556527e+00,4.230452339520751615e-01,1.711175519185521354e+00,-1.910649391308834322e-01,8.578690337430828761e-01,2.106027892979484673e+00,-3.774647335768301359e-01,-4.668062001933125371e-01,-8.206167432695206099e-01,-2.472873054599261933e-01,-3.669621702617922865e-01,1.739375798511208382e+00,-5.183686688943279358e-02,-5.183686688943279358e-02,1.418158377741196352e+00,-1.040941436780788015e-01,-2.030901712371240009e-02,-8.401389803667852485e-02,-3.271524934852403366e-01,-5.191945123345532709e-01,-7.103890521813077674e-01,-5.752567881263277033e-02,-3.801429606348526863e-02,-1.147078669352808861e-01,-1.711160802546210780e-01,-7.340709118518067011e-02,-7.197411700355742237e-02,-1.244624194945742751e-01,-7.051263942166730025e-02,-2.872721242393142319e-02,-2.030901712371240009e-02,-2.019004323808653023e-01,-1.435916317235476011e-02,-1.435916317235476011e-02,-5.183686688943279358e-02,-3.801429606348527557e-02,-3.801429606348527557e-02,-1.558271304830920190e-01,-4.064318733121485144e-02,-8.148853797899899276e-02,-1.210011918676099085e-01,-5.569323991926412171e-02,-7.051263942166730025e-02,-4.979810447122927364e-02,-3.212131358814808435e-02,-2.030901712371240009e-02,-3.801429606348527557e-02,-6.749673070628271765e-02,-3.519076715388935045e-02,-1.435916317235476185e-02,2.837317947345407543e+00,-3.753330286669139260e-01,-2.907009498669055336e-01,-4.311306135592269523e-02,-3.519076715388935045e-02,-3.801429606348527557e-02,-1.435916317235476011e-02,-1.286658602907498339e-01,-4.767312946227962589e-02,5.913962991410492975e-01,-2.487592975524973576e-02,-4.967123990818995694e-01,-1.786283982422259831e-01,-4.979810447122926670e-02,-1.712050908829709783e+00,-2.030901712371240009e-02,2.043810449286999731e+00,-1.767766952966368654e-01
-3.951880369247066094e-01,4.238541898664879071e+00,-5.507016019503075954e-01,7.082331122151057645e-01,8.739755189723863449e-01,-6.899881793619251358e-01,3.852314916320680460e+00,-4.963069089824175273e-01,5.168867450326074531e-01,-3.636176791775609651e-02,8.414777418280475763e-01,-1.538031837485788644e+00,-3.707075613020312521e-01,-3.304428761130895897e-01,9.757391625081156261e-02,1.494658002972147348e-01,4.323751863546776431e-01,-7.276037153841595773e-01,-7.528373248494586445e-01,-5.465641634646974945e-01,-1.334577485995799284e+00,-1.317455189959784834e+00,4.795675687606099080e-01,-7.986838576950811008e-01,9.782874304053058856e-02,-9.525568272713834661e-01,-8.078231342445260088e-01,-1.032129827657539689e+00,-7.970290268065223227e-01,-1.015016023220653985e+00,-1.325541933798751071e+00,0.000000000000000000e+00,0.000000000000000000e+00,-1.399059251105406521e+00,-1.352414607349271769e+00,-1.366917635565168210e+00,8.201558805704416422e-01,4.756557673494568594e-01,1.169513956014681527e-01,-1.349613319767399566e-02,-3.774647335768301359e-01,-4.668062001933125371e-01,-5.099556053266109945e-01,-9.515480014204554804e-01,-3.669621702617922865e-01,-4.602362970513234064e-01,-5.183686688943279358e-02,-5.183686688943279358e-02,-7.051398600435393460e-01,-1.040941436780788015e-01,-2.030901712371240009e-02,-8.401389803667852485e-02,-3.271524934852403366e-01,-5.191945123345532709e-01,1.407679351095596942e+00,-5.752567881263277033e-02,-3.801429606348526863e-02,-1.147078669352808861e-01,-1.711160802546210780e-01,-7.340709118518067011e-02,-7.197411700355742237e-02,-1.244624194945742751e-01,-7.051263942166730025e-02,-2.872721242393142319e-02,-2.030901712371240009e-02,-2.019004323808653023e-01,-1.435916317235476011e-02,-1.435916317235476011e-02,-5.183686688943279358e-02,-3.801429606348527557e-02,-3.801429606348527557e-02,-1.558271304830920190e-01,-4.064318733121485144e-02,-8.148853797899899276e-02,-1.210011918676099085e-01,-5.569323991926412171e-02,-7.051263942166730025e-02,-4.979810447122927364e-02,-3.212131358814808435e-02,-2.030901712371240009e-02,-3.801429606348527557e-02,-6.749673070628271765e-02,-3.519076715388935045e-02,-1.435916317235476185e-02,-3.524455202264515918e-01,-3.753330286669139260e-01,-2.907009498669055336e-01,-4.311306135592269523e-02,-3.519076715388935045e-02,-3.801429606348527557e-02,-1.435916317235476011e-02,-1.286658602907498339e-01,-4.767312946227962589e-02,5.913962991410492975e-01,-2.487592975524973576e-02,-4.967123990818995694e-01,-1.786283982422259831e-01,-4.979810447122926670e-02,-1.712050908829709783e+00,-2.030901712371240009e-02,2.043810449286999731e+00,-1.767766952966368654e-01
-1.145174550161996985e+00,-5.537123258831522232e-01,-5.507016019503075954e-01,-1.284019034700219164e+00,-7.763798233418204298e-01,-7.617127067656237482e-01,-4.966680157416004104e-01,-4.963069089824175273e-01,-6.493539992246850634e-01,-6.302706439077716549e-01,-3.285358418772480471e-01,-5.527336881405341407e-01,3.989006815727572652e-01,1.843331004058021083e+00,-2.674394384688225657e-01,5.605433585474633995e-01,3.195422190618408820e-01,-2.605825815301355264e-01,1.910451386447113709e-01,9.575531288156864385e-01,-4.872757218968044035e-01,6.897882347921728829e-01,8.736602716433718996e-01,8.150063663001978487e-01,4.885689282282582209e-03,4.786995064188634408e-01,-6.959068119763496263e-01,3.574556610745059926e-01,-8.571449834427676828e-01,1.009236174447722290e+00,-4.805784352658213909e-01,0.000000000000000000e+00,0.000000000000000000e+00,-2.392467030372219805e-01,-1.734114156426813935e-01,1.247180890325345903e-01,6.649966929497407309e-01,-3.179957349537939071e-01,1.110601872409461635e-02,2.220065363775658440e-01,9.257960654133498002e-01,-4.668062001933125371e-01,2.149203832068448394e-01,-1.253374013974976713e-02,-3.669621702617922865e-01,-4.602362970513234064e-01,-5.183686688943279358e-02,-5.183686688943279358e-02,1.418158377741196352e+00,-1.040941436780788015e-01,-2.030901712371240009e-02,-8.401389803667852485e-02,-3.271524934852403366e-01,-5.191945123345532709e-01,-7.103890521813077674e-01,-5.752567881263277033e-02,-3.801429606348526863e-02,-1.147078669352808861e-01,-1.711160802546210780e-01,-7.340709118518067011e-02,-7.197411700355742237e-02,-1.244624194945742751e-01,-7.051263942166730025e-02,-2.872721242393142319e-02,-2.030901712371240009e-02,-2.019004323808653023e-01,-1.435916317235476011e-02,-1.435916317235476011e-02,-5.183686688943279358e-02,-3.801429606348527557e-02,-3.801429606348527557e-02,6.417367738851512016e+00,-4.064318733121485144e-02,-8.148853797899899276e-02,-1.210011918676099085e-01,-5.569323991926412171e-02,-7.051263942166730025e-02,-4.979810447122927364e-02,-3.212131358814808435e-02,-2.030901712371240009e-02,-3.801429606348527557e-02,-6.749673070628271765e-02,-3.519076715388935045e-02,-1.435916317235476185e-02,-3.524455202264515918e-01,-3.753330286669139260e-01,-2.907009498669055336e-01,-4.311306135592269523e-02,-3.519076715388935045e-02,-3.801429606348527557e-02,-1.435916317235476011e-02,-1.286658602907498339e-01,-4.767312946227962589e-02,-1.690913523558418063e+00,-2.487592975524973576e-02,2.013237442528823973e+00,-1.786283982422259831e-01,-4.979810447122926670e-02,5.840947806181536750e-01,-2.030901712371240009e-02,-4.892821642774447533e-01,-1.767766952966368654e-01
9.603786759071405443e-01,-5.537123258831522232e-01,9.520848996778241702e-01,7.082331122151057645e-01,2.640615881171360368e-01,6.311935837690980933e-02,5.905777172739697933e-01,-4.963069089824175273e-01,-6.493539992246850634e-01,1.151455984062275117e+00,8.414777418280475763e-01,-6.008461346790693741e-02,-3.862552025722290061e-01,-4.086361811552155499e-01,-6.324527931884567078e-01,-2.616117579530339854e-01,9.387628447616762351e-02,-1.801752323248414722e+00,-1.236479578871264806e+00,-6.301262352580521142e-01,-7.697096432631360674e-01,-1.066549761865789980e+00,2.673638056698915966e-01,-2.317253645463143372e-02,4.696009580735226452e-01,6.470826045000689364e-01,-1.363252006354677692e-01,1.376485019478006055e+00,1.209341025928167168e+00,1.009236174447722290e+00,-7.622329347767978769e-01,0.000000000000000000e+00,0.000000000000000000e+00,-6.258508857266168457e-01,-1.057663809422624057e+00,-1.068590490645627611e+00,-1.393972273578125476e+00,-1.074236055330292094e+00,-9.415023731722672595e-01,-1.191009481073873166e+00,-3.774647335768301359e-01,-4.668062001933125371e-01,6.291352337973910025e-01,9.264805211409559149e-01,-3.669621702617922865e-01,-4.602362970513234064e-01,-5.183686688943279358e-02,-5.183686688943279358e-02,-7.051398600435393460e-01,-1.040941436780788015e-01,-2.030901712371240009e-02,-8.401389803667852485e-02,-3.271524934852403366e-01,-5.191945123345532709e-01,1.407679351095596942e+00,-5.752567881263277033e-02,-3.801429606348526863e-02,-1.147078669352808861e-01,-1.711160802546210780e-01,-7.340709118518067011e-02,-7.197411700355742237e-02,-1.244624194945742751e-01,-7.051263942166730025e-02,-2.872721242393142319e-02,-2.030901712371240009e-02,-2.019004323808653023e-01,-1.435916317235476011e-02,-1.435916317235476011e-02,-5.183686688943279358e-02,-3.801429606348527557e-02,-3.801429606348527557e-02,-1.558271304830920190e-01,-4.064318733121485144e-02,-8.148853797899899276e-02,-1.210011918676099085e-01,-5.569323991926412171e-02,-7.051263942166730025e-02,-4.979810447122927364e-02,-3.212131358814808435e-02,-2.030901712371240009e-02,-3.801429606348527557e-02,-6.749673070628271765e-02,-3.519076715388935045e-02,-1.435916317235476185e-02,-3.524455202264515918e-01,-3.753330286669139260e-01,-2.907009498669055336e-01,-4.311306135592269523e-02,-3.519076715388935045e-02,-3.801429606348527557e-02,-1.435916317235476011e-02,-1.286658602907498339e-01,-4.767312946227962589e-02,5.913962991410492975e-01,-2.487592975524973576e-02,-4.967123990818995694e-01,-1.786283982422259831e-01,-4.979810447122926670e-02,5.840947806181536750e-01,-2.030901712371240009e-02,-4.892821642774447533e-01,-1.767766952966368654e-01
2.003809404954522311e+00,-5.537123258831522232e-01,-5.507016019503075954e-01,-1.284019034700219164e+00,-9.198889835430558160e-01,-7.975749704674730545e-01,-4.966680157416004104e-01,-4.963069089824175273e-01,-6.493539992246850634e-01,-6.302706439077716549e-01,-1.245247515708201247e+00,-5.527336881405341407e-01,-4.562195882881187603e-01,-7.370480623321462588e-01,1.888272549307201120e-01,4.783278468974136999e-01,1.673537826575880905e+00,2.531406657092908907e-01,9.087078381609396960e-01,-7.554693429480840994e-01,-7.697096432631360674e-01,-5.647389056778006067e-01,3.128360406179026554e-01,3.293326095637549300e-01,5.625440118317706073e-01,2.261248592970551696e-01,-1.363252006354677692e-01,-5.941998554510771746e-02,-3.010723845574979629e-01,-4.551164791847201463e-01,-4.805784352658213909e-01,0.000000000000000000e+00,0.000000000000000000e+00,-2.392467030372219805e-01,-1.057663809422624057e+00,-7.702633457260871230e-01,-3.117860409324774706e-01,2.819192895144882471e-01,1.387095918129950478e+00,1.635022553829005076e+00,-3.774647335768301359e-01,-4.668062001933125371e-01,4.220278085021179071e-01,1.161234086461132353e+00,9.137094037957288473e-01,-4.602362970513234064e-01,-5.183686688943279358e-02,-5.183686688943279358e-02,1.418158377741196352e+00,-1.040941436780788015e-01,-2.030901712371240009e-02,-8.401389803667852485e-02,-3.271524934852403366e-01,-5.191945123345532709e-01,-7.103890521813077674e-01,-5.752567881263277033e-02,-3.801429606348526863e-02,-1.147078669352808861e-01,-1.711160802546210780e-01,-7.340709118518067011e-02,-7.197411700355742237e-02,-1.244624194945742751e-01,-7.051263942166730025e-02,-2.872721242393142319e-02,-2.030901712371240009e-02,-2.019004323808653023e-01,-1.435916317235476011e-02,-1.435916317235476011e-02,-5.183686688943279358e-02,-3.801429606348527557e-02,-3.801429606348527557e-02,-1.558271304830920190e-01,-4.064318733121485144e-02,-8.148853797899899276e-02,-1.210011918676099085e-01,-5.569323991926412171e-02,-7.051263942166730025e-02,-4.979810447122927364e-02,-3.212131358814808435e-02,-2.030901712371240009e-02,-3.801429606348527557e-02,-6.749673070628271765e-02,-3.519076715388935045e-02,-1.435916317235476185e-02,2.837317947345407543e+00,-3.753330286669139260e-01,-2.907009498669055336e-01,-4.311306135592269523e-02,-3.519076715388935045e-02,-3.801429606348527557e-02,-1.435916317235476011e-02,-1.286658602907498339e-01,-4.767312946227962589e-02,5.913962991410492975e-01,-2.487592975524973576e-02,-4.967123990818995694e-01,-1.786283982422259831e-01,-4.979810447122926670e-02,5.840947806181536750e-01,-2.030901712371240009e-02,-4.892821642774447533e-01,-1.767766952966368654e-01
5.174003163020537421e-01,-5.537123258831522232e-01,-4.977276807426366662e-02,-2.878929612425566442e-01,8.467513786559180411e-02,3.141552042898547725e-01,-4.966680157416004104e-01,-4.963069089824175273e-01,-6.493539992246850634e-01,-3.636176791775609651e-02,-8.532326551883858690e-01,-6.008461346790693741e-02,3.678053990323617017e-01,-9.586296098671048815e-02,7.363472870101713808e-01,3.138968235973142451e-01,-8.087874538665257296e-01,-8.677100555403667315e-01,-7.138339172670549182e-01,-7.136883070514067340e-01,9.248938849348538049e-01,9.406936628861676253e-01,5.856694503059687307e-01,5.643360402426789157e-01,4.885689282282582209e-03,5.628910554594662718e-01,-8.078231342445260088e-01,-1.983785344183122967e-01,1.051536639758023028e+00,1.482997327093512396e+00,9.276940622890612609e-01,0.000000000000000000e+00,0.000000000000000000e+00,9.205658450309623930e-01,4.160901802106137248e-01,7.213723788716157603e-01,1.422461587790039950e+00,5.959059949711614790e-01,-1.153193126927014367e+00,-9.555068114986333683e-01,-3.774647335768301359e-01,-4.668062001933125371e-01,-6.135093179742474589e-01,-4.820408707801026038e-01,-3.669621702617922865e-01,-4.602362970513234064e-01,-5.183686688943279358e-02,-5.183686688943279358e-02,1.418158377741196352e+00,-1.040941436780788015e-01,-2.030901712371240009e-02,-8.401389803667852485e-02,-3.271524934852403366e-01,-5.191945123345532709e-01,-7.103890521813077674e-01,-5.752567881263277033e-02,-3.801429606348526863e-02,-1.147078669352808861e-01,-1.711160802546210780e-01,-7.340709118518067011e-02,-7.197411700355742237e-02,-1.244624194945742751e-01,-7.051263942166730025e-02,-2.872721242393142319e-02,-2.030901712371240009e-02,-2.019004323808653023e-01,-1.435916317235476011e-02,-1.435916317235476011e-02,-5.183686688943279358e-02,-3.801429606348527557e-02,-3.801429606348527557e-02,-1.558271304830920190e-01,-4.064318733121485144e-02,-8.148853797899899276e-02,-1.210011918676099085e-01,-5.569323991926412171e-02,-7.051263942166730025e-02,-4.979810447122927364e-02,-3.212131358814808435e-02,-2.030901712371240009e-02,-3.801429606348527557e-02,-6.749673070628271765e-02,-3.519076715388935045e-02,-1.435916317235476185e-02,-3.524455202264515918e-01,2.664300564093018409e+00,-2.907009498669055336e-01,-4.311306135592269523e-02,-3.519076715388935045e-02,-3.801429606348527557e-02,-1.435916317235476011e-02,-1.286658602907498339e-01,-4.767312946227962589e-02,5.913962991410492975e-01,-2.487592975524973576e-02,-4.967123990818995694e-01,-1.786283982422259831e-01,-4.979810447122926670e-02,5.840947806181536750e-01,-2.030901712371240009e-02,-4.892821642774447533e-01,-1.767766952966368654e-01
-1.675160608479658864e+00,-5.537123258831522232e-01,1.453013733553867981e+00,7.082331122151057645e-01,-6.328706631405850436e-01,-2.237787512378844601e-01,2.765069183305110201e+00,1.810913805415002020e+00,-6.623362709603883292e-02,2.339273736042306151e+00,8.414777418280475763e-01,-3.064091508042205425e-01,-1.186958727987412754e+00,-1.253123875610179683e+00,3.713339322905371831e-01,6.725028864716499355e-02,1.447871891990207383e+00,-2.138804681447331324e-01,8.463023860290936895e-01,-5.883451993613747488e-01,-6.362483984730694930e-02,9.406936628861676253e-01,-1.043752301997759702e+00,-2.816763102014480658e-01,7.484301193482666426e-01,-2.644978782475312235e-02,8.750744390088503744e-02,5.890532425298469210e-01,1.502406314529863618e+00,-2.442452223400181505e-02,-5.809668599935657873e-02,0.000000000000000000e+00,0.000000000000000000e+00,5.339616623415676111e-01,1.213393822839661657e-01,4.230452339520751615e-01,-4.021318970154172390e-01,-5.317739173923800022e-01,1.598786671884697697e+00,-2.489988027729138353e-01,-3.774647335768301359e-01,-4.668062001933125371e-01,9.397963717403006179e-01,-4.820408707801026038e-01,9.137094037957288473e-01,1.739375798511208382e+00,-5.183686688943279358e-02,-5.183686688943279358e-02,-7.051398600435393460e-01,-1.040941436780788015e-01,-2.030901712371240009e-02,-8.401389803667852485e-02,-3.271524934852403366e-01,-5.191945123345532709e-01,1.407679351095596942e+00,-5.752567881263277033e-02,-3.801429606348526863e-02,-1.147078669352808861e-01,-1.711160802546210780e-01,-7.340709118518067011e-02,-7.197411700355742237e-02,-1.244624194945742751e-01,-7.051263942166730025e-02,-2.872721242393142319e-02,-2.030901712371240009e-02,-2.019004323808653023e-01,-1.435916317235476011e-02,-1.435916317235476011e-02,-5.183686688943279358e-02,-3.801429606348527557e-02,-3.801429606348527557e-02,-1.558271304830920190e-01,-4.064318733121485144e-02,-8.148853797899899276e-02,-1.210011918676099085e-01,-5.569323991926412171e-02,-7.051263942166730025e-02,-4.979810447122927364e-02,-3.212131358814808435e-02,-2.030901712371240009e-02,-3.801429606348527557e-02,-6.749673070628271765e-02,-3.519076715388935045e-02,-1.435916317235476185e-02,-3.524455202264515918e-01,-3.753330286669139260e-01,-2.907009498669055336e-01,-4.311306135592269523e-02,-3.519076715388935045e-02,-3.801429606348527557e-02,-1.435916317235476011e-02,-1.286658602907498339e-01,-4.767312946227962589e-02,-1.690913523558418063e+00,-2.487592975524973576e-02,2.013237442528823973e+00,-1.786283982422259831e-01,-4.979810447122926670e-02,5.840947806181536750e-01,-2.030901712371240009e-02,-4.892821642774447533e-01,-1.767766952966368654e-01
7.391670170098992187e+00,-5.537123258831522232e-01,-5.507016019503075954e-01,-2.878929612425566442e-01,-9.557662735933646347e-01,-5.824013882563773281e-01,-4.966680157416004104e-01,-4.963069089824175273e-01,-6.493539992246850634e-01,-6.302706439077716549e-01,-1.540766410561600797e+00,6.788889985410339056e-01,-1.163637266082116151e+00,-1.115016219951357607e-01,1.375120657769531185e+00,3.961123352473639447e-01,-2.446226174023423960e-01,3.465448924800957342e-01,9.321098827103817541e-01,3.837033908878519084e-02,9.248938849348538049e-01,4.388828066981781961e-01,-1.104381948595107632e+00,-2.973432055800430129e-01,1.027259280623010751e+00,5.628910554594662718e-01,-3.601578451718204787e-01,1.237526470604801476e+00,-2.935578899779672790e-01,7.938901959723629886e-01,3.643850632671082335e-01,0.000000000000000000e+00,0.000000000000000000e+00,9.205658450309623930e-01,7.108409781372613256e-01,7.213723788716157603e-01,4.318766423376456665e+00,7.642563136415481129e-01,1.169513956014681527e-01,9.285145451032854602e-01,-3.774647335768301359e-01,-4.668062001933125371e-01,6.291352337973910025e-01,2.222198251804266556e-01,-3.669621702617922865e-01,-4.602362970513234064e-01,-5.183686688943279358e-02,-5.183686688943279358e-02,1.418158377741196352e+00,-1.040941436780788015e-01,-2.030901712371240009e-02,-8.401389803667852485e-02,-3.271524934852403366e-01,-5.191945123345532709e-01,-7.103890521813077674e-01,-5.752567881263277033e-02,-3.801429606348526863e-02,-1.147078669352808861e-01,-1.711160802546210780e-01,-7.340709118518067011e-02,-7.197411700355742237e-02,-1.244624194945742751e-01,-7.051263942166730025e-02,-2.872721242393142319e-02,-2.030901712371240009e-02,-2.019004323808653023e-01,-1.435916317235476011e-02,-1.435916317235476011e-02,-5.183686688943279358e-02,-3.801429606348527557e-02,-3.801429606348527557e-02,6.417367738851512016e+00,-4.064318733121485144e-02,-8.148853797899899276e-02,-1.210011918676099085e-01,-5.569323991926412171e-02,-7.051263942166730025e-02,-4.979810447122927364e-02,-3.212131358814808435e-02,-2.030901712371240009e-02,-3.801429606348527557e-02,-6.749673070628271765e-02,-3.519076715388935045e-02,-1.435916317235476185e-02,-3.524455202264515918e-01,-3.753330286669139260e-01,-2.907009498669055336e-01,-4.311306135592269523e-02,-3.519076715388935045e-02,-3.801429606348527557e-02,-1.435916317235476011e-02,-1.286658602907498339e-01,-4.767312946227962589e-02,5.913962991410492975e-01,-2.487592975524973576e-02,-4.967123990818995694e-01,-1.786283982422259831e-01,-4.979810447122926670e-02,-1.712050908829709783e+00,-2.030901712371240009e-02,2.043810449286999731e+00,-1.767766952966368654e-01
-8.955650114599522649e-01,-5.537123258831522232e-01,-4.977276807426366662e-02,7.082331122151057645e-01,-7.046252432412027922e-01,-3.672278060452816018e-01,5.905777172739697933e-01,-4.963069089824175273e-01,-6.623362709603883292e-02,5.575471080722594897e-01,-2.065463223872738396e+00,1.417862610549974756e+00,-5.106363327338107050e-01,-8.022429997828521564e-02,1.888272549307201120e-01,6.725028864716499355e-02,-1.317896501095057737e-01,1.130343255530836949e-01,-4.642121087396711143e-01,8.322100211256544533e-01,-6.362483984730694930e-02,1.879773786041834815e-01,-7.330253631863509201e-01,-1.406742517940934301e-01,1.907717967987786201e-01,8.154657025812744875e-01,-8.078231342445260088e-01,-1.057395018361759059e-01,5.180075246113453602e-01,4.062674347167165023e-01,-5.809668599935657873e-02,0.000000000000000000e+00,0.000000000000000000e+00,1.473574796521728292e-01,1.300342573990556527e+00,4.230452339520751615e-01,-8.604079785955464077e-01,2.545289598895443817e-01,-8.356569962948936503e-01,-9.555068114986333683e-01,-3.774647335768301359e-01,-4.668062001933125371e-01,-1.027724168564793761e+00,-4.820408707801026038e-01,-3.669621702617922865e-01,-4.602362970513234064e-01,-5.183686688943279358e-02,-5.183686688943279358e-02,-7.051398600435393460e-01,-1.040941436780788015e-01,-2.030901712371240009e-02,-8.401389803667852485e-02,-3.271524934852403366e-01,1.926060419058570616e+00,-7.103890521813077674e-01,-5.752567881263277033e-02,-3.801429606348526863e-02,-1.147078669352808861e-01,-1.711160802546210780e-01,-7.340709118518067011e-02,-7.197411700355742237e-02,-1.244624194945742751e-01,-7.051263942166730025e-02,-2.872721242393142319e-02,-2.030901712371240009e-02,4.952936396459016066e+00,-1.435916317235476011e-02,-1.435916317235476011e-02,-5.183686688943279358e-02,-3.801429606348527557e-02,-3.801429606348527557e-02,-1.558271304830920190e-01,-4.064318733121485144e-02,-8.148853797899899276e-02,-1.210011918676099085e-01,-5.569323991926412171e-02,-7.051263942166730025e-02,-4.979810447122927364e-02,-3.212131358814808435e-02,-2.030901712371240009e-02,-3.801429606348527557e-02,-6.749673070628271765e-02,-3.519076715388935045e-02,-1.435916317235476185e-02,-3.524455202264515918e-01,-3.753330286669139260e-01,-2.907009498669055336e-01,-4.311306135592269523e-02,-3.519076715388935045e-02,-3.801429606348527557e-02,-1.435916317235476011e-02,-1.286658602907498339e-01,-4.767312946227962589e-02,5.913962991410492975e-01,-2.487592975524973576e-02,-4.967123990818995694e-01,-1.786283982422259831e-01,-4.979810447122926670e-02,5.840947806181536750e-01,-2.030901712371240009e-02,-4.892821642774447533e-01,-1.767766952966368654e-01
-2.569020366895115037e-01,-7.448690342834912714e-02,-5.507016019503075954e-01,-2.878929612425566442e-01,-1.305886024362612474e-01,-2.237787512378844601e-01,-4.966680157416004104e-01,-4.963069089824175273e-01,-6.493539992246850634e-01,-3.636176791775609651e-02,2.986879349544566131e-01,-5.527336881405341407e-01,-4.328981263828219350e-01,2.169102591817945735e-01,2.800805936106286476e-01,4.783278468974136999e-01,-2.446226174023423960e-01,2.998427790946933125e-01,-3.237998414430177663e-01,2.472755185721718374e-01,-4.872757218968044035e-01,-5.647389056778006067e-01,3.886230988645877904e-01,1.864688356666058811e+00,-2.739434719924614403e-01,5.628910554594662718e-01,3.113400884372377608e-01,-2.446980507093804713e-01,1.723407739529344840e-01,1.009236174447722290e+00,-4.805784352658213909e-01,0.000000000000000000e+00,0.000000000000000000e+00,-2.392467030372219805e-01,-4.681622135693289666e-01,-1.736090558870059808e-01,2.459474892394218237e+00,1.702208089090844423e+00,5.403329031109622704e-01,-2.489988027729138353e-01,-3.774647335768301359e-01,-4.668062001933125371e-01,7.812957911571764835e-03,2.222198251804266556e-01,9.137094037957288473e-01,-4.602362970513234064e-01,-5.183686688943279358e-02,-5.183686688943279358e-02,1.418158377741196352e+00,-1.040941436780788015e-01,-2.030901712371240009e-02,-8.401389803667852485e-02,-3.271524934852403366e-01,-5.191945123345532709e-01,-7.103890521813077674e-01,-5.752567881263277033e-02,-3.801429606348526863e-02,-1.147078669352808861e-01,-1.711160802546210780e-01,-7.340709118518067011e-02,-7.197411700355742237e-02,-1.244624194945742751e-01,-7.051263942166730025e-02,-2.872721242393142319e-02,-2.030901712371240009e-02,-2.019004323808653023e-01,-1.435916317235476011e-02,-1.435916317235476011e-02,-5.183686688943279358e-02,-3.801429606348527557e-02,-3.801429606348527557e-02,-1.558271304830920190e-01,-4.064318733121485144e-02,-8.148853797899899276e-02,8.264381404557756383e+00,-5.569323991926412171e-02,-7.051263942166730025e-02,-4.979810447122927364e-02,-3.212131358814808435e-02,-2.030901712371240009e-02,-3.801429606348527557e-02,-6.749673070628271765e-02,-3.519076715388935045e-02,-1.435916317235476185e-02,-3.524455202264515918e-01,-3.753330286669139260e-01,-2.907009498669055336e-01,-4.311306135592269523e-02,-3.519076715388935045e-02,-3.801429606348527557e-02,-1.435916317235476011e-02,-1.286658602907498339e-01,-4.767312946227962589e-02,-1.690913523558418063e+00,-2.487592975524973576e-02,2.013237442528823973e+00,-1.786283982422259831e-01,-4.979810447122926670e-02,-1.712050908829709783e+00,-2.030901712371240009e-02,2.043810449286999731e+00,-1.767766952966368654e-01
-2.476388596402639697e-01,-5.537123258831522232e-01,-4.977276807426366662e-02,7.082331122151057645e-01,1.340380289626401433e+00,1.605196697556429131e+00,-4.966680157416004104e-01,-4.963069089824175273e-01,-6.493539992246850634e-01,-3.636176791775609651e-02,8.414777418280475763e-01,1.417862610549974756e+00,2.124688862564706682e+00,2.203020207251801921e+00,9.757391625081156261e-02,-2.616117579530339854e-01,-8.087874538665257296e-01,-1.801752323248414722e+00,-1.236479578871264806e+00,8.322100211256544533e-01,2.195846531083346154e+00,1.442504519074156999e+00,-3.465113661282573365e-01,3.136657141851599273e-01,1.584917603172498746e+00,2.261248592970551696e-01,-8.078231342445260088e-01,1.283845986895869817e+00,-4.814202544662340988e-01,-8.858084361354384706e-01,2.589455609403823022e+00,0.000000000000000000e+00,0.000000000000000000e+00,1.307170027720357286e+00,1.595093371917204017e+00,7.213723788716157603e-01,-3.268436836129674505e-01,2.371594825664092854e-01,-7.298116194175201521e-01,-2.489988027729138353e-01,-3.774647335768301359e-01,-4.668062001933125371e-01,-1.027724168564793761e+00,-1.186301566740631808e+00,-3.669621702617922865e-01,-4.602362970513234064e-01,-5.183686688943279358e-02,-5.183686688943279358e-02,-7.051398600435393460e-01,-1.040941436780788015e-01,-2.030901712371240009e-02,-8.401389803667852485e-02,-3.271524934852403366e-01,-5.191945123345532709e-01,1.407679351095596942e+00,-5.752567881263277033e-02,-3.801429606348526863e-02,-1.147078669352808861e-01,-1.711160802546210780e-01,-7.340709118518067011e-02,-7.197411700355742237e-02,-1.244624194945742751e-01,-7.051263942166730025e-02,-2.872721242393142319e-02,-2.030901712371240009e-02,-2.019004323808653023e-01,-1.435916317235476011e-02,-1.435916317235476011e-02,-5.183686688943279358e-02,-3.801429606348527557e-02,-3.801429606348527557e-02,-1.558271304830920190e-01,-4.064318733121485144e-02,-8.148853797899899276e-02,-1.210011918676099085e-01,-5.569323991926412171e-02,-7.051263942166730025e-02,-4.979810447122927364e-02,-3.212131358814808435e-02,-2.030901712371240009e-02,-3.801429606348527557e-02,-6.749673070628271765e-02,-3.519076715388935045e-02,-1.435916317235476185e-02,-3.524455202264515918e-01,-3.753330286669139260e-01,-2.907009498669055336e-01,-4.311306135592269523e-02,-3.519076715388935045e-02,-3.801429606348527557e-02,-1.435916317235476011e-02,-1.286658602907498339e-01,-4.767312946227962589e-02,5.913962991410492975e-01,-2.487592975524973576e-02,-4.967123990818995694e-01,-1.786283982422259831e-01,-4.979810447122926670e-02,-1.712050908829709783e+00,-2.030901712371240009e-02,2.043810449286999731e+00,-1.767766952966368654e-01
-4.153317029450659392e-02,-5.537123258831522232e-01,-5.507016019503075954e-01,7.082331122151057645e-01,8.467513786559180411e-02,6.727778413083476128e-01,-4.966680157416004104e-01,-4.963069089824175273e-01,-6.493539992246850634e-01,-3.636176791775609651e-02,8.414777418280475763e-01,-5.527336881405341407e-01,2.264617633996486745e+00,-8.856153419121860493e-01,-1.362479502627724992e+00,-3.438272696030836850e-01,-3.574555846951790183e-01,-1.521539642936000414e+00,-1.135070719157014851e+00,3.837033908878519084e-02,3.600260422021904771e-01,-3.138334775838059199e-01,1.385258066505270502e-01,-1.250073564154984829e-01,5.625440118317706073e-01,-5.315990820683696993e-01,-5.839904897081731328e-01,-8.468517624932668797e-01,-6.918261026930928592e-01,-5.843240662699356047e-01,-5.809668599935657873e-02,0.000000000000000000e+00,0.000000000000000000e+00,5.339616623415676111e-01,4.160901802106137248e-01,1.247180890325345903e-01,-4.990245542637874454e-01,-6.967839519621635835e-01,-9.473935815327891308e-02,4.575092059528056976e-01,-3.774647335768301359e-01,1.696017942249628430e+00,6.291352337973910025e-01,9.264805211409559149e-01,-3.669621702617922865e-01,-4.602362970513234064e-01,-5.183686688943279358e-02,-5.183686688943279358e-02,-7.051398600435393460e-01,-1.040941436780788015e-01,-2.030901712371240009e-02,-8.401389803667852485e-02,-3.271524934852403366e-01,-5.191945123345532709e-01,1.407679351095596942e+00,-5.752567881263277033e-02,-3.801429606348526863e-02,-1.147078669352808861e-01,-1.711160802546210780e-01,-7.340709118518067011e-02,-7.197411700355742237e-02,-1.244624194945742751e-01,-7.051263942166730025e-02,-2.872721242393142319e-02,-2.030901712371240009e-02,-2.019004323808653023e-01,-1.435916317235476011e-02,-1.435916317235476011e-02,-5.183686688943279358e-02,-3.801429606348527557e-02,-3.801429606348527557e-02,-1.558271304830920190e-01,-4.064318733121485144e-02,-8.148853797899899276e-02,-1.210011918676099085e-01,-5.569323991926412171e-02,-7.051263942166730025e-02,-4.979810447122927364e-02,-3.212131358814808435e-02,-2.030901712371240009e-02,-3.801429606348527557e-02,-6.749673070628271765e-02,-3.519076715388935045e-02,-1.435916317235476185e-02,-3.524455202264515918e-01,-3.753330286669139260e-01,-2.907009498669055336e-01,-4.311306135592269523e-02,-3.519076715388935045e-02,-3.801429606348527557e-02,-1.435916317235476011e-02,-1.286658602907498339e-01,-4.767312946227962589e-02,5.913962991410492975e-01,-2.487592975524973576e-02,-4.967123990818995694e-01,-1.786283982422259831e-01,-4.979810447122926670e-02,5.840947806181536750e-01,-2.030901712371240009e-02,-4.892821642774447533e-01,-1.767766952966368654e-01
-7.657151188946075271e-01,-5.537123258831522232e-01,-5.507016019503075954e-01,-1.284019034700219164e+00,-4.534842128890408386e-01,-6.899881793619251358e-01,-4.966680157416004104e-01,-4.963069089824175273e-01,-6.493539992246850634e-01,-6.302706439077716549e-01,-8.110156702093288539e-01,-6.008461346790693741e-02,1.347306799054819537e+00,2.273394181789716306e+00,5.538406096503543097e-01,-8.371203395033821604e-01,-4.702885519880157239e-01,-2.605825815301355264e-01,-1.010259814893323060e+00,-4.212210557746654538e-01,-6.362483984730694930e-02,-3.138334775838059199e-01,-1.494650146868760632e-01,-3.913445778516123630e-01,-2.739434719924614403e-01,4.786995064188634408e-01,-3.601578451718204787e-01,4.037751773655741672e-01,3.301451601230785959e-01,1.267651348618153095e+00,-5.809668599935657873e-02,0.000000000000000000e+00,0.000000000000000000e+00,1.473574796521728292e-01,4.160901802106137248e-01,-4.719362008065465242e-01,-1.153820059695649797e-01,8.845065412632526769e-01,-4.122754887853995465e-01,-2.489988027729138353e-01,-3.774647335768301359e-01,-4.668062001933125371e-01,1.354011222330846920e+00,1.865494782421661668e+00,-3.669621702617922865e-01,-4.602362970513234064e-01,-5.183686688943279358e-02,-5.183686688943279358e-02,1.418158377741196352e+00,-1.040941436780788015e-01,-2.030901712371240009e-02,-8.401389803667852485e-02,-3.271524934852403366e-01,-5.191945123345532709e-01,-7.103890521813077674e-01,-5.752567881263277033e-02,-3.801429606348526863e-02,-1.147078669352808861e-01,-1.711160802546210780e-01,-7.340709118518067011e-02,-7.197411700355742237e-02,-1.244624194945742751e-01,-7.051263942166730025e-02,-2.872721242393142319e-02,-2.030901712371240009e-02,-2.019004323808653023e-01,-1.435916317235476011e-02,-1.435916317235476011e-02,-5.183686688943279358e-02,-3.801429606348527557e-02,-3.801429606348527557e-02,-1.558271304830920190e-01,-4.064318733121485144e-02,-8.148853797899899276e-02,-1.210011918676099085e-01,-5.569323991926412171e-02,-7.051263942166730025e-02,-4.979810447122927364e-02,-3.212131358814808435e-02,-2.030901712371240009e-02,-3.801429606348527557e-02,-6.749673070628271765e-02,-3.519076715388935045e-02,-1.435916317235476185e-02,2.837317947345407543e+00,-3.753330286669139260e-01,-2.907009498669055336e-01,-4.311306135592269523e-02,-3.519076715388935045e-02,-3.801429606348527557e-02,-1.435916317235476011e-02,-1.286658602907498339e-01,-4.767312946227962589e-02,-1.690913523558418063e+00,-2.487592975524973576e-02,2.013237442528823973e+00,-1.786283982422259831e-01,-4.979810447122926670e-02,5.840947806181536750e-01,-2.030901712371240009e-02,-4.892821642774447533e-01,-1.767766952966368654e-01
-1.242401082342166063e-01,-7.448690342834912714e-02,-5.507016019503075954e-01,7.082331122151057645e-01,-4.176069228387320198e-01,6.311935837690980933e-02,1.677823450289539942e+00,-4.963069089824175273e-01,-6.493539992246850634e-01,2.339273736042306151e+00,8.414777418280475763e-01,1.862399238684066816e-01,1.579122418846921616e-01,-5.259261387184053227e-01,-3.586927771487311012e-01,-5.904738045532329505e-01,8.837070555260241322e-01,-1.474837529550597992e+00,-9.478543627614772760e-01,-9.225934865347934499e-01,-7.697096432631360674e-01,-3.138334775838059199e-01,-1.494650146868760632e-01,3.058322664958623149e-01,-4.598295795089574756e-01,-1.106413368653558910e-01,6.470890552417668529e-01,-1.520590181272440944e-01,8.110728132130416990e-01,1.864467346107001947e-02,-7.622329347767978769e-01,0.000000000000000000e+00,0.000000000000000000e+00,-6.258508857266168457e-01,-1.057663809422624057e+00,-1.736090558870059808e-01,-1.756125766915248299e-01,5.858851426693527653e-01,-4.122754887853995465e-01,-2.489988027729138353e-01,-3.774647335768301359e-01,-4.668062001933125371e-01,7.326889464450275780e-01,-1.253374013974976713e-02,-3.669621702617922865e-01,-4.602362970513234064e-01,-5.183686688943279358e-02,-5.183686688943279358e-02,-7.051398600435393460e-01,-1.040941436780788015e-01,-2.030901712371240009e-02,-8.401389803667852485e-02,-3.271524934852403366e-01,-5.191945123345532709e-01,1.407679351095596942e+00,-5.752567881263277033e-02,-3.801429606348526863e-02,-1.147078669352808861e-01,-1.711160802546210780e-01,-7.340709118518067011e-02,-7.197411700355742237e-02,-1.244624194945742751e-01,-7.051263942166730025e-02,-2.872721242393142319e-02,-2.030901712371240009e-02,-2.019004323808653023e-01,-1.435916317235476011e-02,-1.435916317235476011e-02,-5.183686688943279358e-02,-3.801429606348527557e-02,-3.801429606348527557e-02,-1.558271304830920190e-01,-4.064318733121485144e-02,-8.148853797899899276e-02,-1.210011918676099085e-01,-5.569323991926412171e-02,-7.051263942166730025e-02,-4.979810447122927364e-02,-3.212131358814808435e-02,-2.030901712371240009e-02,-3.801429606348527557e-02,-6.749673070628271765e-02,-3.519076715388935045e-02,-1.435916317235476185e-02,-3.524455202264515918e-01,-3.753330286669139260e-01,-2.907009498669055336e-01,-4.311306135592269523e-02,-3.519076715388935045e-02,-3.801429606348527557e-02,-1.435916317235476011e-02,-1.286658602907498339e-01,-4.767312946227962589e-02,5.913962991410492975e-01,-2.487592975524973576e-02,-4.967123990818995694e-01,-1.786283982422259831e-01,-4.979810447122926670e-02,5.840947806181536750e-01,-2.030901712371240009e-02,-4.892821642774447533e-01,-1.767766952966368654e-01
-1.669867364451517400e+00,2.321640208845666020e+00,-5.507016019503075954e-01,7.082331122151057645e-01,1.564297179662094972e-01,-4.030900697471309080e-01,-4.966680157416004104e-01,-4.963069089824175273e-01,2.266247861418546172e+00,-6.302706439077716549e-01,8.414777418280475763e-01,4.325644612047202520e-01,-1.219453009788671327e-01,-9.586296098671048815e-02,6.320577570903027943e-03,-1.793962463029842302e-01,9.387628447616762351e-02,1.130343255530836949e-01,-3.472018859924600465e-01,-1.705348403946014557e-01,3.600260422021904771e-01,-5.647389056778006067e-01,-6.193447758163234118e-01,-5.793473223947518402e-01,4.885689282282582209e-03,1.236423447784288365e+00,1.994237661690613783e-01,1.144887438022665238e+00,1.622638227802354116e+00,4.493366304117883403e-01,-5.809668599935657873e-02,0.000000000000000000e+00,0.000000000000000000e+00,5.339616623415676111e-01,1.213393822839661657e-01,-7.702633457260871230e-01,-9.769410393402078174e-01,-1.118327805458250612e+00,4.344875262335887722e-01,9.285145451032854602e-01,-3.774647335768301359e-01,-4.668062001933125371e-01,4.220278085021179071e-01,9.264805211409559149e-01,-3.669621702617922865e-01,-4.602362970513234064e-01,-5.183686688943279358e-02,-5.183686688943279358e-02,-7.051398600435393460e-01,-1.040941436780788015e-01,-2.030901712371240009e-02,-8.401389803667852485e-02,-3.271524934852403366e-01,-5.191945123345532709e-01,1.407679351095596942e+00,-5.752567881263277033e-02,-3.801429606348526863e-02,-1.147078669352808861e-01,-1.711160802546210780e-01,-7.340709118518067011e-02,-7.197411700355742237e-02,-1.244624194945742751e-01,-7.051263942166730025e-02,-2.872721242393142319e-02,-2.030901712371240009e-02,-2.019004323808653023e-01,-1.435916317235476011e-02,-1.435916317235476011e-02,-5.183686688943279358e-02,-3.801429606348527557e-02,-3.801429606348527557e-02,-1.558271304830920190e-01,-4.064318733121485144e-02,-8.148853797899899276e-02,-1.210011918676099085e-01,-5.569323991926412171e-02,-7.051263942166730025e-02,-4.979810447122927364e-02,-3.212131358814808435e-02,-2.030901712371240009e-02,-3.801429606348527557e-02,-6.749673070628271765e-02,-3.519076715388935045e-02,-1.435916317235476185e-02,-3.524455202264515918e-01,-3.753330286669139260e-01,-2.907009498669055336e-01,-4.311306135592269523e-02,-3.519076715388935045e-02,-3.801429606348527557e-02,-1.435916317235476011e-02,-1.286658602907498339e-01,-4.767312946227962589e-02,-1.690913523558418063e+00,-2.487592975524973576e-02,2.013237442528823973e+00,-1.786283982422259831e-01,-4.979810447122926670e-02,5.840947806181536750e-01,-2.030901712371240009e-02,-4.892821642774447533e-01,-1.767766952966368654e-01
2.003809404954522311e+00,3.759316476210075475e+00,-5.507016019503075954e-01,7.082331122151057645e-01,5.869571985699155725e-01,-9.051617615730208621e-01,-4.966680157416004104e-01,-4.963069089824175273e-01,2.849368233547192375e+00,-6.302706439077716549e-01,8.414777418280475763e-01,4.325644612047202520e-01,-1.420173347040378786e+00,-7.605060538447839802e-01,6.450939483302627897e-01,5.605433585474633995e-01,5.452081536475141821e-01,-2.707201460312350788e-02,1.680975308292533388e+00,-1.089717630121502800e+00,-6.362483984730694930e-02,-6.292804948981121915e-02,1.385258066505270502e-01,7.680056801644132847e-01,1.120202334381258824e+00,1.419333102564523941e-01,-1.363252006354677692e-01,2.184971122013014133e-01,2.205088236232090326e-02,-8.858084361354384706e-01,-4.805784352658213909e-01,0.000000000000000000e+00,0.000000000000000000e+00,1.473574796521728292e-01,4.160901802106137248e-01,-1.736090558870059808e-01,1.013286514950638928e+00,-7.308548497883132766e-01,-5.181208656627730447e-01,-4.845014723481537167e-01,-3.774647335768301359e-01,-4.668062001933125371e-01,3.184740958544813871e-01,-4.820408707801026038e-01,-3.669621702617922865e-01,-4.602362970513234064e-01,-5.183686688943279358e-02,-5.183686688943279358e-02,-7.051398600435393460e-01,-1.040941436780788015e-01,-2.030901712371240009e-02,-8.401389803667852485e-02,-3.271524934852403366e-01,-5.191945123345532709e-01,1.407679351095596942e+00,-5.752567881263277033e-02,-3.801429606348526863e-02,-1.147078669352808861e-01,-1.711160802546210780e-01,-7.340709118518067011e-02,-7.197411700355742237e-02,-1.244624194945742751e-01,-7.051263942166730025e-02,-2.872721242393142319e-02,-2.030901712371240009e-02,-2.019004323808653023e-01,-1.435916317235476011e-02,-1.435916317235476011e-02,-5.183686688943279358e-02,-3.801429606348527557e-02,-3.801429606348527557e-02,-1.558271304830920190e-01,-4.064318733121485144e-02,-8.148853797899899276e-02,-1.210011918676099085e-01,-5.569323991926412171e-02,-7.051263942166730025e-02,-4.979810447122927364e-02,-3.212131358814808435e-02,-2.030901712371240009e-02,-3.801429606348527557e-02,-6.749673070628271765e-02,-3.519076715388935045e-02,-1.435916317235476185e-02,-3.524455202264515918e-01,-3.753330286669139260e-01,-2.907009498669055336e-01,-4.311306135592269523e-02,-3.519076715388935045e-02,-3.801429606348527557e-02,-1.435916317235476011e-02,-1.286658602907498339e-01,-4.767312946227962589e-02,5.913962991410492975e-01,-2.487592975524973576e-02,-4.967123990818995694e-01,-1.786283982422259831e-01,-4.979810447122926670e-02,5.840947806181536750e-01,-2.030901712371240009e-02,-4.892821642774447533e-01,-1.767766952966368654e-01
-9.355951694227718773e-01,-5.537123258831522232e-01,-5.507016019503075954e-01,-2.878929612425566442e-01,-6.328706631405850436e-01,1.707061494824576586e-01,1.677823450289539942e+00,-4.963069089824175273e-01,-6.493539992246850634e-01,-6.302706439077716549e-01,-8.652946508966878891e-01,1.171538073213661102e+00,5.699247355449322816e-01,-5.650227912394683027e-01,1.010107303049897043e+00,-6.726893162032826501e-01,-3.574555846951790183e-01,-7.743058287695619990e-01,-6.202257390692859085e-01,-1.256841773708212040e+00,3.600260422021904771e-01,1.693409947168151630e+00,-4.222984243749421385e-01,-6.968490377342138054e-01,9.343162268647626778e-01,-1.710280768636808446e+00,-3.601578451718204787e-01,-2.446980507093804713e-01,-3.837318249323352637e-01,-1.015016023220653985e+00,3.643850632671082335e-01,0.000000000000000000e+00,0.000000000000000000e+00,5.339616623415676111e-01,1.213393822839661657e-01,1.318026668710696736e+00,4.862690211334903534e-01,-1.147722305543556143e+00,-9.415023731722672595e-01,-4.845014723481537167e-01,9.257960654133498002e-01,3.858842084692569063e+00,-6.135093179742474589e-01,-4.820408707801026038e-01,-3.669621702617922865e-01,-4.602362970513234064e-01,-5.183686688943279358e-02,-5.183686688943279358e-02,1.418158377741196352e+00,-1.040941436780788015e-01,-2.030901712371240009e-02,-8.401389803667852485e-02,-3.271524934852403366e-01,-5.191945123345532709e-01,-7.103890521813077674e-01,-5.752567881263277033e-02,-3.801429606348526863e-02,-1.147078669352808861e-01,-1.711160802546210780e-01,-7.340709118518067011e-02,-7.197411700355742237e-02,-1.244624194945742751e-01,-7.051263942166730025e-02,-2.872721242393142319e-02,-2.030901712371240009e-02,-2.019004323808653023e-01,-1.435916317235476011e-02,-1.435916317235476011e-02,-5.183686688943279358e-02,-3.801429606348527557e-02,-3.801429606348527557e-02,-1.558271304830920190e-01,-4.064318733121485144e-02,-8.148853797899899276e-02,8.264381404557756383e+00,-5.569323991926412171e-02,-7.051263942166730025e-02,-4.979810447122927364e-02,-3.212131358814808435e-02,-2.030901712371240009e-02,-3.801429606348527557e-02,-6.749673070628271765e-02,-3.519076715388935045e-02,-1.435916317235476185e-02,-3.524455202264515918e-01,-3.753330286669139260e-01,-2.907009498669055336e-01,-4.311306135592269523e-02,-3.519076715388935045e-02,-3.801429606348527557e-02,-1.435916317235476011e-02,-1.286658602907498339e-01,-4.767312946227962589e-02,-1.690913523558418063e+00,-2.487592975524973576e-02,2.013237442528823973e+00,-1.786283982422259831e-01,-4.979810447122926670e-02,5.840947806181536750e-01,-2.030901712371240009e-02,-4.892821642774447533e-01,-1.767766952966368654e-01
-5.906704113772511672e-02,-5.537123258831522232e-01,4.511560658017802483e-01,-1.284019034700219164e+00,-1.063398143744291202e+00,-5.465391245545280219e-01,2.765069183305110201e+00,-4.963069089824175273e-01,-6.493539992246850634e-01,-3.636176791775609651e-02,-1.389991464207825711e+00,1.664187147886288409e+00,6.321153006257232976e-01,-6.353967657773818001e-01,4.625872709704457186e-01,-1.330413409403680580e+00,1.447871891990207383e+00,6.633221216768130091e-02,3.392580874578454697e-01,-1.287538044979241458e-01,2.591254020996210272e+00,2.195220803356141115e+00,-6.951318340630086023e-01,4.390008772139192827e-01,2.793177302029723030e+00,-3.632159839871641482e-01,-2.482415229036441240e-01,7.743313076941197304e-01,1.727841151915783469e+00,1.478522605462855299e-01,2.617621059354920288e+00,0.000000000000000000e+00,0.000000000000000000e+00,1.307170027720357286e+00,1.300342573990556527e+00,1.318026668710696736e+00,-2.626850321917493791e-01,1.890593915177274098e-01,1.110601872409461635e-02,9.285145451032854602e-01,-3.774647335768301359e-01,-4.668062001933125371e-01,-1.338385306507703376e+00,-9.515480014204554804e-01,-3.669621702617922865e-01,1.739375798511208382e+00,-5.183686688943279358e-02,-5.183686688943279358e-02,-7.051398600435393460e-01,-1.040941436780788015e-01,-2.030901712371240009e-02,-8.401389803667852485e-02,-3.271524934852403366e-01,1.926060419058570616e+00,-7.103890521813077674e-01,-5.752567881263277033e-02,-3.801429606348526863e-02,-1.147078669352808861e-01,-1.711160802546210780e-01,-7.340709118518067011e-02,-7.197411700355742237e-02,-1.244624194945742751e-01,-7.051263942166730025e-02,-2.872721242393142319e-02,-2.030901712371240009e-02,-2.019004323808653023e-01,-1.435916317235476011e-02,-1.435916317235476011e-02,-5.183686688943279358e-02,-3.801429606348527557e-02,-3.801429606348527557e-02,-1.558271304830920190e-01,-4.064318733121485144e-02,-8.148853797899899276e-02,-1.210011918676099085e-01,1.795550054997075051e+01,-7.051263942166730025e-02,-4.979810447122927364e-02,-3.212131358814808435e-02,-2.030901712371240009e-02,-3.801429606348527557e-02,-6.749673070628271765e-02,-3.519076715388935045e-02,-1.435916317235476185e-02,-3.524455202264515918e-01,-3.753330286669139260e-01,-2.907009498669055336e-01,-4.311306135592269523e-02,-3.519076715388935045e-02,-3.801429606348527557e-02,-1.435916317235476011e-02,-1.286658602907498339e-01,-4.767312946227962589e-02,-1.690913523558418063e+00,-2.487592975524973576e-02,2.013237442528823973e+00,-1.786283982422259831e-01,-4.979810447122926670e-02,5.840947806181536750e-01,-2.030901712371240009e-02,-4.892821642774447533e-01,-1.767766952966368654e-01
1.712350155654984052e+00,-5.537123258831522232e-01,9.520848996778241702e-01,-2.878929612425566442e-01,-1.305886024362612474e-01,-1.084473080082267282e+00,-4.966680157416004104e-01,6.573034482162921632e-01,-6.493539992246850634e-01,-3.636176791775609651e-02,-3.586908311480032086e-01,6.788889985410339056e-01,-7.438509517867770704e-01,8.659146910314424739e-01,1.888272549307201120e-01,6.427588701975132102e-01,-1.895668281666913063e-02,1.280587160188143780e+00,-2.145903002122872827e-01,2.472755185721718374e-01,3.600260422021904771e-01,6.897882347921728829e-01,-4.601919534982848448e-01,-2.005034801846891312e+00,-9.245448483001975637e-01,-1.036748376311986242e+00,-2.440887836729143182e-02,-6.615736973289941814e-01,2.625147089073024409e-01,-1.144223610305869387e+00,3.643850632671082335e-01,0.000000000000000000e+00,0.000000000000000000e+00,5.339616623415676111e-01,7.108409781372613256e-01,1.247180890325345903e-01,8.954440939728913751e-01,1.257282246890537136e+00,1.175405164375203482e+00,-1.349613319767399566e-02,-3.774647335768301359e-01,1.696017942249628430e+00,-8.206167432695206099e-01,-2.472873054599261933e-01,-3.669621702617922865e-01,-4.602362970513234064e-01,-5.183686688943279358e-02,-5.183686688943279358e-02,1.418158377741196352e+00,-1.040941436780788015e-01,-2.030901712371240009e-02,-8.401389803667852485e-02,-3.271524934852403366e-01,-5.191945123345532709e-01,-7.103890521813077674e-01,-5.752567881263277033e-02,-3.801429606348526863e-02,-1.147078669352808861e-01,-1.711160802546210780e-01,-7.340709118518067011e-02,-7.197411700355742237e-02,-1.244624194945742751e-01,-7.051263942166730025e-02,-2.872721242393142319e-02,-2.030901712371240009e-02,-2.019004323808653023e-01,-1.435916317235476011e-02,-1.435916317235476011e-02,-5.183686688943279358e-02,-3.801429606348527557e-02,-3.801429606348527557e-02,-1.558271304830920190e-01,-4.064318733121485144e-02,-8.148853797899899276e-02,-1.210011918676099085e-01,-5.569323991926412171e-02,-7.051263942166730025e-02,-4.979810447122927364e-02,-3.212131358814808435e-02,-2.030901712371240009e-02,-3.801429606348527557e-02,-6.749673070628271765e-02,-3.519076715388935045e-02,-1.435916317235476185e-02,-3.524455202264515918e-01,2.664300564093018409e+00,-2.907009498669055336e-01,-4.311306135592269523e-02,-3.519076715388935045e-02,-3.801429606348527557e-02,-1.435916317235476011e-02,-1.286658602907498339e-01,-4.767312946227962589e-02,-1.690913523558418063e+00,-2.487592975524973576e-02,2.013237442528823973e+00,-1.786283982422259831e-01,-4.979810447122926670e-02,5.840947806181536750e-01,-2.030901712371240009e-02,-4.892821642774447533e-01,-1.767766952966368654e-01
-1.668874881196240834e+00,-5.537123258831522232e-01,3.456729069058043891e+00,-2.878929612425566442e-01,-8.481344034424381784e-01,3.500174679917040788e-01,-4.966680157416004104e-01,4.118134519812421956e+00,-6.493539992246850634e-01,1.745364860052290412e+00,3.228119263710606535e-01,-6.008461346790693741e-02,7.798178926926021548e-01,-1.362594502669156382e+00,-1.818746196027267725e+00,-1.793962463029842302e-01,-8.087874538665257296e-01,-9.611142823111715749e-01,-5.032155163220748406e-01,-6.301262352580521142e-01,-6.362483984730694930e-02,6.897882347921728829e-01,-2.404094845828982085e-01,1.065676692357717226e+00,-3.668865257507094579e-01,8.996572516218772630e-01,-4.720741674399969168e-01,2.184971122013014133e-01,-4.137898032504579993e-01,2.770598476315010439e-01,3.643850632671082335e-01,0.000000000000000000e+00,0.000000000000000000e+00,9.205658450309623930e-01,-4.681622135693289666e-01,7.213723788716157603e-01,-2.135840234510212321e-01,-6.019198835050409979e-01,-4.122754887853995465e-01,9.285145451032854602e-01,-3.774647335768301359e-01,-4.668062001933125371e-01,1.354011222330846920e+00,4.569733905006030938e-01,-3.669621702617922865e-01,-4.602362970513234064e-01,-5.183686688943279358e-02,-5.183686688943279358e-02,1.418158377741196352e+00,-1.040941436780788015e-01,-2.030901712371240009e-02,-8.401389803667852485e-02,-3.271524934852403366e-01,-5.191945123345532709e-01,-7.103890521813077674e-01,-5.752567881263277033e-02,-3.801429606348526863e-02,-1.147078669352808861e-01,-1.711160802546210780e-01,-7.340709118518067011e-02,-7.197411700355742237e-02,-1.244624194945742751e-01,-7.051263942166730025e-02,-2.872721242393142319e-02,-2.030901712371240009e-02,-2.019004323808653023e-01,-1.435916317235476011e-02,-1.435916317235476011e-02,-5.183686688943279358e-02,-3.801429606348527557e-02,-3.801429606348527557e-02,-1.558271304830920190e-01,-4.064318733121485144e-02,-8.148853797899899276e-02,-1.210011918676099085e-01,-5.569323991926412171e-02,-7.051263942166730025e-02,-4.979810447122927364e-02,-3.212131358814808435e-02,-2.030901712371240009e-02,-3.801429606348527557e-02,-6.749673070628271765e-02,-3.519076715388935045e-02,-1.435916317235476185e-02,-3.524455202264515918e-01,2.664300564093018409e+00,-2.907009498669055336e-01,-4.311306135592269523e-02,-3.519076715388935045e-02,-3.801429606348527557e-02,-1.435916317235476011e-02,-1.286658602907498339e-01,-4.767312946227962589e-02,5.913962991410492975e-01,-2.487592975524973576e-02,-4.967123990818995694e-01,-1.786283982422259831e-01,-4.979810447122926670e-02,5.840947806181536750e-01,-2.030901712371240009e-02,-4.892821642774447533e-01,-1.767766952966368654e-01
3.688586557623345086e-01,-7.448690342834912714e-02,-5.507016019503075954e-01,-1.284019034700219164e+00,-9.198889835430558160e-01,-8.334372341693222497e-01,5.905777172739697933e-01,-4.963069089824175273e-01,-6.623362709603883292e-02,-6.302706439077716549e-01,-7.446746938136675764e-01,-6.008461346790693741e-02,-8.449106200430623881e-01,-9.559893164500997687e-01,6.320577570903027943e-03,8.071898934976127205e-01,4.323751863546776431e-01,-6.341994886133547338e-01,7.604948893478056249e-01,3.308375903655265127e-01,-6.362483984730694930e-02,4.388828066981781961e-01,-1.460581122354527528e+00,8.649573119553326250e-02,9.782874304053058856e-02,6.470826045000689364e-01,-3.601578451718204787e-01,9.596093728583924287e-01,1.660210700700007536e+00,4.062674347167165023e-01,9.276940622890612609e-01,0.000000000000000000e+00,0.000000000000000000e+00,5.339616623415676111e-01,7.108409781372613256e-01,7.213723788716157603e-01,3.586063984075972266e-01,5.130669492762094386e-01,8.578690337430828761e-01,4.575092059528056976e-01,-3.774647335768301359e-01,-4.668062001933125371e-01,1.146903797035573769e+00,1.630741217101485230e+00,9.137094037957288473e-01,-4.602362970513234064e-01,-5.183686688943279358e-02,-5.183686688943279358e-02,-7.051398600435393460e-01,-1.040941436780788015e-01,-2.030901712371240009e-02,-8.401389803667852485e-02,-3.271524934852403366e-01,1.926060419058570616e+00,-7.103890521813077674e-01,-5.752567881263277033e-02,-3.801429606348526863e-02,-1.147078669352808861e-01,-1.711160802546210780e-01,-7.340709118518067011e-02,-7.197411700355742237e-02,-1.244624194945742751e-01,-7.051263942166730025e-02,-2.872721242393142319e-02,-2.030901712371240009e-02,-2.019004323808653023e-01,-1.435916317235476011e-02,-1.435916317235476011e-02,-5.183686688943279358e-02,-3.801429606348527557e-02,-3.801429606348527557e-02,-1.558271304830920190e-01,-4.064318733121485144e-02,-8.148853797899899276e-02,-1.210011918676099085e-01,-5.569323991926412171e-02,-7.051263942166730025e-02,-4.979810447122927364e-02,-3.212131358814808435e-02,-2.030901712371240009e-02,-3.801429606348527557e-02,-6.749673070628271765e-02,-3.519076715388935045e-02,-1.435916317235476185e-02,-3.524455202264515918e-01,-3.753330286669139260e-01,-2.907009498669055336e-01,-4.311306135592269523e-02,-3.519076715388935045e-02,-3.801429606348527557e-02,-1.435916317235476011e-02,7.772069434271623223e+00,-4.767312946227962589e-02,-1.690913523558418063e+00,-2.487592975524973576e-02,2.013237442528823973e+00,-1.786283982422259831e-01,-4.979810447122926670e-02,-1.712050908829709783e+00,-2.030901712371240009e-02,2.043810449286999731e+00,-1.767766952966368654e-01
-8.097152098785331820e-01,-5.537123258831522232e-01,-5.507016019503075954e-01,-1.284019034700219164e+00,-9.198889835430558160e-01,-2.596410149397337386e-01,-4.966680157416004104e-01,-4.963069089824175273e-01,-6.493539992246850634e-01,-6.302706439077716549e-01,-2.380708740649829513e-01,-3.064091508042205425e-01,-3.643327399277963147e-02,-5.259261387184053227e-01,-1.761860997889140579e-01,-7.549048278533324607e-01,4.323751863546776431e-01,5.333533460217053657e-01,-7.372359618164970874e-01,9.157720929190091841e-01,-4.872757218968044035e-01,-6.292804948981121915e-02,-3.578442731684854800e-02,-7.017322259041630650e-02,-3.668865257507094579e-01,2.261248592970551696e-01,-5.839904897081731328e-01,1.258580796191650364e-01,3.301451601230785959e-01,1.478522605462855299e-01,-4.805784352658213909e-01,0.000000000000000000e+00,0.000000000000000000e+00,-2.392467030372219805e-01,-1.734114156426813935e-01,-7.702633457260871230e-01,-1.003782924118472586e+00,-2.131108141948626356e-01,-3.064301119080259928e-01,-2.489988027729138353e-01,-3.774647335768301359e-01,-4.668062001933125371e-01,-1.992944673837013236e-01,2.222198251804266556e-01,-3.669621702617922865e-01,1.739375798511208382e+00,-5.183686688943279358e-02,-5.183686688943279358e-02,1.418158377741196352e+00,-1.040941436780788015e-01,-2.030901712371240009e-02,-8.401389803667852485e-02,-3.271524934852403366e-01,-5.191945123345532709e-01,-7.103890521813077674e-01,-5.752567881263277033e-02,-3.801429606348526863e-02,-1.147078669352808861e-01,-1.711160802546210780e-01,-7.340709118518067011e-02,-7.197411700355742237e-02,-1.244624194945742751e-01,-7.051263942166730025e-02,-2.872721242393142319e-02,-2.030901712371240009e-02,-2.019004323808653023e-01,-1.435916317235476011e-02,-1.435916317235476011e-02,-5.183686688943279358e-02,-3.801429606348527557e-02,-3.801429606348527557e-02,6.417367738851512016e+00,-4.064318733121485144e-02,-8.148853797899899276e-02,-1.210011918676099085e-01,-5.569323991926412171e-02,-7.051263942166730025e-02,-4.979810447122927364e-02,-3.212131358814808435e-02,-2.030901712371240009e-02,-3.801429606348527557e-02,-6.749673070628271765e-02,-3.519076715388935045e-02,-1.435916317235476185e-02,-3.524455202264515918e-01,-3.753330286669139260e-01,-2.907009498669055336e-01,-4.311306135592269523e-02,-3.519076715388935045e-02,-3.801429606348527557e-02,-1.435916317235476011e-02,-1.286658602907498339e-01,-4.767312946227962589e-02,-1.690913523558418063e+00,-2.487592975524973576e-02,2.013237442528823973e+00,-1.786283982422259831e-01,-4.979810447122926670e-02,-1.712050908829709783e+00,-2.030901712371240009e-02,-4.892821642774447533e-01,5.656854249492379694e+00
-6.345419153222273678e-01,-7.448690342834912714e-02,-5.507016019503075954e-01,-1.284019034700219164e+00,-7.046252432412027922e-01,-1.048610816380417976e+00,-4.966680157416004104e-01,-4.963069089824175273e-01,-6.493539992246850634e-01,-6.302706439077716549e-01,-1.848347301123302255e+00,1.862399238684066816e-01,-6.661127454357883559e-01,-1.057640613004863894e+00,-8.493276110900550846e-02,-1.496522300288474598e-02,-4.702885519880157239e-01,1.130343255530836949e-01,1.286396865128653921e-01,-2.958779480846334686e-01,-4.872757218968044035e-01,-5.647389056778006067e-01,7.978732133966870421e-01,9.403415293289575372e-01,-1.296317063333189523e+00,2.261248592970551696e-01,-6.959068119763496263e-01,-1.310046925403953073e-02,-7.293985755907462787e-01,8.800285873625066646e-01,-4.805784352658213909e-01,0.000000000000000000e+00,0.000000000000000000e+00,-2.392467030372219805e-01,1.213393822839661657e-01,-4.719362008065465242e-01,-8.394582148661691168e-01,3.774514147917313878e-01,-8.356569962948936503e-01,-7.200041419233935702e-01,-3.774647335768301359e-01,-4.668062001933125371e-01,3.184740958544813871e-01,1.161234086461132353e+00,9.137094037957288473e-01,-4.602362970513234064e-01,-5.183686688943279358e-02,-5.183686688943279358e-02,1.418158377741196352e+00,-1.040941436780788015e-01,-2.030901712371240009e-02,-8.401389803667852485e-02,-3.271524934852403366e-01,-5.191945123345532709e-01,-7.103890521813077674e-01,-5.752567881263277033e-02,-3.801429606348526863e-02,-1.147078669352808861e-01,-1.711160802546210780e-01,-7.340709118518067011e-02,-7.197411700355742237e-02,-1.244624194945742751e-01,-7.051263942166730025e-02,-2.872721242393142319e-02,-2.030901712371240009e-02,-2.019004323808653023e-01,-1.435916317235476011e-02,-1.435916317235476011e-02,-5.183686688943279358e-02,-3.801429606348527557e-02,-3.801429606348527557e-02,-1.558271304830920190e-01,-4.064318733121485144e-02,-8.148853797899899276e-02,-1.210011918676099085e-01,-5.569323991926412171e-02,-7.051263942166730025e-02,-4.979810447122927364e-02,-3.212131358814808435e-02,-2.030901712371240009e-02,-3.801429606348527557e-02,-6.749673070628271765e-02,-3.519076715388935045e-02,-1.435916317235476185e-02,-3.524455202264515918e-01,2.664300564093018409e+00,-2.907009498669055336e-01,-4.311306135592269523e-02,-3.519076715388935045e-02,-3.801429606348527557e-02,-1.435916317235476011e-02,-1.286658602907498339e-01,-4.767312946227962589e-02,5.913962991410492975e-01,-2.487592975524973576e-02,-4.967123990818995694e-01,-1.786283982422259831e-01,-4.979810447122926670e-02,5.840947806181536750e-01,-2.030901712371240009e-02,-4.892821642774447533e-01,-1.767766952966368654e-01
9.354011806493480741e-01,-5.537123258831522232e-01,-5.507016019503075954e-01,-2.878929612425566442e-01,-7.405025332915116110e-01,-5.106768608526787157e-01,-4.966680157416004104e-01,6.573034482162921632e-01,-6.623362709603883292e-02,-6.302706439077716549e-01,-1.426177451332731438e+00,-3.064091508042205425e-01,-8.915535438536555946e-01,-1.362594502669156382e+00,-2.674394384688225657e-01,3.138968235973142451e-01,3.027533434089920483e+00,-5.407952618425498903e-01,4.250655841391335343e-01,-2.958779480846334686e-01,-4.872757218968044035e-01,1.879773786041834815e-01,-3.768261894269314127e-01,-6.341814562198340166e-01,-6.457156870254534553e-01,1.068040349703082814e+00,7.590053775099431244e-01,-3.836565995825850228e-01,-8.796884671813597345e-01,-7.566008490502229566e-01,-4.805784352658213909e-01,0.000000000000000000e+00,0.000000000000000000e+00,-2.392467030372219805e-01,-1.734114156426813935e-01,7.213723788716157603e-01,-4.590890671546618562e-01,-1.450352045058179495e+00,-4.122754887853995465e-01,-2.489988027729138353e-01,-3.774647335768301359e-01,-4.668062001933125371e-01,-3.028481800313378436e-01,-4.820408707801026038e-01,-3.669621702617922865e-01,-4.602362970513234064e-01,-5.183686688943279358e-02,-5.183686688943279358e-02,-7.051398600435393460e-01,-1.040941436780788015e-01,-2.030901712371240009e-02,-8.401389803667852485e-02,-3.271524934852403366e-01,1.926060419058570616e+00,-7.103890521813077674e-01,-5.752567881263277033e-02,-3.801429606348526863e-02,-1.147078669352808861e-01,-1.711160802546210780e-01,-7.340709118518067011e-02,-7.197411700355742237e-02,-1.244624194945742751e-01,-7.051263942166730025e-02,-2.872721242393142319e-02,-2.030901712371240009e-02,4.952936396459016066e+00,-1.435916317235476011e-02,-1.435916317235476011e-02,-5.183686688943279358e-02,-3.801429606348527557e-02,-3.801429606348527557e-02,-1.558271304830920190e-01,-4.064318733121485144e-02,-8.148853797899899276e-02,-1.210011918676099085e-01,-5.569323991926412171e-02,-7.051263942166730025e-02,-4.979810447122927364e-02,-3.212131358814808435e-02,-2.030901712371240009e-02,-3.801429606348527557e-02,-6.749673070628271765e-02,-3.519076715388935045e-02,-1.435916317235476185e-02,-3.524455202264515918e-01,-3.753330286669139260e-01,-2.907009498669055336e-01,-4.311306135592269523e-02,-3.519076715388935045e-02,-3.801429606348527557e-02,-1.435916317235476011e-02,-1.286658602907498339e-01,-4.767312946227962589e-02,5.913962991410492975e-01,-2.487592975524973576e-02,-4.967123990818995694e-01,-1.786283982422259831e-01,-4.979810447122926670e-02,5.840947806181536750e-01,-2.030901712371240009e-02,-4.892821642774447533e-01,-1.767766952966368654e-01
4.047534668281686510e-01,-5.537123258831522232e-01,-4.977276807426366662e-02,7.082331122151057645e-01,8.022209388717687073e-01,2.143130653084168280e+00,-4.966680157416004104e-01,-4.963069089824175273e-01,-6.623362709603883292e-02,-6.302706439077716549e-01,8.414777418280475763e-01,1.862399238684066816e-01,1.090770718096556680e+00,1.436725817838964803e+00,1.010107303049897043e+00,2.316813119472644900e-01,1.335038924697370621e+00,-1.204762413739283167e-01,-2.457930262782102859e-01,-2.958779480846334686e-01,-1.052143564629467676e+00,-2.070171474241768728e+00,6.387203910786485306e-01,1.073510140047014394e+00,2.837148505570266099e-01,3.945079573782606652e-01,-8.078231342445260088e-01,-6.152541810379259513e-01,-8.421159942837063150e-01,1.224582152923081368e+00,-1.043887434287774418e+00,0.000000000000000000e+00,0.000000000000000000e+00,-2.172267616484195862e+00,1.213393822839661657e-01,-1.665244780484708809e+00,-4.675999086697213980e-01,2.585373008102678782e-01,-1.576574634436508360e+00,-9.555068114986333683e-01,-3.774647335768301359e-01,1.696017942249628430e+00,-8.206167432695206099e-01,-9.515480014204554804e-01,9.137094037957288473e-01,-4.602362970513234064e-01,-5.183686688943279358e-02,-5.183686688943279358e-02,-7.051398600435393460e-01,-1.040941436780788015e-01,-2.030901712371240009e-02,-8.401389803667852485e-02,-3.271524934852403366e-01,-5.191945123345532709e-01,1.407679351095596942e+00,-5.752567881263277033e-02,-3.801429606348526863e-02,-1.147078669352808861e-01,-1.711160802546210780e-01,-7.340709118518067011e-02,-7.197411700355742237e-02,-1.244624194945742751e-01,-7.051263942166730025e-02,-2.872721242393142319e-02,-2.030901712371240009e-02,-2.019004323808653023e-01,-1.435916317235476011e-02,-1.435916317235476011e-02,-5.183686688943279358e-02,-3.801429606348527557e-02,-3.801429606348527557e-02,-1.558271304830920190e-01,-4.064318733121485144e-02,-8.148853797899899276e-02,-1.210011918676099085e-01,-5.569323991926412171e-02,-7.051263942166730025e-02,-4.979810447122927364e-02,-3.212131358814808435e-02,-2.030901712371240009e-02,-3.801429606348527557e-02,-6.749673070628271765e-02,-3.519076715388935045e-02,-1.435916317235476185e-02,-3.524455202264515918e-01,-3.753330286669139260e-01,-2.907009498669055336e-01,-4.311306135592269523e-02,-3.519076715388935045e-02,-3.801429606348527557e-02,-1.435916317235476011e-02,-1.286658602907498339e-01,-4.767312946227962589e-02,-1.690913523558418063e+00,-2.487592975524973576e-02,-4.967123990818995694e-01,-1.786283982422259831e-01,-4.979810447122926670e-02,5.840947806181536750e-01,-2.030901712371240009e-02,-4.892821642774447533e-01,-1.767766952966368654e-01
-1.669867364451517400e+00,2.800865631300469172e+00,-5.507016019503075954e-01,-1.284019034700219164e+00,-1.063398143744291202e+00,-1.048610816380417976e+00,5.905777172739697933e-01,6.573034482162921632e-01,5.168867450326074531e-01,-6.302706439077716549e-01,-1.898228912317748429e-01,1.862399238684066816e-01,-5.883745390847995305e-01,-9.403506554416743990e-01,-5.411994545085482278e-01,7.249743818475629098e-01,-3.574555846951790183e-01,4.399491192509005222e-01,6.824880741829981723e-01,2.890565544688492028e-01,-6.362483984730694930e-02,-6.292804948981121915e-02,-1.013437478699085625e+00,-1.793531714235859775e+00,2.235518979480235036e+00,-2.644978782475312235e-02,7.697817358136878063e+00,-1.773242088314630704e+00,-1.202811734101178587e+00,-2.436299481158024527e+00,-5.809668599935657873e-02,0.000000000000000000e+00,0.000000000000000000e+00,1.473574796521728292e-01,-1.734114156426813935e-01,-4.719362008065465242e-01,-3.458294069927156933e-01,-8.177022364039888691e-01,1.169513956014681527e-01,6.930118755280455511e-01,-3.774647335768301359e-01,-4.668062001933125371e-01,-4.064018926789744190e-01,-7.167944361002790421e-01,-3.669621702617922865e-01,-4.602362970513234064e-01,-5.183686688943279358e-02,-5.183686688943279358e-02,-7.051398600435393460e-01,-1.040941436780788015e-01,-2.030901712371240009e-02,-8.401389803667852485e-02,-3.271524934852403366e-01,1.926060419058570616e+00,-7.103890521813077674e-01,-5.752567881263277033e-02,-3.801429606348526863e-02,-1.147078669352808861e-01,-1.711160802546210780e-01,-7.340709118518067011e-02,-7.197411700355742237e-02,-1.244624194945742751e-01,-7.051263942166730025e-02,-2.872721242393142319e-02,-2.030901712371240009e-02,-2.019004323808653023e-01,-1.435916317235476011e-02,-1.435916317235476011e-02,-5.183686688943279358e-02,-3.801429606348527557e-02,-3.801429606348527557e-02,-1.558271304830920190e-01,-4.064318733121485144e-02,-8.148853797899899276e-02,-1.210011918676099085e-01,-5.569323991926412171e-02,-7.051263942166730025e-02,-4.979810447122927364e-02,-3.212131358814808435e-02,-2.030901712371240009e-02,-3.801429606348527557e-02,-6.749673070628271765e-02,-3.519076715388935045e-02,-1.435916317235476185e-02,-3.524455202264515918e-01,-3.753330286669139260e-01,3.439961240091715222e+00,-4.311306135592269523e-02,-3.519076715388935045e-02,-3.801429606348527557e-02,-1.435916317235476011e-02,-1.286658602907498339e-01,-4.767312946227962589e-02,5.913962991410492975e-01,-2.487592975524973576e-02,-4.967123990818995694e-01,-1.786283982422259831e-01,-4.979810447122926670e-02,5.840947806181536750e-01,-2.030901712371240009e-02,-4.892821642774447533e-01,-1.767766952966368654e-01
2.608433948130732261e-01,-5.537123258831522232e-01,4.511560658017802483e-01,7.082331122151057645e-01,4.075707483183714230e-01,4.934665227991011927e-01,-4.966680157416004104e-01,-4.963069089824175273e-01,-6.623362709603883292e-02,-3.636176791775609651e-02,8.414777418280475763e-01,1.664187147886288409e+00,6.165676593555254881e-01,3.420195472491967537e-01,8.276006256900798608e-01,-1.793962463029842302e-01,-5.831215192808524295e-01,-2.707201460312350788e-02,-5.812223314868822932e-01,5.815238057455904830e-01,3.600260422021904771e-01,9.406936628861676253e-01,-4.147197185502737860e-01,1.021626265741282236e-01,4.696009580735226452e-01,2.261248592970551696e-01,-2.482415229036441240e-01,-1.983785344183122967e-01,7.133843836791426973e-01,8.800285873625066646e-01,3.643850632671082335e-01,0.000000000000000000e+00,0.000000000000000000e+00,5.339616623415676111e-01,4.160901802106137248e-01,4.230452339520751615e-01,2.427280177794788329e-01,6.399977450991198857e-01,-3.064301119080259928e-01,4.575092059528056976e-01,-3.774647335768301359e-01,-4.668062001933125371e-01,3.184740958544813871e-01,4.569733905006030938e-01,9.137094037957288473e-01,-4.602362970513234064e-01,-5.183686688943279358e-02,-5.183686688943279358e-02,-7.051398600435393460e-01,-1.040941436780788015e-01,-2.030901712371240009e-02,-8.401389803667852485e-02,3.056678521220304923e+00,-5.191945123345532709e-01,-7.103890521813077674e-01,-5.752567881263277033e-02,-3.801429606348526863e-02,-1.147078669352808861e-01,-1.711160802546210780e-01,-7.340709118518067011e-02,-7.197411700355742237e-02,-1.244624194945742751e-01,-7.051263942166730025e-02,-2.872721242393142319e-02,-2.030901712371240009e-02,-2.019004323808653023e-01,-1.435916317235476011e-02,-1.435916317235476011e-02,-5.183686688943279358e-02,-3.801429606348527557e-02,-3.801429606348527557e-02,-1.558271304830920190e-01,-4.064318733121485144e-02,-8.148853797899899276e-02,-1.210011918676099085e-01,-5.569323991926412171e-02,-7.051263942166730025e-02,-4.979810447122927364e-02,-3.212131358814808435e-02,-2.030901712371240009e-02,-3.801429606348527557e-02,-6.749673070628271765e-02,-3.519076715388935045e-02,-1.435916317235476185e-02,-3.524455202264515918e-01,-3.753330286669139260e-01,-2.907009498669055336e-01,-4.311306135592269523e-02,-3.519076715388935045e-02,-3.801429606348527557e-02,-1.435916317235476011e-02,-1.286658602907498339e-01,-4.767312946227962589e-02,5.913962991410492975e-01,-2.487592975524973576e-02,-4.967123990818995694e-01,-1.786283982422259831e-01,-4.979810447122926670e-02,5.840947806181536750e-01,-2.030901712371240009e-02,-4.892821642774447533e-01,-1.767766952966368654e-01
-4.384896455681847743e-02,8.839639414812570095e-01,-5.507016019503075954e-01,7.082331122151057645e-01,2.640615881171360368e-01,-4.389523334489801587e-01,5.905777172739697933e-01,6.573034482162921632e-01,1.100007117161253767e+00,-6.302706439077716549e-01,-1.329681485666315499e+00,6.788889985410339056e-01,-6.039221803549972289e-01,-7.292287318279334629e-01,-3.586927771487311012e-01,4.783278468974136999e-01,-2.446226174023423960e-01,1.963009878227889651e-02,3.080553613919224665e-01,1.124677272402395900e+00,-6.362483984730694930e-02,4.388828066981781961e-01,1.063127917260084487e+00,-2.033418333084732466e-01,5.625440118317706073e-01,-1.106413368653558910e-01,-1.363252006354677692e-01,-2.446980507093804713e-01,-1.056955254897004731e-01,-1.359569588781228688e+00,3.643850632671082335e-01,0.000000000000000000e+00,0.000000000000000000e+00,5.339616623415676111e-01,1.005591776063908815e+00,1.318026668710696736e+00,-1.090855379618697052e+00,4.843405060110244076e-01,1.810477425639444693e+00,1.164017214678525258e+00,-3.774647335768301359e-01,-4.668062001933125371e-01,-6.135093179742474589e-01,-1.253374013974976713e-02,9.137094037957288473e-01,-4.602362970513234064e-01,-5.183686688943279358e-02,-5.183686688943279358e-02,1.418158377741196352e+00,-1.040941436780788015e-01,-2.030901712371240009e-02,-8.401389803667852485e-02,-3.271524934852403366e-01,-5.191945123345532709e-01,-7.103890521813077674e-01,-5.752567881263277033e-02,-3.801429606348526863e-02,-1.147078669352808861e-01,-1.711160802546210780e-01,-7.340709118518067011e-02,-7.197411700355742237e-02,-1.244624194945742751e-01,-7.051263942166730025e-02,-2.872721242393142319e-02,-2.030901712371240009e-02,-2.019004323808653023e-01,-1.435916317235476011e-02,-1.435916317235476011e-02,-5.183686688943279358e-02,-3.801429606348527557e-02,-3.801429606348527557e-02,-1.558271304830920190e-01,-4.064318733121485144e-02,-8.148853797899899276e-02,-1.210011918676099085e-01,-5.569323991926412171e-02,-7.051263942166730025e-02,-4.979810447122927364e-02,-3.212131358814808435e-02,-2.030901712371240009e-02,-3.801429606348527557e-02,-6.749673070628271765e-02,-3.519076715388935045e-02,-1.435916317235476185e-02,-3.524455202264515918e-01,2.664300564093018409e+00,-2.907009498669055336e-01,-4.311306135592269523e-02,-3.519076715388935045e-02,-3.801429606348527557e-02,-1.435916317235476011e-02,-1.286658602907498339e-01,-4.767312946227962589e-02,-1.690913523558418063e+00,-2.487592975524973576e-02,2.013237442528823973e+00,-1.786283982422259831e-01,-4.979810447122926670e-02,5.840947806181536750e-01,-2.030901712371240009e-02,-4.892821642774447533e-01,-1.767766952966368654e-01
9.531004653684460592e-01,-5.537123258831522232e-01,1.453013733553867981e+00,7.082331122151057645e-01,2.847226471739372933e+00,1.999681598276771055e+00,-4.966680157416004104e-01,-4.963069089824175273e-01,-6.493539992246850634e-01,5.575471080722594897e-01,8.414777418280475763e-01,-3.064091508042205425e-01,4.766388879237460352e-01,7.642633944766786813e-01,-6.324527931884567078e-01,1.494658002972147348e-01,-8.087874538665257296e-01,2.868459015291825676e+00,-7.996414139483429828e-01,9.575531288156864385e-01,-1.052143564629467676e+00,-3.138334775838059199e-01,3.583082755659137142e-01,3.920001910781347187e-01,1.399031495656002821e+00,2.261248592970551696e-01,7.590053775099431244e-01,2.648166284923695879e-01,2.704725447254771264e+00,1.909214562413573679e-01,-7.622329347767978769e-01,0.000000000000000000e+00,0.000000000000000000e+00,-6.258508857266168457e-01,-1.941916203202566749e+00,-4.719362008065465242e-01,-5.572910846361180948e-01,-1.096949987214391964e+00,-1.153193126927014367e+00,-4.845014723481537167e-01,-3.774647335768301359e-01,-4.668062001933125371e-01,-7.170630306218840344e-01,-9.515480014204554804e-01,-3.669621702617922865e-01,-4.602362970513234064e-01,-5.183686688943279358e-02,-5.183686688943279358e-02,-7.051398600435393460e-01,-1.040941436780788015e-01,-2.030901712371240009e-02,-8.401389803667852485e-02,-3.271524934852403366e-01,-5.191945123345532709e-01,1.407679351095596942e+00,-5.752567881263277033e-02,-3.801429606348526863e-02,-1.147078669352808861e-01,-1.711160802546210780e-01,-7.340709118518067011e-02,-7.197411700355742237e-02,-1.244624194945742751e-01,-7.051263942166730025e-02,-2.872721242393142319e-02,-2.030901712371240009e-02,-2.019004323808653023e-01,-1.435916317235476011e-02,-1.435916317235476011e-02,-5.183686688943279358e-02,-3.801429606348527557e-02,-3.801429606348527557e-02,-1.558271304830920190e-01,-4.064318733121485144e-02,-8.148853797899899276e-02,-1.210011918676099085e-01,-5.569323991926412171e-02,-7.051263942166730025e-02,-4.979810447122927364e-02,-3.212131358814808435e-02,-2.030901712371240009e-02,-3.801429606348527557e-02,-6.749673070628271765e-02,-3.519076715388935045e-02,-1.435916317235476185e-02,-3.524455202264515918e-01,-3.753330286669139260e-01,-2.907009498669055336e-01,-4.311306135592269523e-02,-3.519076715388935045e-02,-3.801429606348527557e-02,-1.435916317235476011e-02,-1.286658602907498339e-01,-4.767312946227962589e-02,-1.690913523558418063e+00,-2.487592975524973576e-02,2.013237442528823973e+00,-1.786283982422259831e-01,-4.979810447122926670e-02,-1.712050908829709783e+00,-2.030901712371240009e-02,2.043810449286999731e+00,-1.767766952966368654e-01
3.670391031276609151e-01,4.047385190264539689e-01,-4.977276807426366662e-02,-1.284019034700219164e+00,-5.252387929896585872e-01,-1.012748552678568670e+00,5.905777172739697933e-01,-4.963069089824175273e-01,-6.493539992246850634e-01,-3.636176791775609651e-02,4.434318834540809107e-01,-1.291707300149474991e+00,-4.018028438424267601e-01,-2.600689015751756483e-01,-8.493276110900550846e-02,8.894054051476624201e-01,2.067092517690042597e-01,-3.539868083009403144e-01,3.828782249173550475e-03,1.219324108821398522e-01,-1.052143564629467676e+00,-2.070171474241768728e+00,-2.025159554595558076e-01,-1.485076994833910979e-01,-4.598295795089574756e-01,8.996572516218772630e-01,3.113400884372377608e-01,-4.762956321647214275e-01,-7.820000376474609549e-01,-7.996700447452947946e-01,-7.622329347767978769e-01,0.000000000000000000e+00,0.000000000000000000e+00,-1.012455068416011628e+00,-1.352414607349271769e+00,-1.366917635565168210e+00,9.537106243452221355e-01,2.324830848255652060e-01,1.704632048762071195e+00,6.930118755280455511e-01,-3.774647335768301359e-01,-4.668062001933125371e-01,7.326889464450275780e-01,1.161234086461132353e+00,-3.669621702617922865e-01,-4.602362970513234064e-01,-5.183686688943279358e-02,-5.183686688943279358e-02,-7.051398600435393460e-01,-1.040941436780788015e-01,-2.030901712371240009e-02,-8.401389803667852485e-02,-3.271524934852403366e-01,1.926060419058570616e+00,-7.103890521813077674e-01,-5.752567881263277033e-02,-3.801429606348526863e-02,-1.147078669352808861e-01,-1.711160802546210780e-01,-7.340709118518067011e-02,-7.197411700355742237e-02,-1.244624194945742751e-01,-7.051263942166730025e-02,-2.872721242393142319e-02,-2.030901712371240009e-02,-2.019004323808653023e-01,-1.435916317235476011e-02,-1.435916317235476011e-02,-5.183686688943279358e-02,-3.801429606348527557e-02,-3.801429606348527557e-02,-1.558271304830920190e-01,-4.064318733121485144e-02,-8.148853797899899276e-02,-1.210011918676099085e-01,-5.569323991926412171e-02,-7.051263942166730025e-02,-4.979810447122927364e-02,-3.212131358814808435e-02,-2.030901712371240009e-02,-3.801429606348527557e-02,-6.749673070628271765e-02,-3.519076715388935045e-02,-1.435916317235476185e-02,-3.524455202264515918e-01,-3.753330286669139260e-01,3.439961240091715222e+00,-4.311306135592269523e-02,-3.519076715388935045e-02,-3.801429606348527557e-02,-1.435916317235476011e-02,-1.286658602907498339e-01,-4.767312946227962589e-02,5.913962991410492975e-01,-2.487592975524973576e-02,-4.967123990818995694e-01,-1.786283982422259831e-01,-4.979810447122926670e-02,5.840947806181536750e-01,-2.030901712371240009e-02,-4.892821642774447533e-01,-1.767766952966368654e-01
5.609784331128114983e-03,-7.448690342834912714e-02,-5.507016019503075954e-01,7.082331122151057645e-01,-5.252387929896585872e-01,-5.465391245545280219e-01,-4.966680157416004104e-01,6.573034482162921632e-01,1.683127489289899970e+00,-3.636176791775609651e-02,3.529669156418161480e-01,-6.008461346790693741e-02,7.020796863416133293e-01,-1.740562660288368368e-01,2.800805936106286476e-01,-1.165982386103581181e+00,-2.446226174023423960e-01,3.932470058654981004e-01,-9.758007746507620095e-02,1.219324108821398522e-01,-6.362483984730694930e-02,6.897882347921728829e-01,4.719888629359412224e-01,-2.895097578907453451e-01,4.885689282282582209e-03,-2.790244349465614282e-01,1.994237661690613783e-01,-8.005322462021987606e-01,-5.189927273638874627e-01,-4.120472834896483083e-01,-5.809668599935657873e-02,0.000000000000000000e+00,0.000000000000000000e+00,5.339616623415676111e-01,-4.681622135693289666e-01,1.247180890325345903e-01,-2.358431474134846662e-01,-1.776363773277023217e+00,-4.122754887853995465e-01,1.870525223404244874e+00,-3.774647335768301359e-01,-4.668062001933125371e-01,-9.241704559171570743e-01,-4.820408707801026038e-01,-3.669621702617922865e-01,-4.602362970513234064e-01,-5.183686688943279358e-02,-5.183686688943279358e-02,-7.051398600435393460e-01,-1.040941436780788015e-01,-2.030901712371240009e-02,-8.401389803667852485e-02,-3.271524934852403366e-01,1.926060419058570616e+00,-7.103890521813077674e-01,-5.752567881263277033e-02,-3.801429606348526863e-02,-1.147078669352808861e-01,-1.711160802546210780e-01,-7.340709118518067011e-02,-7.197411700355742237e-02,-1.244624194945742751e-01,-7.051263942166730025e-02,-2.872721242393142319e-02,-2.030901712371240009e-02,4.952936396459016066e+00,-1.435916317235476011e-02,-1.435916317235476011e-02,-5.183686688943279358e-02,-3.801429606348527557e-02,-3.801429606348527557e-02,-1.558271304830920190e-01,-4.064318733121485144e-02,-8.148853797899899276e-02,-1.210011918676099085e-01,-5.569323991926412171e-02,-7.051263942166730025e-02,-4.979810447122927364e-02,-3.212131358814808435e-02,-2.030901712371240009e-02,-3.801429606348527557e-02,-6.749673070628271765e-02,-3.519076715388935045e-02,-1.435916317235476185e-02,-3.524455202264515918e-01,-3.753330286669139260e-01,-2.907009498669055336e-01,-4.311306135592269523e-02,-3.519076715388935045e-02,-3.801429606348527557e-02,-1.435916317235476011e-02,-1.286658602907498339e-01,-4.767312946227962589e-02,5.913962991410492975e-01,-2.487592975524973576e-02,-4.967123990818995694e-01,-1.786283982422259831e-01,-4.979810447122926670e-02,5.840947806181536750e-01,-2.030901712371240009e-02,-4.892821642774447533e-01,-1.767766952966368654e-01
1.096845123507662167e+00,-5.537123258831522232e-01,4.511560658017802483e-01,7.082331122151057645e-01,1.923070080165183438e-01,6.369155776064983066e-01,-4.966680157416004104e-01,2.964524162613712210e+00,-6.623362709603883292e-02,-6.302706439077716549e-01,5.037418619955913446e-01,-6.008461346790693741e-02,1.345907799793956972e-01,-2.366109100625379269e-01,-9.062128092281823699e-01,8.071898934976127205e-01,-4.702885519880157239e-01,1.280587160188143780e+00,-2.847964338606140400e-01,2.472755185721718374e-01,-6.362483984730694930e-02,4.388828066981781961e-01,-1.418863088622077107e-01,-1.798414902405806592e-01,2.837148505570266099e-01,4.786995064188634408e-01,8.709216997781196179e-01,-1.520590181272440944e-01,1.497972902143424601e-01,5.785442174970039098e-01,-5.809668599935657873e-02,0.000000000000000000e+00,0.000000000000000000e+00,1.473574796521728292e-01,-4.681622135693289666e-01,4.230452339520751615e-01,-3.674338508386360558e-01,1.207177985381493679e+00,-3.064301119080259928e-01,-9.555068114986333683e-01,-3.774647335768301359e-01,-4.668062001933125371e-01,9.397963717403006179e-01,1.630741217101485230e+00,9.137094037957288473e-01,-4.602362970513234064e-01,-5.183686688943279358e-02,-5.183686688943279358e-02,-7.051398600435393460e-01,-1.040941436780788015e-01,-2.030901712371240009e-02,-8.401389803667852485e-02,-3.271524934852403366e-01,1.926060419058570616e+00,-7.103890521813077674e-01,-5.752567881263277033e-02,-3.801429606348526863e-02,-1.147078669352808861e-01,-1.711160802546210780e-01,-7.340709118518067011e-02,-7.197411700355742237e-02,-1.244624194945742751e-01,-7.051263942166730025e-02,-2.872721242393142319e-02,-2.030901712371240009e-02,-2.019004323808653023e-01,-1.435916317235476011e-02,-1.435916317235476011e-02,-5.183686688943279358e-02,-3.801429606348527557e-02,-3.801429606348527557e-02,-1.558271304830920190e-01,-4.064318733121485144e-02,-8.148853797899899276e-02,-1.210011918676099085e-01,-5.569323991926412171e-02,-7.051263942166730025e-02,-4.979810447122927364e-02,-3.212131358814808435e-02,-2.030901712371240009e-02,-3.801429606348527557e-02,-6.749673070628271765e-02,-3.519076715388935045e-02,-1.435916317235476185e-02,-3.524455202264515918e-01,-3.753330286669139260e-01,-2.907009498669055336e-01,-4.311306135592269523e-02,-3.519076715388935045e-02,-3.801429606348527557e-02,-1.435916317235476011e-02,7.772069434271623223e+00,-4.767312946227962589e-02,5.913962991410492975e-01,-2.487592975524973576e-02,-4.967123990818995694e-01,-1.786283982422259831e-01,-4.979810447122926670e-02,5.840947806181536750e-01,-2.030901712371240009e-02,-4.892821642774447533e-01,-1.767766952966368654e-01
-9.208733344695034795e-01,-5.537123258831522232e-01,-5.507016019503075954e-01,-1.284019034700219164e+00,-8.122571133921292486e-01,-5.465391245545280219e-01,-4.966680157416004104e-01,-4.963069089824175273e-01,-6.493539992246850634e-01,-6.302706439077716549e-01,-1.492518427728392716e+00,1.664187147886288409e+00,-3.240646374914379901e-01,2.023175605654911724e+00,-6.324527931884567078e-01,4.783278468974136999e-01,-8.087874538665257296e-01,-1.801752323248414722e+00,-1.236479578871264806e+00,1.375363487782459870e+00,2.478280452449677540e+00,1.693409947168151630e+00,6.159842736046428069e-01,-6.185145608412391249e-01,4.696009580735226452e-01,-1.373514572474397344e+00,1.430503311119001530e+00,7.953856332809684793e-02,3.151161709640172282e-01,-1.105629136241454841e-01,2.589455609403823022e+00,0.000000000000000000e+00,0.000000000000000000e+00,1.307170027720357286e+00,1.300342573990556527e+00,1.318026668710696736e+00,-4.533123349945952091e-02,1.551227247743593107e+00,-9.415023731722672595e-01,-9.555068114986333683e-01,-3.774647335768301359e-01,-4.668062001933125371e-01,7.812957911571764835e-03,9.264805211409559149e-01,-3.669621702617922865e-01,-4.602362970513234064e-01,-5.183686688943279358e-02,-5.183686688943279358e-02,1.418158377741196352e+00,-1.040941436780788015e-01,-2.030901712371240009e-02,-8.401389803667852485e-02,-3.271524934852403366e-01,-5.191945123345532709e-01,-7.103890521813077674e-01,-5.752567881263277033e-02,-3.801429606348526863e-02,-1.147078669352808861e-01,-1.711160802546210780e-01,-7.340709118518067011e-02,-7.197411700355742237e-02,-1.244624194945742751e-01,-7.051263942166730025e-02,-2.872721242393142319e-02,-2.030901712371240009e-02,-2.019004323808653023e-01,-1.435916317235476011e-02,-1.435916317235476011e-02,-5.183686688943279358e-02,-3.801429606348527557e-02,-3.801429606348527557e-02,-1.558271304830920190e-01,-4.064318733121485144e-02,-8.148853797899899276e-02,-1.210011918676099085e-01,-5.569323991926412171e-02,-7.051263942166730025e-02,-4.979810447122927364e-02,-3.212131358814808435e-02,-2.030901712371240009e-02,-3.801429606348527557e-02,-6.749673070628271765e-02,-3.519076715388935045e-02,-1.435916317235476185e-02,2.837317947345407543e+00,-3.753330286669139260e-01,-2.907009498669055336e-01,-4.311306135592269523e-02,-3.519076715388935045e-02,-3.801429606348527557e-02,-1.435916317235476011e-02,-1.286658602907498339e-01,-4.767312946227962589e-02,5.913962991410492975e-01,-2.487592975524973576e-02,-4.967123990818995694e-01,-1.786283982422259831e-01,-4.979810447122926670e-02,-1.712050908829709783e+00,-2.030901712371240009e-02,2.043810449286999731e+00,-1.767766952966368654e-01
1.094363915369470863e+00,-5.537123258831522232e-01,-4.977276807426366662e-02,-1.284019034700219164e+00,-1.063398143744291202e+00,-7.258504430637744420e-01,-4.966680157416004104e-01,1.810913805415002020e+00,-6.493539992246850634e-01,-3.636176791775609651e-02,-7.446746938136675764e-01,-3.064091508042205425e-01,-4.018028438424267601e-01,-8.152413673742724409e-01,-9.974661479080908499e-01,7.249743818475629098e-01,9.387628447616762351e-02,6.734596861779125199e-01,1.946198479852878416e+00,1.458925559575814379e+00,-4.872757218968044035e-01,9.406936628861676253e-01,3.962018046892561429e-01,1.990023519694818610e+00,1.907717967987786201e-01,7.312741535406717119e-01,8.709216997781196179e-01,1.721775959102332110e-01,-7.519420593293382193e-01,8.369593916674348266e-01,-4.805784352658213909e-01,0.000000000000000000e+00,0.000000000000000000e+00,-2.392467030372219805e-01,-1.734114156426813935e-01,1.247180890325345903e-01,3.828295627196897644e-01,3.073054486790703366e-01,2.339704310026312406e+00,1.635022553829005076e+00,-3.774647335768301359e-01,-4.668062001933125371e-01,7.326889464450275780e-01,-9.515480014204554804e-01,-3.669621702617922865e-01,-4.602362970513234064e-01,-5.183686688943279358e-02,-5.183686688943279358e-02,-7.051398600435393460e-01,-1.040941436780788015e-01,-2.030901712371240009e-02,-8.401389803667852485e-02,-3.271524934852403366e-01,1.926060419058570616e+00,-7.103890521813077674e-01,-5.752567881263277033e-02,-3.801429606348526863e-02,-1.147078669352808861e-01,-1.711160802546210780e-01,-7.340709118518067011e-02,-7.197411700355742237e-02,-1.244624194945742751e-01,-7.051263942166730025e-02,-2.872721242393142319e-02,-2.030901712371240009e-02,-2.019004323808653023e-01,-1.435916317235476011e-02,-1.435916317235476011e-02,-5.183686688943279358e-02,-3.801429606348527557e-02,-3.801429606348527557e-02,-1.558271304830920190e-01,-4.064318733121485144e-02,-8.148853797899899276e-02,-1.210011918676099085e-01,-5.569323991926412171e-02,-7.051263942166730025e-02,-4.979810447122927364e-02,-3.212131358814808435e-02,-2.030901712371240009e-02,-3.801429606348527557e-02,-6.749673070628271765e-02,-3.519076715388935045e-02,-1.435916317235476185e-02,-3.524455202264515918e-01,-3.753330286669139260e-01,3.439961240091715222e+00,-4.311306135592269523e-02,-3.519076715388935045e-02,-3.801429606348527557e-02,-1.435916317235476011e-02,-1.286658602907498339e-01,-4.767312946227962589e-02,-1.690913523558418063e+00,-2.487592975524973576e-02,2.013237442528823973e+00,-1.786283982422259831e-01,-4.979810447122926670e-02,5.840947806181536750e-01,-2.030901712371240009e-02,-4.892821642774447533e-01,-1.767766952966368654e-01
-1.220897278477841574e-01,4.047385190264539689e-01,-5.507016019503075954e-01,-1.284019034700219164e+00,4.879784781528296450e-02,-1.084473080082267282e+00,-4.966680157416004104e-01,-4.963069089824175273e-01,-6.623362709603883292e-02,-6.302706439077716549e-01,-2.923498547523419311e-01,-3.064091508042205425e-01,5.466032736396357894e-01,-5.728421217436810986e-01,-1.761860997889140579e-01,-1.412628921053730391e+00,-8.087874538665257296e-01,-7.377412798852590881e-02,1.283140550952015291e+00,-1.799995240365017457e+00,-6.362483984730694930e-02,-3.138334775838059199e-01,9.115538007667148834e-01,1.491633127099130929e-01,-1.203374009574941672e+00,4.786995064188634408e-01,-1.363252006354677692e-01,8.669703402762560795e-01,4.578915679750999446e-01,-2.828396964044327944e-01,-5.809668599935657873e-02,0.000000000000000000e+00,0.000000000000000000e+00,1.473574796521728292e-01,7.108409781372613256e-01,-1.736090558870059808e-01,3.762827615542593263e-01,5.063863810750036665e-01,-8.356569962948936503e-01,-9.555068114986333683e-01,9.257960654133498002e-01,-4.668062001933125371e-01,-4.064018926789744190e-01,-4.820408707801026038e-01,-3.669621702617922865e-01,-4.602362970513234064e-01,-5.183686688943279358e-02,-5.183686688943279358e-02,1.418158377741196352e+00,-1.040941436780788015e-01,-2.030901712371240009e-02,-8.401389803667852485e-02,-3.271524934852403366e-01,-5.191945123345532709e-01,-7.103890521813077674e-01,-5.752567881263277033e-02,-3.801429606348526863e-02,-1.147078669352808861e-01,-1.711160802546210780e-01,-7.340709118518067011e-02,-7.197411700355742237e-02,-1.244624194945742751e-01,-7.051263942166730025e-02,-2.872721242393142319e-02,-2.030901712371240009e-02,-2.019004323808653023e-01,-1.435916317235476011e-02,-1.435916317235476011e-02,-5.183686688943279358e-02,-3.801429606348527557e-02,-3.801429606348527557e-02,-1.558271304830920190e-01,-4.064318733121485144e-02,-8.148853797899899276e-02,-1.210011918676099085e-01,-5.569323991926412171e-02,-7.051263942166730025e-02,-4.979810447122927364e-02,-3.212131358814808435e-02,-2.030901712371240009e-02,-3.801429606348527557e-02,-6.749673070628271765e-02,-3.519076715388935045e-02,-1.435916317235476185e-02,-3.524455202264515918e-01,2.664300564093018409e+00,-2.907009498669055336e-01,-4.311306135592269523e-02,-3.519076715388935045e-02,-3.801429606348527557e-02,-1.435916317235476011e-02,-1.286658602907498339e-01,-4.767312946227962589e-02,-1.690913523558418063e+00,-2.487592975524973576e-02,2.013237442528823973e+00,-1.786283982422259831e-01,-4.979810447122926670e-02,5.840947806181536750e-01,-2.030901712371240009e-02,-4.892821642774447533e-01,-1.767766952966368654e-01
-4.807070107543667814e-01,4.047385190264539689e-01,-5.507016019503075954e-01,7.082331122151057645e-01,2.281842980668271903e-01,-5.106768608526787157e-01,-4.966680157416004104e-01,6.573034482162921632e-01,2.266247861418546172e+00,-6.302706439077716549e-01,-8.411706594800838488e-01,-3.064091508042205425e-01,-1.530405835192626407e-01,-4.086361811552155499e-01,-2.674394384688225657e-01,4.783278468974136999e-01,-3.574555846951790183e-01,3.932470058654981004e-01,3.548594504908069713e-01,1.208239344195750409e+00,-6.362483984730694930e-02,-3.138334775838059199e-01,4.000263092983657315e-02,-6.420149039091317400e-01,7.484301193482666426e-01,-2.790244349465614282e-01,-3.601578451718204787e-01,4.964142099477105718e-01,8.261018023721030668e-01,-1.536321093192173082e-01,-5.809668599935657873e-02,0.000000000000000000e+00,0.000000000000000000e+00,1.473574796521728292e-01,-4.681622135693289666e-01,-1.068590490645627611e+00,-1.064013494840432505e+00,-5.772017811605795190e-01,1.387095918129950478e+00,1.870525223404244874e+00,-3.774647335768301359e-01,-4.668062001933125371e-01,5.255815211497544270e-01,1.161234086461132353e+00,-3.669621702617922865e-01,-4.602362970513234064e-01,-5.183686688943279358e-02,-5.183686688943279358e-02,1.418158377741196352e+00,-1.040941436780788015e-01,-2.030901712371240009e-02,-8.401389803667852485e-02,-3.271524934852403366e-01,-5.191945123345532709e-01,-7.103890521813077674e-01,-5.752567881263277033e-02,-3.801429606348526863e-02,-1.147078669352808861e-01,-1.711160802546210780e-01,-7.340709118518067011e-02,-7.197411700355742237e-02,-1.244624194945742751e-01,-7.051263942166730025e-02,-2.872721242393142319e-02,-2.030901712371240009e-02,-2.019004323808653023e-01,-1.435916317235476011e-02,-1.435916317235476011e-02,-5.183686688943279358e-02,-3.801429606348527557e-02,-3.801429606348527557e-02,-1.558271304830920190e-01,-4.064318733121485144e-02,-8.148853797899899276e-02,-1.210011918676099085e-01,-5.569323991926412171e-02,-7.051263942166730025e-02,-4.979810447122927364e-02,-3.212131358814808435e-02,-2.030901712371240009e-02,-3.801429606348527557e-02,-6.749673070628271765e-02,-3.519076715388935045e-02,-1.435916317235476185e-02,-3.524455202264515918e-01,-3.753330286669139260e-01,-2.907009498669055336e-01,-4.311306135592269523e-02,-3.519076715388935045e-02,-3.801429606348527557e-02,-1.435916317235476011e-02,-1.286658602907498339e-01,-4.767312946227962589e-02,5.913962991410492975e-01,-2.487592975524973576e-02,-4.967123990818995694e-01,-1.786283982422259831e-01,-4.979810447122926670e-02,5.840947806181536750e-01,-2.030901712371240009e-02,-4.892821642774447533e-01,-1.767766952966368654e-01
-3.557827076284747481e-02,-5.537123258831522232e-01,-5.507016019503075954e-01,-1.284019034700219164e+00,-1.135152723844908840e+00,-9.410240252748701684e-01,-4.966680157416004104e-01,6.573034482162921632e-01,-6.493539992246850634e-01,-6.302706439077716549e-01,-2.071494221726889684e+00,-5.527336881405341407e-01,2.505606073684551571e+00,-5.572034607352558400e-01,-9.062128092281823699e-01,-8.371203395033821604e-01,-8.087874538665257296e-01,-6.341994886133547338e-01,-4.486107457067096127e-01,-1.006155558328148070e+00,-4.872757218968044035e-01,1.879773786041834815e-01,-3.768261894269314127e-01,-6.341814562198340166e-01,-6.457156870254534553e-01,1.068040349703082814e+00,7.590053775099431244e-01,-3.836565995825850228e-01,-8.796884671813597345e-01,-7.566008490502229566e-01,-4.805784352658213909e-01,0.000000000000000000e+00,0.000000000000000000e+00,-2.392467030372219805e-01,2.184594967770498997e+00,7.213723788716157603e-01,-5.946078512790715642e-01,-9.686830777512402957e-01,-1.682420011313881858e+00,-9.555068114986333683e-01,-3.774647335768301359e-01,-4.668062001933125371e-01,-3.028481800313378436e-01,-4.820408707801026038e-01,-3.669621702617922865e-01,-4.602362970513234064e-01,-5.183686688943279358e-02,-5.183686688943279358e-02,-7.051398600435393460e-01,-1.040941436780788015e-01,-2.030901712371240009e-02,-8.401389803667852485e-02,-3.271524934852403366e-01,1.926060419058570616e+00,-7.103890521813077674e-01,-5.752567881263277033e-02,-3.801429606348526863e-02,-1.147078669352808861e-01,-1.711160802546210780e-01,-7.340709118518067011e-02,-7.197411700355742237e-02,-1.244624194945742751e-01,-7.051263942166730025e-02,-2.872721242393142319e-02,-2.030901712371240009e-02,4.952936396459016066e+00,-1.435916317235476011e-02,-1.435916317235476011e-02,-5.183686688943279358e-02,-3.801429606348527557e-02,-3.801429606348527557e-02,-1.558271304830920190e-01,-4.064318733121485144e-02,-8.148853797899899276e-02,-1.210011918676099085e-01,-5.569323991926412171e-02,-7.051263942166730025e-02,-4.979810447122927364e-02,-3.212131358814808435e-02,-2.030901712371240009e-02,-3.801429606348527557e-02,-6.749673070628271765e-02,-3.519076715388935045e-02,-1.435916317235476185e-02,-3.524455202264515918e-01,-3.753330286669139260e-01,-2.907009498669055336e-01,-4.311306135592269523e-02,-3.519076715388935045e-02,-3.801429606348527557e-02,-1.435916317235476011e-02,-1.286658602907498339e-01,-4.767312946227962589e-02,-1.690913523558418063e+00,-2.487592975524973576e-02,-4.967123990818995694e-01,-1.786283982422259831e-01,-4.979810447122926670e-02,5.840947806181536750e-01,-2.030901712371240009e-02,-4.892821642774447533e-01,-1.767766952966368654e-01
-3.354736277322359905e-01,2.800865631300469172e+00,-5.507016019503075954e-01,7.082331122151057645e-01,8.739755189723863449e-01,8.879514235194433391e-01,-4.966680157416004104e-01,6.573034482162921632e-01,1.100007117161253767e+00,-6.302706439077716549e-01,8.414777418280475763e-01,-3.064091508042205425e-01,2.589719101409774238e-01,7.564440639724658855e-01,3.713339322905371831e-01,3.961123352473639447e-01,6.580411209403509432e-01,-1.671783547593307107e-01,1.337745321567380463e+00,1.219324108821398522e-01,-7.697096432631360674e-01,-6.292804948981121915e-02,5.477759211826263019e-01,5.643360402426789157e-01,6.554870655900186804e-01,-6.157906311089724749e-01,9.828380220462961114e-01,-1.773242088314630704e+00,-1.202811734101178587e+00,1.864467346107001947e-02,-7.622329347767978769e-01,0.000000000000000000e+00,0.000000000000000000e+00,-6.258508857266168457e-01,-1.057663809422624057e+00,-1.736090558870059808e-01,-5.821689290647537041e-01,-2.418372574600476388e-01,-7.298116194175201521e-01,-1.191009481073873166e+00,-3.774647335768301359e-01,-4.668062001933125371e-01,-9.574075473606477593e-02,-2.472873054599261933e-01,-3.669621702617922865e-01,-4.602362970513234064e-01,-5.183686688943279358e-02,-5.183686688943279358e-02,-7.051398600435393460e-01,-1.040941436780788015e-01,-2.030901712371240009e-02,-8.401389803667852485e-02,-3.271524934852403366e-01,-5.191945123345532709e-01,1.407679351095596942e+00,-5.752567881263277033e-02,-3.801429606348526863e-02,-1.147078669352808861e-01,-1.711160802546210780e-01,-7.340709118518067011e-02,-7.197411700355742237e-02,-1.244624194945742751e-01,-7.051263942166730025e-02,-2.872721242393142319e-02,-2.030901712371240009e-02,-2.019004323808653023e-01,-1.435916317235476011e-02,-1.435916317235476011e-02,-5.183686688943279358e-02,-3.801429606348527557e-02,-3.801429606348527557e-02,-1.558271304830920190e-01,-4.064318733121485144e-02,-8.148853797899899276e-02,-1.210011918676099085e-01,-5.569323991926412171e-02,-7.051263942166730025e-02,-4.979810447122927364e-02,-3.212131358814808435e-02,-2.030901712371240009e-02,-3.801429606348527557e-02,-6.749673070628271765e-02,-3.519076715388935045e-02,-1.435916317235476185e-02,-3.524455202264515918e-01,-3.753330286669139260e-01,-2.907009498669055336e-01,-4.311306135592269523e-02,-3.519076715388935045e-02,-3.801429606348527557e-02,-1.435916317235476011e-02,-1.286658602907498339e-01,-4.767312946227962589e-02,5.913962991410492975e-01,-2.487592975524973576e-02,-4.967123990818995694e-01,-1.786283982422259831e-01,-4.979810447122926670e-02,-1.712050908829709783e+00,-2.030901712371240009e-02,2.043810449286999731e+00,-1.767766952966368654e-01
-5.658583299953381940e-02,-7.448690342834912714e-02,1.453013733553867981e+00,7.082331122151057645e-01,1.205524279159006507e-01,-7.258504430637744420e-01,5.905777172739697933e-01,2.964524162613712210e+00,1.100007117161253767e+00,1.151455984062275117e+00,-9.075116358757447932e-01,1.171538073213661102e+00,-9.770655708397431027e-01,1.491461131368453374e+00,1.283867319089622594e+00,8.071898934976127205e-01,2.067092517690042597e-01,3.932470058654981004e-01,6.200826220511521658e-01,6.650858775389451027e-01,3.600260422021904771e-01,1.442504519074156999e+00,-2.820572149217986588e-02,-6.576817992877266317e-01,-1.810004182342134504e-01,-1.948328859059586526e-01,4.232564107054141989e-01,-5.226151484557896021e-01,3.752321276002626438e-01,-1.144223610305869387e+00,3.643850632671082335e-01,0.000000000000000000e+00,0.000000000000000000e+00,5.339616623415676111e-01,7.108409781372613256e-01,7.213723788716157603e-01,2.995697990299027447e-02,1.682166384487226996e+00,1.169513956014681527e-01,-7.200041419233935702e-01,-3.774647335768301359e-01,-4.668062001933125371e-01,1.043350084387937082e+00,4.569733905006030938e-01,-3.669621702617922865e-01,-4.602362970513234064e-01,-5.183686688943279358e-02,-5.183686688943279358e-02,1.418158377741196352e+00,-1.040941436780788015e-01,-2.030901712371240009e-02,-8.401389803667852485e-02,-3.271524934852403366e-01,-5.191945123345532709e-01,-7.103890521813077674e-01,-5.752567881263277033e-02,-3.801429606348526863e-02,-1.147078669352808861e-01,-1.711160802546210780e-01,-7.340709118518067011e-02,-7.197411700355742237e-02,-1.244624194945742751e-01,-7.051263942166730025e-02,-2.872721242393142319e-02,-2.030901712371240009e-02,-2.019004323808653023e-01,-1.435916317235476011e-02,-1.435916317235476011e-02,-5.183686688943279358e-02,-3.801429606348527557e-02,-3.801429606348527557e-02,-1.558271304830920190e-01,-4.064318733121485144e-02,-8.148853797899899276e-02,-1.210011918676099085e-01,-5.569323991926412171e-02,-7.051263942166730025e-02,-4.979810447122927364e-02,-3.212131358814808435e-02,-2.030901712371240009e-02,-3.801429606348527557e-02,-6.749673070628271765e-02,-3.519076715388935045e-02,-1.435916317235476185e-02,-3.524455202264515918e-01,2.664300564093018409e+00,-2.907009498669055336e-01,-4.311306135592269523e-02,-3.519076715388935045e-02,-3.801429606348527557e-02,-1.435916317235476011e-02,-1.286658602907498339e-01,-4.767312946227962589e-02,5.913962991410492975e-01,-2.487592975524973576e-02,-4.967123990818995694e-01,-1.786283982422259831e-01,-4.979810447122926670e-02,5.840947806181536750e-01,-2.030901712371240009e-02,-4.892821642774447533e-01,-1.767766952966368654e-01
1.008183286036292925e+00,-5.537123258831522232e-01,2.955800235181999636e+00,-2.878929612425566442e-01,-7.405025332915116110e-01,-1.161919601323366108e-01,-4.966680157416004104e-01,2.964524162613712210e+00,-6.493539992246850634e-01,5.575471080722594897e-01,-7.205507023970635361e-01,2.156836222558915495e+00,-9.692917502046441980e-01,8.346373690145919566e-01,2.652667399288250571e+00,4.783278468974136999e-01,-5.831215192808524295e-01,2.074523087739984728e+00,-3.237998414430177663e-01,-1.705348403946014557e-01,9.248938849348538049e-01,1.693409947168151630e+00,3.658869813905820667e-01,8.150063663001978487e-01,-2.739434719924614403e-01,-2.790244349465614282e-01,-2.482415229036441240e-01,7.953856332809684793e-02,2.205088236232090326e-02,1.181512957228009419e+00,9.276940622890612609e-01,0.000000000000000000e+00,0.000000000000000000e+00,9.205658450309623930e-01,2.184594967770498997e+00,1.914680958549777934e+00,1.729506562448726470e+00,-1.472397920122158643e+00,2.227967724788416926e-01,6.930118755280455511e-01,3.532317663393710117e+00,-4.668062001933125371e-01,7.812957911571764835e-03,-4.820408707801026038e-01,-3.669621702617922865e-01,-4.602362970513234064e-01,-5.183686688943279358e-02,-5.183686688943279358e-02,-7.051398600435393460e-01,-1.040941436780788015e-01,-2.030901712371240009e-02,-8.401389803667852485e-02,-3.271524934852403366e-01,1.926060419058570616e+00,-7.103890521813077674e-01,-5.752567881263277033e-02,-3.801429606348526863e-02,-1.147078669352808861e-01,-1.711160802546210780e-01,-7.340709118518067011e-02,-7.197411700355742237e-02,-1.244624194945742751e-01,-7.051263942166730025e-02,-2.872721242393142319e-02,-2.030901712371240009e-02,-2.019004323808653023e-01,-1.435916317235476011e-02,-1.435916317235476011e-02,-5.183686688943279358e-02,-3.801429606348527557e-02,-3.801429606348527557e-02,-1.558271304830920190e-01,-4.064318733121485144e-02,-8.148853797899899276e-02,-1.210011918676099085e-01,-5.569323991926412171e-02,-7.051263942166730025e-02,-4.979810447122927364e-02,-3.212131358814808435e-02,-2.030901712371240009e-02,-3.801429606348527557e-02,-6.749673070628271765e-02,-3.519076715388935045e-02,-1.435916317235476185e-02,-3.524455202264515918e-01,-3.753330286669139260e-01,3.439961240091715222e+00,-4.311306135592269523e-02,-3.519076715388935045e-02,-3.801429606348527557e-02,-1.435916317235476011e-02,-1.286658602907498339e-01,-4.767312946227962589e-02,-1.690913523558418063e+00,-2.487592975524973576e-02,2.013237442528823973e+00,-1.786283982422259831e-01,-4.979810447122926670e-02,5.840947806181536750e-01,-2.030901712371240009e-02,-4.892821642774447533e-01,-1.767766952966368654e-01
1.553056593183102629e+00,-5.537123258831522232e-01,-5.507016019503075954e-01,-1.284019034700219164e+00,-1.027520853693982383e+00,-7.975749704674730545e-01,-4.966680157416004104e-01,-4.963069089824175273e-01,-6.493539992246850634e-01,-6.302706439077716549e-01,-1.456332440603486766e+00,-6.008461346790693741e-02,7.176273276118111388e-01,1.092675275653608669e+00,-8.493276110900550846e-02,3.961123352473639447e-01,-6.959544865736890795e-01,-2.605825815301355264e-01,4.094642211061720327e-01,1.375363487782459870e+00,-6.362483984730694930e-02,6.897882347921728829e-01,1.245016857052128723e+00,1.692352507501514669e+00,1.399031495656002821e+00,-2.644978782475312235e-02,5.351727329735904704e-01,5.427337262387786909e-01,-3.085868791370286468e-01,2.339906519364291781e-01,-5.809668599935657873e-02,0.000000000000000000e+00,0.000000000000000000e+00,1.473574796521728292e-01,1.213393822839661657e-01,1.247180890325345903e-01,-3.464840871092587093e-01,-1.177116805628861673e+00,-3.064301119080259928e-01,-9.555068114986333683e-01,-3.774647335768301359e-01,-4.668062001933125371e-01,-3.028481800313378436e-01,-2.472873054599261933e-01,9.137094037957288473e-01,-4.602362970513234064e-01,-5.183686688943279358e-02,-5.183686688943279358e-02,1.418158377741196352e+00,-1.040941436780788015e-01,-2.030901712371240009e-02,-8.401389803667852485e-02,-3.271524934852403366e-01,-5.191945123345532709e-01,-7.103890521813077674e-01,-5.752567881263277033e-02,-3.801429606348526863e-02,-1.147078669352808861e-01,-1.711160802546210780e-01,-7.340709118518067011e-02,-7.197411700355742237e-02,-1.244624194945742751e-01,-7.051263942166730025e-02,-2.872721242393142319e-02,-2.030901712371240009e-02,-2.019004323808653023e-01,-1.435916317235476011e-02,-1.435916317235476011e-02,-5.183686688943279358e-02,-3.801429606348527557e-02,-3.801429606348527557e-02,-1.558271304830920190e-01,-4.064318733121485144e-02,-8.148853797899899276e-02,-1.210011918676099085e-01,-5.569323991926412171e-02,-7.051263942166730025e-02,-4.979810447122927364e-02,-3.212131358814808435e-02,-2.030901712371240009e-02,-3.801429606348527557e-02,-6.749673070628271765e-02,-3.519076715388935045e-02,-1.435916317235476185e-02,-3.524455202264515918e-01,2.664300564093018409e+00,-2.907009498669055336e-01,-4.311306135592269523e-02,-3.519076715388935045e-02,-3.801429606348527557e-02,-1.435916317235476011e-02,-1.286658602907498339e-01,-4.767312946227962589e-02,5.913962991410492975e-01,-2.487592975524973576e-02,-4.967123990818995694e-01,-1.786283982422259831e-01,-4.979810447122926670e-02,5.840947806181536750e-01,-2.030901712371240009e-02,-4.892821642774447533e-01,-1.767766952966368654e-01
1.201717520815214435e+00,-5.537123258831522232e-01,-5.507016019503075954e-01,-1.284019034700219164e+00,-3.817296327884231455e-01,-7.975749704674730545e-01,5.905777172739697933e-01,-4.963069089824175273e-01,-6.623362709603883292e-02,-6.302706439077716549e-01,-2.983808526064931077e-01,1.862399238684066816e-01,-2.307787898702514384e-01,-6.275774352731693373e-01,-6.324527931884567078e-01,-1.496522300288474598e-02,-4.702885519880157239e-01,1.597364389384861028e-01,-9.244523182120348848e-01,3.308375903655265127e-01,3.600260422021904771e-01,6.897882347921728829e-01,6.841926260266595339e-01,1.708019402880110116e+00,4.885689282282582209e-03,5.774176121584963933e-02,-8.078231342445260088e-01,3.574556610745059926e-01,-2.303608511486300581e-02,-1.144223610305869387e+00,3.643850632671082335e-01,0.000000000000000000e+00,0.000000000000000000e+00,5.339616623415676111e-01,1.213393822839661657e-01,1.318026668710696736e+00,5.347153497576754289e-01,-6.013199957482376692e-03,-5.181208656627730447e-01,-4.845014723481537167e-01,-3.774647335768301359e-01,1.696017942249628430e+00,-5.099556053266109945e-01,-2.472873054599261933e-01,-3.669621702617922865e-01,-4.602362970513234064e-01,-5.183686688943279358e-02,-5.183686688943279358e-02,1.418158377741196352e+00,-1.040941436780788015e-01,-2.030901712371240009e-02,-8.401389803667852485e-02,-3.271524934852403366e-01,-5.191945123345532709e-01,-7.103890521813077674e-01,-5.752567881263277033e-02,-3.801429606348526863e-02,-1.147078669352808861e-01,-1.711160802546210780e-01,-7.340709118518067011e-02,-7.197411700355742237e-02,-1.244624194945742751e-01,-7.051263942166730025e-02,-2.872721242393142319e-02,-2.030901712371240009e-02,-2.019004323808653023e-01,-1.435916317235476011e-02,-1.435916317235476011e-02,-5.183686688943279358e-02,-3.801429606348527557e-02,-3.801429606348527557e-02,-1.558271304830920190e-01,-4.064318733121485144e-02,-8.148853797899899276e-02,-1.210011918676099085e-01,-5.569323991926412171e-02,-7.051263942166730025e-02,-4.979810447122927364e-02,-3.212131358814808435e-02,-2.030901712371240009e-02,-3.801429606348527557e-02,-6.749673070628271765e-02,-3.519076715388935045e-02,-1.435916317235476185e-02,-3.524455202264515918e-01,2.664300564093018409e+00,-2.907009498669055336e-01,-4.311306135592269523e-02,-3.519076715388935045e-02,-3.801429606348527557e-02,-1.435916317235476011e-02,-1.286658602907498339e-01,-4.767312946227962589e-02,5.913962991410492975e-01,-2.487592975524973576e-02,-4.967123990818995694e-01,-1.786283982422259831e-01,-4.979810447122926670e-02,5.840947806181536750e-01,-2.030901712371240009e-02,-4.892821642774447533e-01,-1.767766952966368654e-01
7.508361220048452578e-02,-5.537123258831522232e-01,-5.507016019503075954e-01,-1.284019034700219164e+00,-1.099275433794600021e+00,-9.051617615730208621e-01,-4.966680157416004104e-01,-4.963069089824175273e-01,-6.623362709603883292e-02,-6.302706439077716549e-01,-7.145197045429126925e-01,-6.008461346790693741e-02,-3.318384581265366728e-01,-8.934346724163986231e-01,-4.499461158286396367e-01,3.961123352473639447e-01,5.452081536475141821e-01,6.267575727925100981e-01,-1.599855295969221936e-01,7.904289852289771989e-01,-4.872757218968044035e-01,-5.647389056778006067e-01,7.031745422851061467e-02,-2.111752809977705536e-01,6.554870655900186804e-01,1.419333102564523941e-01,-2.482415229036441240e-01,7.743313076941197304e-01,-2.710144062393752273e-01,7.938901959723629886e-01,-4.805784352658213909e-01,0.000000000000000000e+00,0.000000000000000000e+00,-2.392467030372219805e-01,-4.681622135693289666e-01,-4.719362008065465242e-01,-1.206079080130272541e+00,-1.767010977795335114e+00,7.520236568657093779e-01,2.220065363775658440e-01,-3.774647335768301359e-01,1.696017942249628430e+00,-1.992944673837013236e-01,1.395987651781308791e+00,2.194380977853250148e+00,-4.602362970513234064e-01,-5.183686688943279358e-02,-5.183686688943279358e-02,1.418158377741196352e+00,-1.040941436780788015e-01,-2.030901712371240009e-02,-8.401389803667852485e-02,-3.271524934852403366e-01,-5.191945123345532709e-01,-7.103890521813077674e-01,-5.752567881263277033e-02,-3.801429606348526863e-02,-1.147078669352808861e-01,-1.711160802546210780e-01,-7.340709118518067011e-02,-7.197411700355742237e-02,-1.244624194945742751e-01,-7.051263942166730025e-02,-2.872721242393142319e-02,-2.030901712371240009e-02,-2.019004323808653023e-01,-1.435916317235476011e-02,-1.435916317235476011e-02,-5.183686688943279358e-02,-3.801429606348527557e-02,-3.801429606348527557e-02,-1.558271304830920190e-01,-4.064318733121485144e-02,-8.148853797899899276e-02,8.264381404557756383e+00,-5.569323991926412171e-02,-7.051263942166730025e-02,-4.979810447122927364e-02,-3.212131358814808435e-02,-2.030901712371240009e-02,-3.801429606348527557e-02,-6.749673070628271765e-02,-3.519076715388935045e-02,-1.435916317235476185e-02,-3.524455202264515918e-01,-3.753330286669139260e-01,-2.907009498669055336e-01,-4.311306135592269523e-02,-3.519076715388935045e-02,-3.801429606348527557e-02,-1.435916317235476011e-02,-1.286658602907498339e-01,-4.767312946227962589e-02,5.913962991410492975e-01,-2.487592975524973576e-02,-4.967123990818995694e-01,-1.786283982422259831e-01,-4.979810447122926670e-02,5.840947806181536750e-01,-2.030901712371240009e-02,-4.892821642774447533e-01,-1.767766952966368654e-01
-9.987832700087103666e-01,-5.537123258831522232e-01,-4.977276807426366662e-02,7.082331122151057645e-01,-5.969933730902762248e-01,-1.161919601323366108e-01,5.905777172739697933e-01,6.573034482162921632e-01,5.168867450326074531e-01,-3.636176791775609651e-02,3.167809285169097544e-01,-6.008461346790693741e-02,-1.482363912121169802e+00,-1.354775172164943697e+00,1.101360641729805412e+00,2.316813119472644900e-01,9.387628447616762351e-02,8.135660263341197851e-01,3.236567244248839681e-01,-1.131498666018180055e+00,9.248938849348538049e-01,6.897882347921728829e-01,-1.134696771893781708e+00,-9.367356565830856074e-02,1.399031495656002821e+00,3.945079573782606652e-01,-2.482415229036441240e-01,3.574556610745059926e-01,8.862177590083482048e-01,6.171386915614185398e-02,9.276940622890612609e-01,0.000000000000000000e+00,0.000000000000000000e+00,1.307170027720357286e+00,-1.734114156426813935e-01,7.213723788716157603e-01,-1.245475276011675653e-01,1.859869498639301622e+00,-9.473935815327891308e-02,2.106027892979484673e+00,-3.774647335768301359e-01,-4.668062001933125371e-01,1.113666705592083056e-01,9.264805211409559149e-01,-3.669621702617922865e-01,-4.602362970513234064e-01,-5.183686688943279358e-02,-5.183686688943279358e-02,1.418158377741196352e+00,-1.040941436780788015e-01,-2.030901712371240009e-02,-8.401389803667852485e-02,-3.271524934852403366e-01,-5.191945123345532709e-01,-7.103890521813077674e-01,-5.752567881263277033e-02,-3.801429606348526863e-02,-1.147078669352808861e-01,-1.711160802546210780e-01,-7.340709118518067011e-02,-7.197411700355742237e-02,-1.244624194945742751e-01,-7.051263942166730025e-02,-2.872721242393142319e-02,-2.030901712371240009e-02,-2.019004323808653023e-01,-1.435916317235476011e-02,-1.435916317235476011e-02,-5.183686688943279358e-02,-3.801429606348527557e-02,-3.801429606348527557e-02,-1.558271304830920190e-01,-4.064318733121485144e-02,-8.148853797899899276e-02,-1.210011918676099085e-01,-5.569323991926412171e-02,-7.051263942166730025e-02,-4.979810447122927364e-02,-3.212131358814808435e-02,-2.030901712371240009e-02,-3.801429606348527557e-02,-6.749673070628271765e-02,-3.519076715388935045e-02,-1.435916317235476185e-02,-3.524455202264515918e-01,2.664300564093018409e+00,-2.907009498669055336e-01,-4.311306135592269523e-02,-3.519076715388935045e-02,-3.801429606348527557e-02,-1.435916317235476011e-02,-1.286658602907498339e-01,-4.767312946227962589e-02,5.913962991410492975e-01,-2.487592975524973576e-02,-4.967123990818995694e-01,-1.786283982422259831e-01,-4.979810447122926670e-02,5.840947806181536750e-01,-2.030901712371240009e-02,-4.892821642774447533e-01,-1.767766952966368654e-01
-7.283315829458585355e-01,-5.537123258831522232e-01,-5.507016019503075954e-01,7.082331122151057645e-01,-4.893615029393497129e-01,-1.879164875360351816e-01,-4.966680157416004104e-01,6.573034482162921632e-01,-6.493539992246850634e-01,-6.302706439077716549e-01,8.414777418280475763e-01,-1.045382762813161337e+00,7.642702514224040122e-01,-1.584176050204115782e-01,-1.544986179987542174e+00,4.783278468974136999e-01,-8.087874538665257296e-01,-1.801752323248414722e+00,-1.236479578871264806e+00,9.575531288156864385e-01,-4.872757218968044035e-01,-1.819266046147774096e+00,2.597850998452232441e-01,-9.161855730345430660e-01,-1.389260117091437596e+00,1.152231898743685479e+00,-2.482415229036441240e-01,-1.773242088314630704e+00,-1.202811734101178587e+00,-2.436299481158024527e+00,-4.805784352658213909e-01,0.000000000000000000e+00,0.000000000000000000e+00,-2.392467030372219805e-01,-1.057663809422624057e+00,-4.719362008065465242e-01,-2.286416661315112120e-01,3.373680055844964776e-01,-9.415023731722672595e-01,-9.555068114986333683e-01,-3.774647335768301359e-01,-4.668062001933125371e-01,-7.170630306218840344e-01,-9.515480014204554804e-01,-3.669621702617922865e-01,-4.602362970513234064e-01,-5.183686688943279358e-02,-5.183686688943279358e-02,-7.051398600435393460e-01,-1.040941436780788015e-01,-2.030901712371240009e-02,-8.401389803667852485e-02,3.056678521220304923e+00,-5.191945123345532709e-01,-7.103890521813077674e-01,-5.752567881263277033e-02,-3.801429606348526863e-02,-1.147078669352808861e-01,-1.711160802546210780e-01,-7.340709118518067011e-02,-7.197411700355742237e-02,-1.244624194945742751e-01,-7.051263942166730025e-02,-2.872721242393142319e-02,-2.030901712371240009e-02,-2.019004323808653023e-01,-1.435916317235476011e-02,-1.435916317235476011e-02,-5.183686688943279358e-02,-3.801429606348527557e-02,-3.801429606348527557e-02,-1.558271304830920190e-01,-4.064318733121485144e-02,-8.148853797899899276e-02,-1.210011918676099085e-01,-5.569323991926412171e-02,-7.051263942166730025e-02,-4.979810447122927364e-02,-3.212131358814808435e-02,-2.030901712371240009e-02,-3.801429606348527557e-02,-6.749673070628271765e-02,-3.519076715388935045e-02,-1.435916317235476185e-02,-3.524455202264515918e-01,-3.753330286669139260e-01,-2.907009498669055336e-01,-4.311306135592269523e-02,-3.519076715388935045e-02,-3.801429606348527557e-02,-1.435916317235476011e-02,-1.286658602907498339e-01,-4.767312946227962589e-02,-1.690913523558418063e+00,-2.487592975524973576e-02,2.013237442528823973e+00,-1.786283982422259831e-01,-4.979810447122926670e-02,5.840947806181536750e-01,-2.030901712371240009e-02,-4.892821642774447533e-01,-1.767766952966368654e-01
-8.420995027139696609e-02,1.363189363936059939e+00,-5.507016019503075954e-01,-2.878929612425566442e-01,-1.305886024362612474e-01,-9.051617615730208621e-01,-4.966680157416004104e-01,6.573034482162921632e-01,5.168867450326074531e-01,-3.636176791775609651e-02,-2.139468826483789110e-01,-3.064091508042205425e-01,-1.085899059731127325e+00,2.403682506944323227e-01,-2.674394384688225657e-01,8.894054051476624201e-01,1.222205957404534304e+00,1.000374479875729250e+00,1.626370537677167771e+00,-8.390314147414387191e-01,-6.362483984730694930e-02,-3.138334775838059199e-01,-1.157432889367787210e+00,-1.237356928295739511e+00,3.766579043152746276e-01,5.774176121584963933e-02,1.430503311119001530e+00,-1.983785344183122967e-01,8.035583186335109040e-01,-5.843240662699356047e-01,-5.809668599935657873e-02,0.000000000000000000e+00,0.000000000000000000e+00,1.473574796521728292e-01,-4.681622135693289666e-01,1.247180890325345903e-01,-9.946174024868700281e-01,6.005823927120056416e-01,1.110601872409461635e-02,-4.845014723481537167e-01,-3.774647335768301359e-01,-4.668062001933125371e-01,1.561118647626119849e+00,-2.472873054599261933e-01,-3.669621702617922865e-01,-4.602362970513234064e-01,-5.183686688943279358e-02,-5.183686688943279358e-02,1.418158377741196352e+00,-1.040941436780788015e-01,-2.030901712371240009e-02,-8.401389803667852485e-02,-3.271524934852403366e-01,-5.191945123345532709e-01,-7.103890521813077674e-01,-5.752567881263277033e-02,-3.801429606348526863e-02,-1.147078669352808861e-01,-1.711160802546210780e-01,-7.340709118518067011e-02,-7.197411700355742237e-02,-1.244624194945742751e-01,-7.051263942166730025e-02,-2.872721242393142319e-02,-2.030901712371240009e-02,-2.019004323808653023e-01,-1.435916317235476011e-02,-1.435916317235476011e-02,-5.183686688943279358e-02,-3.801429606348527557e-02,-3.801429606348527557e-02,-1.558271304830920190e-01,-4.064318733121485144e-02,-8.148853797899899276e-02,-1.210011918676099085e-01,-5.569323991926412171e-02,-7.051263942166730025e-02,-4.979810447122927364e-02,-3.212131358814808435e-02,-2.030901712371240009e-02,-3.801429606348527557e-02,-6.749673070628271765e-02,-3.519076715388935045e-02,-1.435916317235476185e-02,-3.524455202264515918e-01,2.664300564093018409e+00,-2.907009498669055336e-01,-4.311306135592269523e-02,-3.519076715388935045e-02,-3.801429606348527557e-02,-1.435916317235476011e-02,-1.286658602907498339e-01,-4.767312946227962589e-02,5.913962991410492975e-01,-2.487592975524973576e-02,-4.967123990818995694e-01,-1.786283982422259831e-01,-4.979810447122926670e-02,-1.712050908829709783e+00,-2.030901712371240009e-02,2.043810449286999731e+00,-1.767766952966368654e-01
4.727385698146102655e-01,-7.448690342834912714e-02,-5.507016019503075954e-01,7.082331122151057645e-01,8.022209388717687073e-01,2.065684131843069371e-01,1.677823450289539942e+00,-4.963069089824175273e-01,-6.623362709603883292e-02,-6.302706439077716549e-01,8.414777418280475763e-01,2.895809834567856456e+00,6.709844038012178213e-01,1.360766607226606036e-02,2.800805936106286476e-01,-5.904738045532329505e-01,1.222205957404534304e+00,6.734596861779125199e-01,-7.606380063659393675e-01,-1.287538044979241458e-01,2.619497413132843455e+00,1.191599090980162368e+00,6.084055677799744544e-01,2.509981326707801386e-01,2.837148505570266099e-01,-1.948328859059586526e-01,-3.601578451718204787e-01,-2.446980507093804713e-01,-1.060036337090095815e+00,-7.566008490502229566e-01,2.054312060332967427e+00,0.000000000000000000e+00,0.000000000000000000e+00,1.307170027720357286e+00,3.658348957403736890e+00,1.019699523791156359e+00,-1.907896165064413285e+00,1.493106304393102546e+00,1.598786671884697697e+00,9.285145451032854602e-01,-3.774647335768301359e-01,-4.668062001933125371e-01,1.146903797035573769e+00,1.630741217101485230e+00,-3.669621702617922865e-01,-4.602362970513234064e-01,-5.183686688943279358e-02,-5.183686688943279358e-02,-7.051398600435393460e-01,9.606688375213465747e+00,-2.030901712371240009e-02,-8.401389803667852485e-02,-3.271524934852403366e-01,-5.191945123345532709e-01,-7.103890521813077674e-01,-5.752567881263277033e-02,-3.801429606348526863e-02,-1.147078669352808861e-01,-1.711160802546210780e-01,-7.340709118518067011e-02,-7.197411700355742237e-02,-1.244624194945742751e-01,-7.051263942166730025e-02,-2.872721242393142319e-02,-2.030901712371240009e-02,-2.019004323808653023e-01,-1.435916317235476011e-02,-1.435916317235476011e-02,-5.183686688943279358e-02,-3.801429606348527557e-02,-3.801429606348527557e-02,-1.558271304830920190e-01,-4.064318733121485144e-02,-8.148853797899899276e-02,-1.210011918676099085e-01,-5.569323991926412171e-02,-7.051263942166730025e-02,-4.979810447122927364e-02,-3.212131358814808435e-02,-2.030901712371240009e-02,-3.801429606348527557e-02,-6.749673070628271765e-02,-3.519076715388935045e-02,-1.435916317235476185e-02,-3.524455202264515918e-01,-3.753330286669139260e-01,-2.907009498669055336e-01,-4.311306135592269523e-02,-3.519076715388935045e-02,-3.801429606348527557e-02,-1.435916317235476011e-02,-1.286658602907498339e-01,-4.767312946227962589e-02,5.913962991410492975e-01,-2.487592975524973576e-02,-4.967123990818995694e-01,-1.786283982422259831e-01,-4.979810447122926670e-02,5.840947806181536750e-01,-2.030901712371240009e-02,-4.892821642774447533e-01,-1.767766952966368654e-01
-1.554077651335923349e+00,-5.537123258831522232e-01,-5.507016019503075954e-01,-1.284019034700219164e+00,-6.328706631405850436e-01,6.010533139046491113e-01,-4.966680157416004104e-01,-4.963069089824175273e-01,5.168867450326074531e-01,-6.302706439077716549e-01,3.891529027667219309e-01,1.862399238684066816e-01,1.331759157784621950e+00,-1.271402830035610332e-01,-4.499461158286396367e-01,2.316813119472644900e-01,-8.087874538665257296e-01,1.280587160188143780e+00,-2.737394381674945060e-02,9.575531288156864385e-01,-6.362483984730694930e-02,1.879773786041834815e-01,7.524009784486757058e-01,1.018676006221931996e+00,-2.739434719924614403e-01,8.154657025812744875e-01,-8.078231342445260088e-01,2.648166284923695879e-01,-7.970290268065223227e-01,1.478522605462855299e-01,-5.809668599935657873e-02,0.000000000000000000e+00,0.000000000000000000e+00,1.473574796521728292e-01,1.213393822839661657e-01,4.230452339520751615e-01,-5.350319606736547717e-01,-1.416287344419604188e-01,-9.415023731722672595e-01,-1.191009481073873166e+00,-3.774647335768301359e-01,-4.668062001933125371e-01,1.043350084387937082e+00,-9.515480014204554804e-01,-3.669621702617922865e-01,-4.602362970513234064e-01,-5.183686688943279358e-02,-5.183686688943279358e-02,1.418158377741196352e+00,-1.040941436780788015e-01,-2.030901712371240009e-02,-8.401389803667852485e-02,-3.271524934852403366e-01,-5.191945123345532709e-01,-7.103890521813077674e-01,-5.752567881263277033e-02,-3.801429606348526863e-02,-1.147078669352808861e-01,-1.711160802546210780e-01,-7.340709118518067011e-02,-7.197411700355742237e-02,-1.244624194945742751e-01,-7.051263942166730025e-02,-2.872721242393142319e-02,-2.030901712371240009e-02,-2.019004323808653023e-01,-1.435916317235476011e-02,-1.435916317235476011e-02,-5.183686688943279358e-02,-3.801429606348527557e-02,-3.801429606348527557e-02,-1.558271304830920190e-01,-4.064318733121485144e-02,-8.148853797899899276e-02,-1.210011918676099085e-01,-5.569323991926412171e-02,-7.051263942166730025e-02,-4.979810447122927364e-02,-3.212131358814808435e-02,-2.030901712371240009e-02,-3.801429606348527557e-02,-6.749673070628271765e-02,-3.519076715388935045e-02,-1.435916317235476185e-02,2.837317947345407543e+00,-3.753330286669139260e-01,-2.907009498669055336e-01,-4.311306135592269523e-02,-3.519076715388935045e-02,-3.801429606348527557e-02,-1.435916317235476011e-02,-1.286658602907498339e-01,-4.767312946227962589e-02,5.913962991410492975e-01,-2.487592975524973576e-02,-4.967123990818995694e-01,-1.786283982422259831e-01,-4.979810447122926670e-02,5.840947806181536750e-01,-2.030901712371240009e-02,-4.892821642774447533e-01,-1.767766952966368654e-01
1.008183286036292925e+00,8.839639414812570095e-01,1.953942567429912014e+00,7.082331122151057645e-01,1.268625709525783574e+00,5.651910502027998051e-01,6.026806382351820979e+00,-4.963069089824175273e-01,-6.493539992246850634e-01,2.339273736042306151e+00,-1.311588492103862524e+00,4.325644612047202520e-01,-3.784813819371299348e-01,-1.271402830035610332e-01,1.648880673809256736e+00,-2.616117579530339854e-01,2.801867499504247849e+00,-1.801752323248414722e+00,-1.236479578871264806e+00,-1.298622809604889516e+00,2.619497413132843455e+00,-6.292804948981121915e-02,8.130306250460237472e-01,5.486691448640839130e-01,8.413731731065147157e-01,-1.120939925352589128e+00,-2.440887836729143182e-02,1.469124052060142516e+00,2.607037017720872374e+00,1.870620088349158827e+00,1.350175811555526018e+00,0.000000000000000000e+00,0.000000000000000000e+00,1.307170027720357286e+00,1.005591776063908815e+00,2.511335248388859132e+00,-5.193196378766217203e-01,-6.473477472732406257e-01,-3.064301119080259928e-01,-1.349613319767399566e-02,9.257960654133498002e-01,-4.668062001933125371e-01,-1.338385306507703376e+00,-1.186301566740631808e+00,-3.669621702617922865e-01,-4.602362970513234064e-01,-5.183686688943279358e-02,-5.183686688943279358e-02,-7.051398600435393460e-01,-1.040941436780788015e-01,-2.030901712371240009e-02,-8.401389803667852485e-02,-3.271524934852403366e-01,1.926060419058570616e+00,-7.103890521813077674e-01,-5.752567881263277033e-02,-3.801429606348526863e-02,-1.147078669352808861e-01,-1.711160802546210780e-01,-7.340709118518067011e-02,-7.197411700355742237e-02,-1.244624194945742751e-01,-7.051263942166730025e-02,-2.872721242393142319e-02,-2.030901712371240009e-02,-2.019004323808653023e-01,-1.435916317235476011e-02,-1.435916317235476011e-02,-5.183686688943279358e-02,-3.801429606348527557e-02,-3.801429606348527557e-02,-1.558271304830920190e-01,-4.064318733121485144e-02,-8.148853797899899276e-02,-1.210011918676099085e-01,-5.569323991926412171e-02,-7.051263942166730025e-02,-4.979810447122927364e-02,-3.212131358814808435e-02,-2.030901712371240009e-02,-3.801429606348527557e-02,-6.749673070628271765e-02,-3.519076715388935045e-02,-1.435916317235476185e-02,-3.524455202264515918e-01,-3.753330286669139260e-01,3.439961240091715222e+00,-4.311306135592269523e-02,-3.519076715388935045e-02,-3.801429606348527557e-02,-1.435916317235476011e-02,-1.286658602907498339e-01,-4.767312946227962589e-02,-1.690913523558418063e+00,-2.487592975524973576e-02,-4.967123990818995694e-01,-1.786283982422259831e-01,-4.979810447122926670e-02,-1.712050908829709783e+00,-2.030901712371240009e-02,-4.892821642774447533e-01,-1.767766952966368654e-01
-8.729033104644716712e-01,-5.537123258831522232e-01,-5.507016019503075954e-01,7.082331122151057645e-01,4.793253284189891161e-01,2.424306768861562156e-01,-4.966680157416004104e-01,-4.963069089824175273e-01,-6.493539992246850634e-01,-3.636176791775609651e-02,8.414777418280475763e-01,-1.045382762813161337e+00,9.197466641243816632e-01,8.502760300230175483e-01,-9.974661479080908499e-01,7.249743818475629098e-01,-5.831215192808524295e-01,-1.801752323248414722e+00,-1.236479578871264806e+00,2.472755185721718374e-01,-1.334577485995799284e+00,-1.317455189959784834e+00,5.932481561306374163e-01,5.956698309998688101e-01,-1.810004182342134504e-01,4.786995064188634408e-01,-8.078231342445260088e-01,-3.836565995825850228e-01,-4.513622761481113632e-01,2.339906519364291781e-01,-1.325541933798751071e+00,0.000000000000000000e+00,0.000000000000000000e+00,-2.172267616484195862e+00,-4.681622135693289666e-01,-1.068590490645627611e+00,-5.389600413729129791e-01,7.756132795835979366e-01,-7.298116194175201521e-01,-1.191009481073873166e+00,-3.774647335768301359e-01,-4.668062001933125371e-01,-8.206167432695206099e-01,-7.167944361002790421e-01,-3.669621702617922865e-01,-4.602362970513234064e-01,-5.183686688943279358e-02,-5.183686688943279358e-02,-7.051398600435393460e-01,-1.040941436780788015e-01,-2.030901712371240009e-02,-8.401389803667852485e-02,-3.271524934852403366e-01,-5.191945123345532709e-01,1.407679351095596942e+00,-5.752567881263277033e-02,-3.801429606348526863e-02,-1.147078669352808861e-01,-1.711160802546210780e-01,-7.340709118518067011e-02,-7.197411700355742237e-02,-1.244624194945742751e-01,-7.051263942166730025e-02,-2.872721242393142319e-02,-2.030901712371240009e-02,-2.019004323808653023e-01,-1.435916317235476011e-02,-1.435916317235476011e-02,-5.183686688943279358e-02,-3.801429606348527557e-02,-3.801429606348527557e-02,-1.558271304830920190e-01,-4.064318733121485144e-02,-8.148853797899899276e-02,-1.210011918676099085e-01,-5.569323991926412171e-02,-7.051263942166730025e-02,-4.979810447122927364e-02,-3.212131358814808435e-02,-2.030901712371240009e-02,-3.801429606348527557e-02,-6.749673070628271765e-02,-3.519076715388935045e-02,-1.435916317235476185e-02,-3.524455202264515918e-01,-3.753330286669139260e-01,-2.907009498669055336e-01,-4.311306135592269523e-02,-3.519076715388935045e-02,-3.801429606348527557e-02,-1.435916317235476011e-02,-1.286658602907498339e-01,-4.767312946227962589e-02,5.913962991410492975e-01,-2.487592975524973576e-02,-4.967123990818995694e-01,-1.786283982422259831e-01,-4.979810447122926670e-02,5.840947806181536750e-01,-2.030901712371240009e-02,-4.892821642774447533e-01,-1.767766952966368654e-01
1.170950539901642218e+00,-5.537123258831522232e-01,-5.507016019503075954e-01,7.082331122151057645e-01,9.816073891233129123e-01,1.533472170152730518e+00,-4.966680157416004104e-01,-4.963069089824175273e-01,5.168867450326074531e-01,-6.302706439077716549e-01,8.414777418280475763e-01,-1.784356374822102298e+00,-3.707075613020312521e-01,3.263808862407714950e-01,-8.149594705482737789e-01,7.249743818475629098e-01,-1.895668281666913063e-02,-3.539868083009403144e-01,-3.971899267307199902e-03,3.308375903655265127e-01,-1.334577485995799284e+00,-8.156443337717953490e-01,-7.367795644019094203e-02,5.565025925533816364e-01,-4.598295795089574756e-01,8.154657025812744875e-01,-3.601578451718204787e-01,7.953856332809684793e-02,-5.114782327843567789e-01,4.493366304117883403e-01,-1.043887434287774418e+00,0.000000000000000000e+00,0.000000000000000000e+00,-1.399059251105406521e+00,-1.941916203202566749e+00,-1.366917635565168210e+00,9.713869874918842351e-01,-1.214527987555614308e+00,9.637144106204564853e-01,-4.845014723481537167e-01,-3.774647335768301359e-01,-4.668062001933125371e-01,-9.574075473606477593e-02,-4.820408707801026038e-01,-3.669621702617922865e-01,-4.602362970513234064e-01,-5.183686688943279358e-02,-5.183686688943279358e-02,-7.051398600435393460e-01,-1.040941436780788015e-01,-2.030901712371240009e-02,-8.401389803667852485e-02,3.056678521220304923e+00,-5.191945123345532709e-01,-7.103890521813077674e-01,-5.752567881263277033e-02,-3.801429606348526863e-02,-1.147078669352808861e-01,-1.711160802546210780e-01,-7.340709118518067011e-02,-7.197411700355742237e-02,-1.244624194945742751e-01,-7.051263942166730025e-02,-2.872721242393142319e-02,-2.030901712371240009e-02,-2.019004323808653023e-01,-1.435916317235476011e-02,-1.435916317235476011e-02,-5.183686688943279358e-02,-3.801429606348527557e-02,-3.801429606348527557e-02,-1.558271304830920190e-01,-4.064318733121485144e-02,-8.148853797899899276e-02,-1.210011918676099085e-01,-5.569323991926412171e-02,-7.051263942166730025e-02,-4.979810447122927364e-02,-3.212131358814808435e-02,-2.030901712371240009e-02,-3.801429606348527557e-02,-6.749673070628271765e-02,-3.519076715388935045e-02,-1.435916317235476185e-02,-3.524455202264515918e-01,-3.753330286669139260e-01,-2.907009498669055336e-01,-4.311306135592269523e-02,-3.519076715388935045e-02,-3.801429606348527557e-02,-1.435916317235476011e-02,-1.286658602907498339e-01,-4.767312946227962589e-02,-1.690913523558418063e+00,-2.487592975524973576e-02,2.013237442528823973e+00,-1.786283982422259831e-01,-4.979810447122926670e-02,5.840947806181536750e-01,-2.030901712371240009e-02,-4.892821642774447533e-01,-1.767766952966368654e-01
1.722440402083628586e+00,-7.448690342834912714e-02,-5.507016019503075954e-01,2.700485259130430471e+00,-7.763798233418204298e-01,2.250717444189715977e+00,-4.966680157416004104e-01,-4.963069089824175273e-01,-6.623362709603883292e-02,-6.302706439077716549e-01,8.414777418280475763e-01,1.417862610549974756e+00,-2.865945335768058100e-02,-6.744934182984452242e-01,-1.761860997889140579e-01,-1.793962463029842302e-01,4.323751863546776431e-01,-5.407952618425498903e-01,4.016635395896914762e-01,-1.131498666018180055e+00,3.600260422021904771e-01,1.191599090980162368e+00,-8.088124214330361106e-01,7.082883581693830144e-02,1.863746764447242743e+00,5.628910554594662718e-01,8.750744390088503744e-02,1.793360666097619793e+00,-8.045435213860530066e-01,5.354750218019320718e-01,3.643850632671082335e-01,0.000000000000000000e+00,0.000000000000000000e+00,5.339616623415676111e-01,7.108409781372613256e-01,1.019699523791156359e+00,-5.212836782262508795e-01,1.031479041689780551e+00,1.069559787497829983e+00,4.575092059528056976e-01,-3.774647335768301359e-01,-4.668062001933125371e-01,1.664672360273756535e+00,4.569733905006030938e-01,-3.669621702617922865e-01,1.739375798511208382e+00,-5.183686688943279358e-02,-5.183686688943279358e-02,-7.051398600435393460e-01,-1.040941436780788015e-01,-2.030901712371240009e-02,-8.401389803667852485e-02,-3.271524934852403366e-01,-5.191945123345532709e-01,1.407679351095596942e+00,-5.752567881263277033e-02,-3.801429606348526863e-02,-1.147078669352808861e-01,-1.711160802546210780e-01,-7.340709118518067011e-02,-7.197411700355742237e-02,-1.244624194945742751e-01,-7.051263942166730025e-02,-2.872721242393142319e-02,-2.030901712371240009e-02,-2.019004323808653023e-01,-1.435916317235476011e-02,-1.435916317235476011e-02,-5.183686688943279358e-02,-3.801429606348527557e-02,-3.801429606348527557e-02,-1.558271304830920190e-01,-4.064318733121485144e-02,-8.148853797899899276e-02,-1.210011918676099085e-01,-5.569323991926412171e-02,-7.051263942166730025e-02,-4.979810447122927364e-02,-3.212131358814808435e-02,-2.030901712371240009e-02,-3.801429606348527557e-02,-6.749673070628271765e-02,-3.519076715388935045e-02,-1.435916317235476185e-02,-3.524455202264515918e-01,-3.753330286669139260e-01,-2.907009498669055336e-01,-4.311306135592269523e-02,-3.519076715388935045e-02,-3.801429606348527557e-02,-1.435916317235476011e-02,-1.286658602907498339e-01,-4.767312946227962589e-02,5.913962991410492975e-01,-2.487592975524973576e-02,-4.967123990818995694e-01,-1.786283982422259831e-01,-4.979810447122926670e-02,-1.712050908829709783e+00,-2.030901712371240009e-02,2.043810449286999731e+00,-1.767766952966368654e-01
-6.280907741629300212e-01,-7.448690342834912714e-02,-5.507016019503075954e-01,7.082331122151057645e-01,1.842662350330725118e+00,1.210711796836086984e+00,-4.966680157416004104e-01,-4.963069089824175273e-01,2.266247861418546172e+00,-6.302706439077716549e-01,8.414777418280475763e-01,4.325644612047202520e-01,-2.307787898702514384e-01,2.142699657647886835e-02,-1.761860997889140579e-01,6.725028864716499355e-02,-8.087874538665257296e-01,-5.407952618425498903e-01,-4.252087011572673880e-01,8.322100211256544533e-01,3.600260422021904771e-01,1.879773786041834815e-01,1.047970505610747782e+00,8.150063663001978487e-01,1.907717967987786201e-01,-3.632159839871641482e-01,-8.078231342445260088e-01,-1.449005474277153427e+00,-1.090094315408218550e+00,-5.843240662699356047e-01,3.643850632671082335e-01,0.000000000000000000e+00,0.000000000000000000e+00,5.339616623415676111e-01,7.108409781372613256e-01,7.213723788716157603e-01,-1.200186959081385174e+00,1.048842321825341484e-01,-9.473935815327891308e-02,-2.489988027729138353e-01,-3.774647335768301359e-01,-4.668062001933125371e-01,-9.574075473606477593e-02,4.569733905006030938e-01,-3.669621702617922865e-01,-4.602362970513234064e-01,-5.183686688943279358e-02,-5.183686688943279358e-02,-7.051398600435393460e-01,-1.040941436780788015e-01,-2.030901712371240009e-02,-8.401389803667852485e-02,3.056678521220304923e+00,-5.191945123345532709e-01,-7.103890521813077674e-01,-5.752567881263277033e-02,-3.801429606348526863e-02,-1.147078669352808861e-01,-1.711160802546210780e-01,-7.340709118518067011e-02,-7.197411700355742237e-02,-1.244624194945742751e-01,-7.051263942166730025e-02,-2.872721242393142319e-02,-2.030901712371240009e-02,-2.019004323808653023e-01,-1.435916317235476011e-02,-1.435916317235476011e-02,-5.183686688943279358e-02,-3.801429606348527557e-02,-3.801429606348527557e-02,-1.558271304830920190e-01,-4.064318733121485144e-02,-8.148853797899899276e-02,-1.210011918676099085e-01,-5.569323991926412171e-02,-7.051263942166730025e-02,-4.979810447122927364e-02,-3.212131358814808435e-02,-2.030901712371240009e-02,-3.801429606348527557e-02,-6.749673070628271765e-02,-3.519076715388935045e-02,-1.435916317235476185e-02,-3.524455202264515918e-01,-3.753330286669139260e-01,-2.907009498669055336e-01,-4.311306135592269523e-02,-3.519076715388935045e-02,-3.801429606348527557e-02,-1.435916317235476011e-02,-1.286658602907498339e-01,-4.767312946227962589e-02,5.913962991410492975e-01,-2.487592975524973576e-02,-4.967123990818995694e-01,-1.786283982422259831e-01,-4.979810447122926670e-02,5.840947806181536750e-01,-2.030901712371240009e-02,-4.892821642774447533e-01,-1.767766952966368654e-01
7.445135678844974070e-01,-5.537123258831522232e-01,9.520848996778241702e-01,-1.284019034700219164e+00,-8.481344034424381784e-01,-8.605169026788763234e-03,-4.966680157416004104e-01,-4.963069089824175273e-01,-6.493539992246850634e-01,-6.302706439077716549e-01,-1.355439105444158632e-01,1.171538073213661102e+00,1.588295238742884807e+00,1.139591258678885000e+00,-8.493276110900550846e-02,-2.616117579530339854e-01,-5.831215192808524295e-01,2.868459015291825676e+00,-1.057063903992207621e+00,6.650858775389451027e-01,-6.362483984730694930e-02,-3.138334775838059199e-01,1.070706623084753506e+00,8.228398139894951280e-01,2.837148505570266099e-01,2.261248592970551696e-01,-8.078231342445260088e-01,7.743313076941197304e-01,-5.791086840001328229e-01,4.924058261068601783e-01,-5.809668599935657873e-02,0.000000000000000000e+00,0.000000000000000000e+00,1.473574796521728292e-01,1.300342573990556527e+00,-1.736090558870059808e-01,4.299665311107887522e-01,-1.184465430650188056e+00,-5.181208656627730447e-01,-1.349613319767399566e-02,9.257960654133498002e-01,-4.668062001933125371e-01,-6.135093179742474589e-01,-7.167944361002790421e-01,-3.669621702617922865e-01,-4.602362970513234064e-01,-5.183686688943279358e-02,-5.183686688943279358e-02,1.418158377741196352e+00,-1.040941436780788015e-01,-2.030901712371240009e-02,-8.401389803667852485e-02,-3.271524934852403366e-01,-5.191945123345532709e-01,-7.103890521813077674e-01,-5.752567881263277033e-02,-3.801429606348526863e-02,-1.147078669352808861e-01,-1.711160802546210780e-01,-7.340709118518067011e-02,-7.197411700355742237e-02,-1.244624194945742751e-01,-7.051263942166730025e-02,-2.872721242393142319e-02,-2.030901712371240009e-02,-2.019004323808653023e-01,-1.435916317235476011e-02,-1.435916317235476011e-02,-5.183686688943279358e-02,-3.801429606348527557e-02,-3.801429606348527557e-02,-1.558271304830920190e-01,-4.064318733121485144e-02,-8.148853797899899276e-02,-1.210011918676099085e-01,-5.569323991926412171e-02,-7.051263942166730025e-02,-4.979810447122927364e-02,-3.212131358814808435e-02,-2.030901712371240009e-02,-3.801429606348527557e-02,-6.749673070628271765e-02,-3.519076715388935045e-02,-1.435916317235476185e-02,2.837317947345407543e+00,-3.753330286669139260e-01,-2.907009498669055336e-01,-4.311306135592269523e-02,-3.519076715388935045e-02,-3.801429606348527557e-02,-1.435916317235476011e-02,-1.286658602907498339e-01,-4.767312946227962589e-02,5.913962991410492975e-01,-2.487592975524973576e-02,-4.967123990818995694e-01,-1.786283982422259831e-01,-4.979810447122926670e-02,5.840947806181536750e-01,-2.030901712371240009e-02,-4.892821642774447533e-01,-1.767766952966368654e-01
5.580921297683910653e-01,4.047385190264539689e-01,-4.977276807426366662e-02,-1.284019034700219164e+00,-7.046252432412027922e-01,-9.410240252748701684e-01,5.905777172739697933e-01,6.573034482162921632e-01,-6.493539992246850634e-01,-6.302706439077716549e-01,5.942068298078561073e-01,-1.538031837485788644e+00,2.978410133164720031e-01,2.951035642239209222e-01,-1.761860997889140579e-01,8.894054051476624201e-01,-1.895668281666913063e-02,2.998427790946933125e-01,7.994982969302092402e-01,8.015137498546251460e-02,-1.052143564629467676e+00,-1.066549761865789980e+00,-1.570437205115447210e-01,6.299538812764064744e-02,6.554870655900186804e-01,-1.626089219596205560e+00,6.019072524114232436e+00,-1.773242088314630704e+00,-1.202811734101178587e+00,-2.828396964044327944e-01,-1.043887434287774418e+00,0.000000000000000000e+00,0.000000000000000000e+00,-1.012455068416011628e+00,-1.647165405275919259e+00,-7.702633457260871230e-01,1.032811529558109453e-01,-8.858440320562881443e-01,-3.064301119080259928e-01,1.164017214678525258e+00,-3.774647335768301359e-01,-4.668062001933125371e-01,-1.131277881212430225e+00,-4.820408707801026038e-01,-3.669621702617922865e-01,-4.602362970513234064e-01,-5.183686688943279358e-02,-5.183686688943279358e-02,-7.051398600435393460e-01,-1.040941436780788015e-01,-2.030901712371240009e-02,-8.401389803667852485e-02,-3.271524934852403366e-01,1.926060419058570616e+00,-7.103890521813077674e-01,-5.752567881263277033e-02,-3.801429606348526863e-02,-1.147078669352808861e-01,-1.711160802546210780e-01,-7.340709118518067011e-02,-7.197411700355742237e-02,-1.244624194945742751e-01,-7.051263942166730025e-02,-2.872721242393142319e-02,-2.030901712371240009e-02,-2.019004323808653023e-01,-1.435916317235476011e-02,-1.435916317235476011e-02,-5.183686688943279358e-02,-3.801429606348527557e-02,-3.801429606348527557e-02,-1.558271304830920190e-01,-4.064318733121485144e-02,-8.148853797899899276e-02,-1.210011918676099085e-01,-5.569323991926412171e-02,-7.051263942166730025e-02,-4.979810447122927364e-02,-3.212131358814808435e-02,-2.030901712371240009e-02,-3.801429606348527557e-02,-6.749673070628271765e-02,-3.519076715388935045e-02,-1.435916317235476185e-02,-3.524455202264515918e-01,-3.753330286669139260e-01,3.439961240091715222e+00,-4.311306135592269523e-02,-3.519076715388935045e-02,-3.801429606348527557e-02,-1.435916317235476011e-02,-1.286658602907498339e-01,-4.767312946227962589e-02,5.913962991410492975e-01,-2.487592975524973576e-02,-4.967123990818995694e-01,-1.786283982422259831e-01,-4.979810447122926670e-02,-1.712050908829709783e+00,-2.030901712371240009e-02,-4.892821642774447533e-01,-1.767766952966368654e-01
-4.896393600518554878e-01,-7.448690342834912714e-02,-5.507016019503075954e-01,7.082331122151057645e-01,-3.817296327884231455e-01,-8.692994978711715559e-01,-4.966680157416004104e-01,-4.963069089824175273e-01,-6.623362709603883292e-02,-3.636176791775609651e-02,-2.199778805025297823e-01,1.171538073213661102e+00,-1.124768162906621738e+00,-1.237485214601754535e+00,-1.179972825267908032e+00,6.427588701975132102e-01,-8.087874538665257296e-01,7.201617995633149416e-01,1.072522150007035213e+00,6.233048416422678484e-01,3.600260422021904771e-01,4.388828066981781961e-01,-1.021016184523754200e+00,-1.010186945306112749e+00,-9.245448483001975637e-01,1.152231898743685479e+00,-2.482415229036441240e-01,3.574556610745059926e-01,9.388192210650631031e-01,4.062674347167165023e-01,3.643850632671082335e-01,0.000000000000000000e+00,0.000000000000000000e+00,5.339616623415676111e-01,1.213393822839661657e-01,7.213723788716157603e-01,8.429542957606273035e-02,-1.213859930735493586e+00,1.169513956014681527e-01,-7.200041419233935702e-01,-3.774647335768301359e-01,-4.668062001933125371e-01,-1.027724168564793761e+00,-1.186301566740631808e+00,-3.669621702617922865e-01,-4.602362970513234064e-01,-5.183686688943279358e-02,-5.183686688943279358e-02,1.418158377741196352e+00,-1.040941436780788015e-01,-2.030901712371240009e-02,-8.401389803667852485e-02,-3.271524934852403366e-01,-5.191945123345532709e-01,-7.103890521813077674e-01,-5.752567881263277033e-02,-3.801429606348526863e-02,-1.147078669352808861e-01,-1.711160802546210780e-01,-7.340709118518067011e-02,-7.197411700355742237e-02,-1.244624194945742751e-01,-7.051263942166730025e-02,-2.872721242393142319e-02,-2.030901712371240009e-02,-2.019004323808653023e-01,-1.435916317235476011e-02,-1.435916317235476011e-02,-5.183686688943279358e-02,-3.801429606348527557e-02,-3.801429606348527557e-02,-1.558271304830920190e-01,-4.064318733121485144e-02,-8.148853797899899276e-02,-1.210011918676099085e-01,-5.569323991926412171e-02,-7.051263942166730025e-02,-4.979810447122927364e-02,-3.212131358814808435e-02,-2.030901712371240009e-02,-3.801429606348527557e-02,-6.749673070628271765e-02,-3.519076715388935045e-02,-1.435916317235476185e-02,-3.524455202264515918e-01,2.664300564093018409e+00,-2.907009498669055336e-01,-4.311306135592269523e-02,-3.519076715388935045e-02,-3.801429606348527557e-02,-1.435916317235476011e-02,-1.286658602907498339e-01,-4.767312946227962589e-02,-1.690913523558418063e+00,-2.487592975524973576e-02,2.013237442528823973e+00,-1.786283982422259831e-01,-4.979810447122926670e-02,-1.712050908829709783e+00,-2.030901712371240009e-02,2.043810449286999731e+00,-1.767766952966368654e-01
-1.483280512459531630e+00,-5.537123258831522232e-01,-5.507016019503075954e-01,-1.284019034700219164e+00,-1.135152723844908840e+00,-6.541259156600758295e-01,-4.966680157416004104e-01,-4.963069089824175273e-01,-6.493539992246850634e-01,-6.302706439077716549e-01,-1.564890401978204837e+00,6.788889985410339056e-01,6.476629418959209961e-01,-7.526867233405715174e-01,5.538406096503543097e-01,-1.577059944353829790e+00,-2.446226174023423960e-01,-1.801752323248414722e+00,-1.236479578871264806e+00,-8.808124506381160845e-01,9.248938849348538049e-01,1.191599090980162368e+00,-8.088124214330361106e-01,7.082883581693830144e-02,1.863746764447242743e+00,5.628910554594662718e-01,8.750744390088503744e-02,1.793360666097619793e+00,-8.045435213860530066e-01,5.354750218019320718e-01,3.643850632671082335e-01,0.000000000000000000e+00,0.000000000000000000e+00,9.205658450309623930e-01,1.005591776063908815e+00,1.019699523791156359e+00,1.358997698941423124e-02,8.490995297968618738e-01,-3.064301119080259928e-01,4.575092059528056976e-01,-3.774647335768301359e-01,3.858842084692569063e+00,1.664672360273756535e+00,4.569733905006030938e-01,-3.669621702617922865e-01,1.739375798511208382e+00,-5.183686688943279358e-02,-5.183686688943279358e-02,1.418158377741196352e+00,-1.040941436780788015e-01,-2.030901712371240009e-02,-8.401389803667852485e-02,-3.271524934852403366e-01,-5.191945123345532709e-01,-7.103890521813077674e-01,-5.752567881263277033e-02,-3.801429606348526863e-02,-1.147078669352808861e-01,-1.711160802546210780e-01,-7.340709118518067011e-02,-7.197411700355742237e-02,-1.244624194945742751e-01,-7.051263942166730025e-02,-2.872721242393142319e-02,-2.030901712371240009e-02,-2.019004323808653023e-01,-1.435916317235476011e-02,-1.435916317235476011e-02,-5.183686688943279358e-02,-3.801429606348527557e-02,-3.801429606348527557e-02,-1.558271304830920190e-01,-4.064318733121485144e-02,-8.148853797899899276e-02,-1.210011918676099085e-01,-5.569323991926412171e-02,-7.051263942166730025e-02,-4.979810447122927364e-02,-3.212131358814808435e-02,-2.030901712371240009e-02,-3.801429606348527557e-02,-6.749673070628271765e-02,-3.519076715388935045e-02,-1.435916317235476185e-02,2.837317947345407543e+00,-3.753330286669139260e-01,-2.907009498669055336e-01,-4.311306135592269523e-02,-3.519076715388935045e-02,-3.801429606348527557e-02,-1.435916317235476011e-02,-1.286658602907498339e-01,-4.767312946227962589e-02,5.913962991410492975e-01,-2.487592975524973576e-02,-4.967123990818995694e-01,-1.786283982422259831e-01,-4.979810447122926670e-02,-1.712050908829709783e+00,-2.030901712371240009e-02,2.043810449286999731e+00,-1.767766952966368654e-01
7.979422497935501069e-01,8.839639414812570095e-01,-5.507016019503075954e-01,7.082331122151057645e-01,9.816073891233129123e-01,-3.313655423434322955e-01,-4.966680157416004104e-01,-4.963069089824175273e-01,-6.623362709603883292e-02,-6.302706439077716549e-01,-9.557596187089529849e-01,2.895809834567856456e+00,-7.593985930569748799e-01,1.163049250191523054e+00,1.375120657769531185e+00,8.071898934976127205e-01,-2.446226174023423960e-01,3.932470058654981004e-01,3.782614950402490295e-01,1.584268667265846364e+00,9.248938849348538049e-01,1.693409947168151630e+00,3.658869813905820667e-01,8.150063663001978487e-01,-2.739434719924614403e-01,-2.790244349465614282e-01,-2.482415229036441240e-01,7.953856332809684793e-02,2.205088236232090326e-02,1.181512957228009419e+00,9.276940622890612609e-01,0.000000000000000000e+00,0.000000000000000000e+00,9.205658450309623930e-01,1.595093371917204017e+00,1.914680958549777934e+00,3.952684849340075690e-01,5.291003129591034249e-01,6.461782799883358797e-01,-1.426512150649113186e+00,-3.774647335768301359e-01,1.696017942249628430e+00,7.812957911571764835e-03,-4.820408707801026038e-01,-3.669621702617922865e-01,-4.602362970513234064e-01,-5.183686688943279358e-02,-5.183686688943279358e-02,1.418158377741196352e+00,-1.040941436780788015e-01,-2.030901712371240009e-02,-8.401389803667852485e-02,-3.271524934852403366e-01,-5.191945123345532709e-01,-7.103890521813077674e-01,-5.752567881263277033e-02,-3.801429606348526863e-02,-1.147078669352808861e-01,-1.711160802546210780e-01,-7.340709118518067011e-02,-7.197411700355742237e-02,-1.244624194945742751e-01,-7.051263942166730025e-02,-2.872721242393142319e-02,-2.030901712371240009e-02,-2.019004323808653023e-01,-1.435916317235476011e-02,-1.435916317235476011e-02,-5.183686688943279358e-02,-3.801429606348527557e-02,-3.801429606348527557e-02,-1.558271304830920190e-01,-4.064318733121485144e-02,-8.148853797899899276e-02,-1.210011918676099085e-01,-5.569323991926412171e-02,-7.051263942166730025e-02,-4.979810447122927364e-02,-3.212131358814808435e-02,-2.030901712371240009e-02,-3.801429606348527557e-02,-6.749673070628271765e-02,-3.519076715388935045e-02,-1.435916317235476185e-02,-3.524455202264515918e-01,2.664300564093018409e+00,-2.907009498669055336e-01,-4.311306135592269523e-02,-3.519076715388935045e-02,-3.801429606348527557e-02,-1.435916317235476011e-02,-1.286658602907498339e-01,-4.767312946227962589e-02,5.913962991410492975e-01,-2.487592975524973576e-02,-4.967123990818995694e-01,-1.786283982422259831e-01,-4.979810447122926670e-02,5.840947806181536750e-01,-2.030901712371240009e-02,-4.892821642774447533e-01,-1.767766952966368654e-01
-1.495024897646970441e+00,-5.537123258831522232e-01,-5.507016019503075954e-01,-1.284019034700219164e+00,-1.099275433794600021e+00,-1.084473080082267282e+00,5.905777172739697933e-01,-4.963069089824175273e-01,-6.493539992246850634e-01,-6.302706439077716549e-01,-1.824223309706698215e+00,-6.008461346790693741e-02,-2.353031823252243360e+00,-2.340010815695734880e+00,-3.826319646985255396e+00,-4.454602852105570499e+00,-8.087874538665257296e-01,-1.801752323248414722e+00,-1.236479578871264806e+00,-2.384929742918500128e+00,1.489761727667517022e+00,-6.292804948981121915e-02,-2.294238763068062958e+00,-2.326206157108087869e+00,-3.898722568564133795e+00,-4.572793436017302149e+00,-8.078231342445260088e-01,-1.773242088314630704e+00,-1.202811734101178587e+00,-2.436299481158024527e+00,-5.809668599935657873e-02,0.000000000000000000e+00,0.000000000000000000e+00,2.080378393099147072e+00,1.005591776063908815e+00,4.230452339520751615e-01,1.772600061251746462e-01,-6.199574176482967047e-01,2.227967724788416926e-01,1.870525223404244874e+00,-3.774647335768301359e-01,-4.668062001933125371e-01,-1.856153869745885920e+00,-1.421055132060808246e+00,-3.669621702617922865e-01,-4.602362970513234064e-01,-5.183686688943279358e-02,-5.183686688943279358e-02,-7.051398600435393460e-01,-1.040941436780788015e-01,-2.030901712371240009e-02,-8.401389803667852485e-02,-3.271524934852403366e-01,1.926060419058570616e+00,-7.103890521813077674e-01,-5.752567881263277033e-02,-3.801429606348526863e-02,-1.147078669352808861e-01,-1.711160802546210780e-01,-7.340709118518067011e-02,-7.197411700355742237e-02,-1.244624194945742751e-01,-7.051263942166730025e-02,-2.872721242393142319e-02,-2.030901712371240009e-02,4.952936396459016066e+00,-1.435916317235476011e-02,-1.435916317235476011e-02,-5.183686688943279358e-02,-3.801429606348527557e-02,-3.801429606348527557e-02,-1.558271304830920190e-01,-4.064318733121485144e-02,-8.148853797899899276e-02,-1.210011918676099085e-01,-5.569323991926412171e-02,-7.051263942166730025e-02,-4.979810447122927364e-02,-3.212131358814808435e-02,-2.030901712371240009e-02,-3.801429606348527557e-02,-6.749673070628271765e-02,-3.519076715388935045e-02,-1.435916317235476185e-02,-3.524455202264515918e-01,-3.753330286669139260e-01,-2.907009498669055336e-01,-4.311306135592269523e-02,-3.519076715388935045e-02,-3.801429606348527557e-02,-1.435916317235476011e-02,-1.286658602907498339e-01,-4.767312946227962589e-02,5.913962991410492975e-01,-2.487592975524973576e-02,-4.967123990818995694e-01,-1.786283982422259831e-01,-4.979810447122926670e-02,-1.712050908829709783e+00,-2.030901712371240009e-02,-4.892821642774447533e-01,-1.767766952966368654e-01
6.384832734457891457e-01,-5.537123258831522232e-01,-5.507016019503075954e-01,-2.878929612425566442e-01,-3.099750526878054524e-01,5.293287865009504989e-01,-4.966680157416004104e-01,-4.963069089824175273e-01,-6.623362709603883292e-02,-6.302706439077716549e-01,-1.516642419144996756e+00,1.862399238684066816e-01,1.075223076826359092e+00,1.311616529771562512e+00,8.276006256900798608e-01,6.427588701975132102e-01,-8.087874538665257296e-01,-1.194624849238183684e+00,3.158560429084031895e-01,-2.384929742918500128e+00,3.600260422021904771e-01,1.191599090980162368e+00,-5.852054479085391087e-02,8.161254302558479737e-03,2.837148505570266099e-01,3.103164083376579452e-01,-5.839904897081731328e-01,7.743313076941197304e-01,-4.889347490457647827e-01,-2.828396964044327944e-01,3.643850632671082335e-01,0.000000000000000000e+00,0.000000000000000000e+00,5.339616623415676111e-01,4.160901802106137248e-01,7.213723788716157603e-01,6.938026180776345475e-01,1.757656805160852764e+00,-9.415023731722672595e-01,-1.191009481073873166e+00,9.257960654133498002e-01,-4.668062001933125371e-01,-5.099556053266109945e-01,-1.253374013974976713e-02,-3.669621702617922865e-01,-4.602362970513234064e-01,-5.183686688943279358e-02,-5.183686688943279358e-02,1.418158377741196352e+00,-1.040941436780788015e-01,-2.030901712371240009e-02,-8.401389803667852485e-02,-3.271524934852403366e-01,-5.191945123345532709e-01,-7.103890521813077674e-01,-5.752567881263277033e-02,-3.801429606348526863e-02,-1.147078669352808861e-01,-1.711160802546210780e-01,-7.340709118518067011e-02,-7.197411700355742237e-02,-1.244624194945742751e-01,-7.051263942166730025e-02,-2.872721242393142319e-02,-2.030901712371240009e-02,-2.019004323808653023e-01,-1.435916317235476011e-02,-1.435916317235476011e-02,-5.183686688943279358e-02,-3.801429606348527557e-02,-3.801429606348527557e-02,6.417367738851512016e+00,-4.064318733121485144e-02,-8.148853797899899276e-02,-1.210011918676099085e-01,-5.569323991926412171e-02,-7.051263942166730025e-02,-4.979810447122927364e-02,-3.212131358814808435e-02,-2.030901712371240009e-02,-3.801429606348527557e-02,-6.749673070628271765e-02,-3.519076715388935045e-02,-1.435916317235476185e-02,-3.524455202264515918e-01,-3.753330286669139260e-01,-2.907009498669055336e-01,-4.311306135592269523e-02,-3.519076715388935045e-02,-3.801429606348527557e-02,-1.435916317235476011e-02,-1.286658602907498339e-01,-4.767312946227962589e-02,5.913962991410492975e-01,-2.487592975524973576e-02,-4.967123990818995694e-01,-1.786283982422259831e-01,-4.979810447122926670e-02,5.840947806181536750e-01,-2.030901712371240009e-02,-4.892821642774447533e-01,-1.767766952966368654e-01
-1.643897385938448474e+00,-5.537123258831522232e-01,-5.507016019503075954e-01,7.082331122151057645e-01,-5.611160830399674060e-01,-7.617127067656237482e-01,-4.966680157416004104e-01,-4.963069089824175273e-01,-6.623362709603883292e-02,-6.302706439077716549e-01,8.414777418280475763e-01,-6.008461346790693741e-02,-2.353031823252243360e+00,-2.340010815695734880e+00,-3.826319646985255396e+00,-4.454602852105570499e+00,-8.087874538665257296e-01,-1.801752323248414722e+00,-1.236479578871264806e+00,-2.384929742918500128e+00,3.600260422021904771e-01,-6.292804948981121915e-02,-2.294238763068062958e+00,-2.326206157108087869e+00,-3.898722568564133795e+00,-4.572793436017302149e+00,-8.078231342445260088e-01,-1.773242088314630704e+00,-1.202811734101178587e+00,-2.436299481158024527e+00,7.868668125335730457e-01,0.000000000000000000e+00,0.000000000000000000e+00,5.339616623415676111e-01,-4.681622135693289666e-01,1.019699523791156359e+00,-2.299510263645972719e-01,-7.495604407516895940e-01,2.233858933148938686e+00,6.930118755280455511e-01,9.257960654133498002e-01,-4.668062001933125371e-01,-1.441939019155339841e+00,-1.253374013974976713e-02,-3.669621702617922865e-01,-4.602362970513234064e-01,-5.183686688943279358e-02,-5.183686688943279358e-02,-7.051398600435393460e-01,-1.040941436780788015e-01,-2.030901712371240009e-02,-8.401389803667852485e-02,-3.271524934852403366e-01,-5.191945123345532709e-01,1.407679351095596942e+00,-5.752567881263277033e-02,-3.801429606348526863e-02,-1.147078669352808861e-01,-1.711160802546210780e-01,-7.340709118518067011e-02,-7.197411700355742237e-02,-1.244624194945742751e-01,-7.051263942166730025e-02,-2.872721242393142319e-02,-2.030901712371240009e-02,-2.019004323808653023e-01,-1.435916317235476011e-02,-1.435916317235476011e-02,-5.183686688943279358e-02,-3.801429606348527557e-02,-3.801429606348527557e-02,-1.558271304830920190e-01,-4.064318733121485144e-02,-8.148853797899899276e-02,-1.210011918676099085e-01,-5.569323991926412171e-02,-7.051263942166730025e-02,-4.979810447122927364e-02,-3.212131358814808435e-02,-2.030901712371240009e-02,-3.801429606348527557e-02,-6.749673070628271765e-02,-3.519076715388935045e-02,-1.435916317235476185e-02,-3.524455202264515918e-01,-3.753330286669139260e-01,-2.907009498669055336e-01,-4.311306135592269523e-02,-3.519076715388935045e-02,-3.801429606348527557e-02,-1.435916317235476011e-02,-1.286658602907498339e-01,-4.767312946227962589e-02,5.913962991410492975e-01,-2.487592975524973576e-02,-4.967123990818995694e-01,-1.786283982422259831e-01,-4.979810447122926670e-02,5.840947806181536750e-01,-2.030901712371240009e-02,-4.892821642774447533e-01,-1.767766952966368654e-01
6.315358906588535159e-01,-5.537123258831522232e-01,5.961373238438262945e+00,7.082331122151057645e-01,-6.328706631405850436e-01,-4.030900697471309080e-01,-4.966680157416004104e-01,-4.963069089824175273e-01,-6.493539992246850634e-01,1.151455984062275117e+00,8.414777418280475763e-01,1.171538073213661102e+00,1.798347045291234791e-02,1.465362846438810485e-01,6.450939483302627897e-01,-8.371203395033821604e-01,6.580411209403509432e-01,5.800554594071076764e-01,6.434846666005945570e-01,1.219324108821398522e-01,9.248938849348538049e-01,1.442504519074156999e+00,-2.820572149217986588e-02,-6.576817992877266317e-01,-1.810004182342134504e-01,-1.948328859059586526e-01,4.232564107054141989e-01,-5.226151484557896021e-01,3.752321276002626438e-01,-1.144223610305869387e+00,3.643850632671082335e-01,0.000000000000000000e+00,0.000000000000000000e+00,5.339616623415676111e-01,7.108409781372613256e-01,7.213723788716157603e-01,7.959327162583490489e-01,5.878893131297145969e-01,6.461782799883358797e-01,1.635022553829005076e+00,-3.774647335768301359e-01,1.696017942249628430e+00,1.043350084387937082e+00,4.569733905006030938e-01,-3.669621702617922865e-01,-4.602362970513234064e-01,-5.183686688943279358e-02,-5.183686688943279358e-02,-7.051398600435393460e-01,-1.040941436780788015e-01,-2.030901712371240009e-02,-8.401389803667852485e-02,-3.271524934852403366e-01,-5.191945123345532709e-01,1.407679351095596942e+00,-5.752567881263277033e-02,-3.801429606348526863e-02,-1.147078669352808861e-01,-1.711160802546210780e-01,-7.340709118518067011e-02,-7.197411700355742237e-02,-1.244624194945742751e-01,-7.051263942166730025e-02,-2.872721242393142319e-02,-2.030901712371240009e-02,-2.019004323808653023e-01,-1.435916317235476011e-02,-1.435916317235476011e-02,-5.183686688943279358e-02,-3.801429606348527557e-02,-3.801429606348527557e-02,-1.558271304830920190e-01,-4.064318733121485144e-02,-8.148853797899899276e-02,-1.210011918676099085e-01,-5.569323991926412171e-02,-7.051263942166730025e-02,-4.979810447122927364e-02,-3.212131358814808435e-02,-2.030901712371240009e-02,-3.801429606348527557e-02,-6.749673070628271765e-02,-3.519076715388935045e-02,-1.435916317235476185e-02,-3.524455202264515918e-01,-3.753330286669139260e-01,-2.907009498669055336e-01,-4.311306135592269523e-02,-3.519076715388935045e-02,-3.801429606348527557e-02,-1.435916317235476011e-02,-1.286658602907498339e-01,-4.767312946227962589e-02,5.913962991410492975e-01,-2.487592975524973576e-02,-4.967123990818995694e-01,-1.786283982422259831e-01,-4.979810447122926670e-02,5.840947806181536750e-01,-2.030901712371240009e-02,-4.892821642774447533e-01,-1.767766952966368654e-01
2.397072455374374064e-02,4.047385190264539689e-01,-4.977276807426366662e-02,-1.284019034700219164e+00,-7.763798233418204298e-01,-9.410240252748701684e-01,5.905777172739697933e-01,6.573034482162921632e-01,-6.623362709603883292e-02,-6.302706439077716549e-01,4.494628813082318097e-01,4.325644612047202520e-01,-1.219453009788671327e-01,-1.581535756787110225e+00,-1.088719486587999441e+00,3.961123352473639447e-01,-1.895668281666913063e-02,-1.241326962623585883e+00,-4.096073381243058864e-01,3.726186262622038226e-01,2.111116354673446605e+00,-6.292804948981121915e-02,6.690352143773224958e-01,-2.816763102014480658e-01,2.514348140754978811e+00,-2.383813160961630651e+00,4.004578723287058217e+00,8.669703402762560795e-01,2.058478913415132894e+00,4.062674347167165023e-01,1.772657560821990774e+00,0.000000000000000000e+00,0.000000000000000000e+00,1.307170027720357286e+00,-4.681622135693289666e-01,1.318026668710696736e+00,1.256172838188107432e+00,6.673880747240636957e-01,2.657240440658433123e+00,1.164017214678525258e+00,9.257960654133498002e-01,-4.668062001933125371e-01,-3.028481800313378436e-01,9.264805211409559149e-01,-3.669621702617922865e-01,1.739375798511208382e+00,-5.183686688943279358e-02,-5.183686688943279358e-02,-7.051398600435393460e-01,-1.040941436780788015e-01,-2.030901712371240009e-02,-8.401389803667852485e-02,-3.271524934852403366e-01,1.926060419058570616e+00,-7.103890521813077674e-01,-5.752567881263277033e-02,-3.801429606348526863e-02,-1.147078669352808861e-01,-1.711160802546210780e-01,-7.340709118518067011e-02,-7.197411700355742237e-02,-1.244624194945742751e-01,-7.051263942166730025e-02,-2.872721242393142319e-02,-2.030901712371240009e-02,-2.019004323808653023e-01,-1.435916317235476011e-02,-1.435916317235476011e-02,-5.183686688943279358e-02,-3.801429606348527557e-02,-3.801429606348527557e-02,-1.558271304830920190e-01,-4.064318733121485144e-02,-8.148853797899899276e-02,-1.210011918676099085e-01,-5.569323991926412171e-02,-7.051263942166730025e-02,-4.979810447122927364e-02,3.113197712963312824e+01,-2.030901712371240009e-02,-3.801429606348527557e-02,-6.749673070628271765e-02,-3.519076715388935045e-02,-1.435916317235476185e-02,-3.524455202264515918e-01,-3.753330286669139260e-01,-2.907009498669055336e-01,-4.311306135592269523e-02,-3.519076715388935045e-02,-3.801429606348527557e-02,-1.435916317235476011e-02,-1.286658602907498339e-01,-4.767312946227962589e-02,5.913962991410492975e-01,-2.487592975524973576e-02,-4.967123990818995694e-01,-1.786283982422259831e-01,-4.979810447122926670e-02,5.840947806181536750e-01,-2.030901712371240009e-02,-4.892821642774447533e-01,-1.767766952966368654e-01
-9.711223258999172880e-02,-5.537123258831522232e-01,-5.507016019503075954e-01,2.700485259130430471e+00,2.990735631940608208e+00,1.712783488661976827e+00,-4.966680157416004104e-01,-4.963069089824175273e-01,-6.493539992246850634e-01,-3.636176791775609651e-02,8.414777418280475763e-01,6.788889985410339056e-01,-2.463264311404491924e-01,1.045759292628333226e+00,-3.586927771487311012e-01,8.894054051476624201e-01,-4.702885519880157239e-01,2.064385523238884967e-01,-4.174080196407866095e-01,2.472755185721718374e-01,3.600260422021904771e-01,1.442504519074156999e+00,-2.820572149217986588e-02,-6.576817992877266317e-01,-1.810004182342134504e-01,-1.948328859059586526e-01,4.232564107054141989e-01,-5.226151484557896021e-01,3.752321276002626438e-01,-1.144223610305869387e+00,3.643850632671082335e-01,0.000000000000000000e+00,0.000000000000000000e+00,5.339616623415676111e-01,7.108409781372613256e-01,7.213723788716157603e-01,1.575656735061111702e+00,9.947359165831486383e-01,1.387095918129950478e+00,4.575092059528056976e-01,-3.774647335768301359e-01,-4.668062001933125371e-01,1.043350084387937082e+00,4.569733905006030938e-01,-3.669621702617922865e-01,-4.602362970513234064e-01,-5.183686688943279358e-02,-5.183686688943279358e-02,-7.051398600435393460e-01,-1.040941436780788015e-01,-2.030901712371240009e-02,-8.401389803667852485e-02,3.056678521220304923e+00,-5.191945123345532709e-01,-7.103890521813077674e-01,-5.752567881263277033e-02,-3.801429606348526863e-02,-1.147078669352808861e-01,-1.711160802546210780e-01,-7.340709118518067011e-02,-7.197411700355742237e-02,-1.244624194945742751e-01,-7.051263942166730025e-02,-2.872721242393142319e-02,-2.030901712371240009e-02,-2.019004323808653023e-01,-1.435916317235476011e-02,-1.435916317235476011e-02,-5.183686688943279358e-02,-3.801429606348527557e-02,-3.801429606348527557e-02,-1.558271304830920190e-01,-4.064318733121485144e-02,-8.148853797899899276e-02,-1.210011918676099085e-01,-5.569323991926412171e-02,-7.051263942166730025e-02,-4.979810447122927364e-02,-3.212131358814808435e-02,-2.030901712371240009e-02,-3.801429606348527557e-02,-6.749673070628271765e-02,-3.519076715388935045e-02,-1.435916317235476185e-02,-3.524455202264515918e-01,-3.753330286669139260e-01,-2.907009498669055336e-01,-4.311306135592269523e-02,-3.519076715388935045e-02,-3.801429606348527557e-02,-1.435916317235476011e-02,-1.286658602907498339e-01,-4.767312946227962589e-02,5.913962991410492975e-01,-2.487592975524973576e-02,-4.967123990818995694e-01,-1.786283982422259831e-01,-4.979810447122926670e-02,5.840947806181536750e-01,-2.030901712371240009e-02,-4.892821642774447533e-01,-1.767766952966368654e-01
-1.171144528675065910e+00,-7.448690342834912714e-02,-4.977276807426366662e-02,7.082331122151057645e-01,-2.023431825368789405e-01,-1.120335343784116588e+00,-4.966680157416004104e-01,1.810913805415002020e+00,-6.493539992246850634e-01,-3.636176791775609651e-02,8.414777418280475763e-01,-6.008461346790693741e-02,-5.572792565444040225e-01,-2.913462235920262211e-01,6.450939483302627897e-01,-2.616117579530339854e-01,-3.574555846951790183e-01,1.130343255530836949e-01,-4.096073381243058864e-01,5.815238057455904830e-01,3.600260422021904771e-01,-6.292804948981121915e-02,-9.831226554004116602e-01,-2.326206157108087869e+00,-3.898722568564133795e+00,-9.525568272713834661e-01,1.430503311119001530e+00,-1.310046925403948848e+00,-4.513622761481113632e-01,-2.436299481158024527e+00,-5.809668599935657873e-02,0.000000000000000000e+00,0.000000000000000000e+00,1.473574796521728292e-01,-1.734114156426813935e-01,-4.719362008065465242e-01,-1.573354625510918758e+00,-1.353483806140695300e+00,3.286421493562152185e-01,-1.349613319767399566e-02,-3.774647335768301359e-01,1.696017942249628430e+00,-1.131277881212430225e+00,-9.515480014204554804e-01,-3.669621702617922865e-01,-4.602362970513234064e-01,-5.183686688943279358e-02,-5.183686688943279358e-02,-7.051398600435393460e-01,-1.040941436780788015e-01,-2.030901712371240009e-02,-8.401389803667852485e-02,-3.271524934852403366e-01,-5.191945123345532709e-01,1.407679351095596942e+00,-5.752567881263277033e-02,-3.801429606348526863e-02,-1.147078669352808861e-01,-1.711160802546210780e-01,-7.340709118518067011e-02,-7.197411700355742237e-02,-1.244624194945742751e-01,-7.051263942166730025e-02,-2.872721242393142319e-02,-2.030901712371240009e-02,-2.019004323808653023e-01,-1.435916317235476011e-02,-1.435916317235476011e-02,-5.183686688943279358e-02,-3.801429606348527557e-02,-3.801429606348527557e-02,-1.558271304830920190e-01,-4.064318733121485144e-02,-8.148853797899899276e-02,-1.210011918676099085e-01,-5.569323991926412171e-02,-7.051263942166730025e-02,-4.979810447122927364e-02,-3.212131358814808435e-02,-2.030901712371240009e-02,-3.801429606348527557e-02,-6.749673070628271765e-02,-3.519076715388935045e-02,-1.435916317235476185e-02,-3.524455202264515918e-01,-3.753330286669139260e-01,-2.907009498669055336e-01,-4.311306135592269523e-02,-3.519076715388935045e-02,-3.801429606348527557e-02,-1.435916317235476011e-02,-1.286658602907498339e-01,-4.767312946227962589e-02,5.913962991410492975e-01,-2.487592975524973576e-02,-4.967123990818995694e-01,-1.786283982422259831e-01,-4.979810447122926670e-02,5.840947806181536750e-01,-2.030901712371240009e-02,-4.892821642774447533e-01,-1.767766952966368654e-01
-4.236023967390369765e-02,-5.537123258831522232e-01,-5.507016019503075954e-01,-1.284019034700219164e+00,-9.916435636436735646e-01,-1.120335343784116588e+00,-4.966680157416004104e-01,-4.963069089824175273e-01,-6.493539992246850634e-01,-6.302706439077716549e-01,-1.552828406269902706e+00,1.862399238684066816e-01,2.434242688707796698e-01,6.000574538882131881e-01,6.320577570903027943e-03,3.138968235973142451e-01,-8.087874538665257296e-01,-8.677100555403667315e-01,-1.080465948541649901e+00,7.486479493322998335e-01,-6.362483984730694930e-02,9.406936628861676253e-01,1.612619241245327739e-01,-3.130101009586379601e-01,-7.386587407837015284e-01,-2.644978782475312235e-02,-8.078231342445260088e-01,-1.310046925403948848e+00,-8.721739726018290506e-01,1.478522605462855299e-01,-5.809668599935657873e-02,0.000000000000000000e+00,0.000000000000000000e+00,1.473574796521728292e-01,1.213393822839661657e-01,1.616353813630237335e+00,-1.678758124274348562e+00,-1.217200214836096528e+00,-9.473935815327891308e-02,-7.200041419233935702e-01,-3.774647335768301359e-01,-4.668062001933125371e-01,-1.027724168564793761e+00,-7.167944361002790421e-01,-3.669621702617922865e-01,-4.602362970513234064e-01,-5.183686688943279358e-02,-5.183686688943279358e-02,1.418158377741196352e+00,-1.040941436780788015e-01,-2.030901712371240009e-02,-8.401389803667852485e-02,-3.271524934852403366e-01,-5.191945123345532709e-01,-7.103890521813077674e-01,-5.752567881263277033e-02,-3.801429606348526863e-02,-1.147078669352808861e-01,-1.711160802546210780e-01,-7.340709118518067011e-02,-7.197411700355742237e-02,-1.244624194945742751e-01,-7.051263942166730025e-02,-2.872721242393142319e-02,-2.030901712371240009e-02,-2.019004323808653023e-01,-1.435916317235476011e-02,-1.435916317235476011e-02,-5.183686688943279358e-02,-3.801429606348527557e-02,-3.801429606348527557e-02,6.417367738851512016e+00,-4.064318733121485144e-02,-8.148853797899899276e-02,-1.210011918676099085e-01,-5.569323991926412171e-02,-7.051263942166730025e-02,-4.979810447122927364e-02,-3.212131358814808435e-02,-2.030901712371240009e-02,-3.801429606348527557e-02,-6.749673070628271765e-02,-3.519076715388935045e-02,-1.435916317235476185e-02,-3.524455202264515918e-01,-3.753330286669139260e-01,-2.907009498669055336e-01,-4.311306135592269523e-02,-3.519076715388935045e-02,-3.801429606348527557e-02,-1.435916317235476011e-02,-1.286658602907498339e-01,-4.767312946227962589e-02,5.913962991410492975e-01,-2.487592975524973576e-02,-4.967123990818995694e-01,-1.786283982422259831e-01,-4.979810447122926670e-02,5.840947806181536750e-01,-2.030901712371240009e-02,-4.892821642774447533e-01,-1.767766952966368654e-01
-4.835190466443169410e-01,-5.537123258831522232e-01,-5.507016019503075954e-01,-1.284019034700219164e+00,-1.099275433794600021e+00,-5.465391245545280219e-01,1.677823450289539942e+00,6.573034482162921632e-01,-6.493539992246850634e-01,1.151455984062275117e+00,-1.053889212736606601e-01,-2.030680912158415730e+00,1.345907799793956972e-01,4.358515132997480279e-01,1.888272549307201120e-01,-2.616117579530339854e-01,1.222205957404534304e+00,-2.707201460312350788e-02,-4.297530684971095222e-02,-1.215060737811534786e+00,-1.617011407362130893e+00,-1.317455189959784834e+00,-1.748571943691930475e+00,1.394681495308210950e+00,2.886120355787971103e+00,-1.036748376311986242e+00,8.750744390088503744e-02,1.978638731261892492e+00,4.433059200546825451e+00,1.870620088349158827e+00,-1.607196433309727501e+00,0.000000000000000000e+00,0.000000000000000000e+00,-2.945475981862985648e+00,-2.236667001129214238e+00,-1.665244780484708809e+00,-1.215244601761874987e+00,-1.032816532482816019e+00,-1.470729257559134862e+00,-4.845014723481537167e-01,-3.774647335768301359e-01,-4.668062001933125371e-01,-1.027724168564793761e+00,-1.655808697380984684e+00,-3.669621702617922865e-01,-4.602362970513234064e-01,-5.183686688943279358e-02,-5.183686688943279358e-02,-7.051398600435393460e-01,-1.040941436780788015e-01,-2.030901712371240009e-02,-8.401389803667852485e-02,-3.271524934852403366e-01,1.926060419058570616e+00,-7.103890521813077674e-01,-5.752567881263277033e-02,-3.801429606348526863e-02,-1.147078669352808861e-01,-1.711160802546210780e-01,1.362266211417295203e+01,-7.197411700355742237e-02,-1.244624194945742751e-01,-7.051263942166730025e-02,-2.872721242393142319e-02,-2.030901712371240009e-02,-2.019004323808653023e-01,-1.435916317235476011e-02,-1.435916317235476011e-02,-5.183686688943279358e-02,-3.801429606348527557e-02,-3.801429606348527557e-02,-1.558271304830920190e-01,-4.064318733121485144e-02,-8.148853797899899276e-02,-1.210011918676099085e-01,-5.569323991926412171e-02,-7.051263942166730025e-02,-4.979810447122927364e-02,-3.212131358814808435e-02,-2.030901712371240009e-02,-3.801429606348527557e-02,-6.749673070628271765e-02,-3.519076715388935045e-02,-1.435916317235476185e-02,-3.524455202264515918e-01,-3.753330286669139260e-01,-2.907009498669055336e-01,-4.311306135592269523e-02,-3.519076715388935045e-02,-3.801429606348527557e-02,-1.435916317235476011e-02,-1.286658602907498339e-01,-4.767312946227962589e-02,-1.690913523558418063e+00,-2.487592975524973576e-02,-4.967123990818995694e-01,5.598214000911362120e+00,-4.979810447122926670e-02,-1.712050908829709783e+00,-2.030901712371240009e-02,-4.892821642774447533e-01,-1.767766952966368654e-01
-2.544208285513201995e-01,4.047385190264539689e-01,4.511560658017802483e-01,-1.284019034700219164e+00,3.716934582680625487e-01,-3.672278060452816018e-01,-4.966680157416004104e-01,1.810913805415002020e+00,-6.493539992246850634e-01,-3.636176791775609651e-02,5.821448340995544202e-01,1.171538073213661102e+00,-5.339577946391075303e-01,1.819873012545383695e+00,1.557627335129348145e+00,-7.549048278533324607e-01,1.560704859283044144e+00,-2.605825815301355264e-01,-6.124250575528051854e-01,-4.630020916713427637e-01,9.248938849348538049e-01,4.388828066981781961e-01,1.828577205551604079e+00,2.068357996587793846e+00,1.584917603172498746e+00,-7.841737291901780260e-01,1.094754344314472272e+00,-4.762956321647214275e-01,5.210886068044361802e-02,-2.436299481158024527e+00,9.276940622890612609e-01,0.000000000000000000e+00,0.000000000000000000e+00,9.205658450309623930e-01,1.300342573990556527e+00,1.318026668710696736e+00,-1.776305461639261729e+00,8.838384844431321774e-01,8.578690337430828761e-01,-2.489988027729138353e-01,-3.774647335768301359e-01,-4.668062001933125371e-01,-1.027724168564793761e+00,-4.820408707801026038e-01,-3.669621702617922865e-01,-4.602362970513234064e-01,-5.183686688943279358e-02,-5.183686688943279358e-02,1.418158377741196352e+00,-1.040941436780788015e-01,-2.030901712371240009e-02,-8.401389803667852485e-02,-3.271524934852403366e-01,-5.191945123345532709e-01,-7.103890521813077674e-01,-5.752567881263277033e-02,-3.801429606348526863e-02,-1.147078669352808861e-01,-1.711160802546210780e-01,-7.340709118518067011e-02,-7.197411700355742237e-02,-1.244624194945742751e-01,-7.051263942166730025e-02,-2.872721242393142319e-02,-2.030901712371240009e-02,-2.019004323808653023e-01,-1.435916317235476011e-02,-1.435916317235476011e-02,-5.183686688943279358e-02,-3.801429606348527557e-02,-3.801429606348527557e-02,-1.558271304830920190e-01,-4.064318733121485144e-02,-8.148853797899899276e-02,-1.210011918676099085e-01,-5.569323991926412171e-02,-7.051263942166730025e-02,-4.979810447122927364e-02,-3.212131358814808435e-02,-2.030901712371240009e-02,-3.801429606348527557e-02,-6.749673070628271765e-02,-3.519076715388935045e-02,-1.435916317235476185e-02,-3.524455202264515918e-01,2.664300564093018409e+00,-2.907009498669055336e-01,-4.311306135592269523e-02,-3.519076715388935045e-02,-3.801429606348527557e-02,-1.435916317235476011e-02,-1.286658602907498339e-01,-4.767312946227962589e-02,5.913962991410492975e-01,-2.487592975524973576e-02,-4.967123990818995694e-01,-1.786283982422259831e-01,-4.979810447122926670e-02,5.840947806181536750e-01,-2.030901712371240009e-02,-4.892821642774447533e-01,-1.767766952966368654e-01
-1.320145604005493467e-01,1.363189363936059939e+00,-4.977276807426366662e-02,7.082331122151057645e-01,-3.458523427381143267e-01,-8.605169026788763234e-03,-4.966680157416004104e-01,-4.963069089824175273e-01,2.266247861418546172e+00,-6.302706439077716549e-01,8.414777418280475763e-01,-1.784356374822102298e+00,-8.837797232185568008e-01,-1.104556596030139559e+00,-1.453732841307633583e+00,5.605433585474633995e-01,-8.087874538665257296e-01,-6.341994886133547338e-01,9.789139718092663145e-01,1.124677272402395900e+00,-1.334577485995799284e+00,-1.066549761865789980e+00,1.309471008258587255e-01,-4.618456070552898751e-01,-5.527726332672054932e-01,3.945079573782606652e-01,-5.839904897081731328e-01,-8.468517624932668797e-01,-1.022463864192442395e+00,2.339906519364291781e-01,-1.325541933798751071e+00,0.000000000000000000e+00,0.000000000000000000e+00,-1.399059251105406521e+00,-2.236667001129214238e+00,-1.665244780484708809e+00,1.688261715106514904e+00,-6.967839519621635835e-01,-1.576574634436508360e+00,-1.191009481073873166e+00,-3.774647335768301359e-01,-4.668062001933125371e-01,-8.206167432695206099e-01,-4.820408707801026038e-01,-3.669621702617922865e-01,-4.602362970513234064e-01,-5.183686688943279358e-02,-5.183686688943279358e-02,-7.051398600435393460e-01,-1.040941436780788015e-01,-2.030901712371240009e-02,-8.401389803667852485e-02,3.056678521220304923e+00,-5.191945123345532709e-01,-7.103890521813077674e-01,-5.752567881263277033e-02,-3.801429606348526863e-02,-1.147078669352808861e-01,-1.711160802546210780e-01,-7.340709118518067011e-02,-7.197411700355742237e-02,-1.244624194945742751e-01,-7.051263942166730025e-02,-2.872721242393142319e-02,-2.030901712371240009e-02,-2.019004323808653023e-01,-1.435916317235476011e-02,-1.435916317235476011e-02,-5.183686688943279358e-02,-3.801429606348527557e-02,-3.801429606348527557e-02,-1.558271304830920190e-01,-4.064318733121485144e-02,-8.148853797899899276e-02,-1.210011918676099085e-01,-5.569323991926412171e-02,-7.051263942166730025e-02,-4.979810447122927364e-02,-3.212131358814808435e-02,-2.030901712371240009e-02,-3.801429606348527557e-02,-6.749673070628271765e-02,-3.519076715388935045e-02,-1.435916317235476185e-02,-3.524455202264515918e-01,-3.753330286669139260e-01,-2.907009498669055336e-01,-4.311306135592269523e-02,-3.519076715388935045e-02,-3.801429606348527557e-02,-1.435916317235476011e-02,-1.286658602907498339e-01,-4.767312946227962589e-02,5.913962991410492975e-01,-2.487592975524973576e-02,-4.967123990818995694e-01,-1.786283982422259831e-01,-4.979810447122926670e-02,5.840947806181536750e-01,-2.030901712371240009e-02,-4.892821642774447533e-01,-1.767766952966368654e-01
7.049796515493159665e-01,-5.537123258831522232e-01,-5.507016019503075954e-01,7.082331122151057645e-01,-2.740977626374966336e-01,1.138987269432388372e+00,-4.966680157416004104e-01,-4.963069089824175273e-01,1.100007117161253767e+00,-6.302706439077716549e-01,-2.199778805025297823e-01,-6.008461346790693741e-02,3.289362958568675110e-01,-1.073279274013289042e+00,4.625872709704457186e-01,-5.082582929031832508e-01,4.323751863546776431e-01,6.633221216768130091e-02,1.236336461853130952e+00,-2.384929742918500128e+00,-4.872757218968044035e-01,-6.292804948981121915e-02,1.313225209474145228e+00,2.295527979577420385e+00,5.625440118317706073e-01,-8.683652782307808016e-01,-4.720741674399969168e-01,-2.446980507093804713e-01,-9.848913912947890870e-01,-4.120472834896483083e-01,-5.809668599935657873e-02,0.000000000000000000e+00,0.000000000000000000e+00,-2.392467030372219805e-01,-4.681622135693289666e-01,4.230452339520751615e-01,-1.979870895428089556e-02,-1.018119282440163254e+00,-3.064301119080259928e-01,-1.191009481073873166e+00,-3.774647335768301359e-01,-4.668062001933125371e-01,-4.064018926789744190e-01,-2.472873054599261933e-01,-3.669621702617922865e-01,-4.602362970513234064e-01,-5.183686688943279358e-02,-5.183686688943279358e-02,1.418158377741196352e+00,-1.040941436780788015e-01,-2.030901712371240009e-02,-8.401389803667852485e-02,-3.271524934852403366e-01,-5.191945123345532709e-01,-7.103890521813077674e-01,-5.752567881263277033e-02,-3.801429606348526863e-02,-1.147078669352808861e-01,-1.711160802546210780e-01,-7.340709118518067011e-02,-7.197411700355742237e-02,-1.244624194945742751e-01,-7.051263942166730025e-02,-2.872721242393142319e-02,-2.030901712371240009e-02,-2.019004323808653023e-01,-1.435916317235476011e-02,-1.435916317235476011e-02,-5.183686688943279358e-02,-3.801429606348527557e-02,-3.801429606348527557e-02,-1.558271304830920190e-01,-4.064318733121485144e-02,-8.148853797899899276e-02,-1.210011918676099085e-01,-5.569323991926412171e-02,-7.051263942166730025e-02,-4.979810447122927364e-02,-3.212131358814808435e-02,-2.030901712371240009e-02,-3.801429606348527557e-02,-6.749673070628271765e-02,-3.519076715388935045e-02,-1.435916317235476185e-02,-3.524455202264515918e-01,2.664300564093018409e+00,-2.907009498669055336e-01,-4.311306135592269523e-02,-3.519076715388935045e-02,-3.801429606348527557e-02,-1.435916317235476011e-02,-1.286658602907498339e-01,-4.767312946227962589e-02,5.913962991410492975e-01,-2.487592975524973576e-02,-4.967123990818995694e-01,-1.786283982422259831e-01,-4.979810447122926670e-02,-1.712050908829709783e+00,-2.030901712371240009e-02,2.043810449286999731e+00,-1.767766952966368654e-01
-6.679555182498702059e-01,-7.448690342834912714e-02,-4.977276807426366662e-02,-2.878929612425566442e-01,-8.481344034424381784e-01,-4.446743272863804691e-02,1.677823450289539942e+00,-4.963069089824175273e-01,-6.623362709603883292e-02,5.575471080722594897e-01,-9.436976230006508537e-01,9.252135358773474483e-01,8.031393545978983139e-01,2.142699657647886835e-02,-2.674394384688225657e-01,1.494658002972147348e-01,1.673537826575880905e+00,1.280587160188143780e+00,-5.344182423879977328e-01,-3.410696807892142027e-03,3.600260422021904771e-01,9.406936628861676253e-01,-2.820572149217986588e-02,-1.015070133476062147e-01,-2.739434719924614403e-01,3.945079573782606652e-01,1.318586988850825037e+00,5.427337262387786909e-01,-3.806507427392435972e-02,-1.101154414610797661e+00,3.643850632671082335e-01,0.000000000000000000e+00,0.000000000000000000e+00,5.339616623415676111e-01,7.108409781372613256e-01,7.213723788716157603e-01,3.912250153459286006e-02,2.946123690967792919e-01,-6.239662425401465429e-01,2.220065363775658440e-01,-3.774647335768301359e-01,-4.668062001933125371e-01,-3.028481800313378436e-01,2.222198251804266556e-01,-3.669621702617922865e-01,-4.602362970513234064e-01,-5.183686688943279358e-02,-5.183686688943279358e-02,-7.051398600435393460e-01,-1.040941436780788015e-01,-2.030901712371240009e-02,-8.401389803667852485e-02,-3.271524934852403366e-01,1.926060419058570616e+00,-7.103890521813077674e-01,-5.752567881263277033e-02,-3.801429606348526863e-02,-1.147078669352808861e-01,5.843986132174123327e+00,-7.340709118518067011e-02,-7.197411700355742237e-02,-1.244624194945742751e-01,-7.051263942166730025e-02,-2.872721242393142319e-02,-2.030901712371240009e-02,-2.019004323808653023e-01,-1.435916317235476011e-02,-1.435916317235476011e-02,-5.183686688943279358e-02,-3.801429606348527557e-02,-3.801429606348527557e-02,-1.558271304830920190e-01,-4.064318733121485144e-02,-8.148853797899899276e-02,-1.210011918676099085e-01,-5.569323991926412171e-02,-7.051263942166730025e-02,-4.979810447122927364e-02,-3.212131358814808435e-02,-2.030901712371240009e-02,-3.801429606348527557e-02,-6.749673070628271765e-02,-3.519076715388935045e-02,-1.435916317235476185e-02,-3.524455202264515918e-01,-3.753330286669139260e-01,-2.907009498669055336e-01,-4.311306135592269523e-02,-3.519076715388935045e-02,-3.801429606348527557e-02,-1.435916317235476011e-02,-1.286658602907498339e-01,-4.767312946227962589e-02,5.913962991410492975e-01,-2.487592975524973576e-02,-4.967123990818995694e-01,-1.786283982422259831e-01,-4.979810447122926670e-02,5.840947806181536750e-01,-2.030901712371240009e-02,-4.892821642774447533e-01,-1.767766952966368654e-01
9.172056543026119169e-01,-5.537123258831522232e-01,9.520848996778241702e-01,-2.878929612425566442e-01,-2.740977626374966336e-01,9.596759509231419516e-01,-4.966680157416004104e-01,-4.963069089824175273e-01,-6.493539992246850634e-01,5.575471080722594897e-01,-9.497286208548020303e-01,-3.064091508042205425e-01,1.697128727634268808e+00,2.453238783386606503e+00,-5.411994545085482278e-01,5.605433585474633995e-01,-8.087874538665257296e-01,-1.801752323248414722e+00,-1.236479578871264806e+00,-7.972503788447614648e-01,-4.872757218968044035e-01,-5.647389056778006067e-01,-4.336313314151688664e-02,3.528329526316471565e-01,5.625440118317706073e-01,1.152231898743685479e+00,-4.720741674399969168e-01,5.427337262387786909e-01,-7.594565539088690143e-01,-1.101154414610797661e+00,-4.805784352658213909e-01,0.000000000000000000e+00,0.000000000000000000e+00,-2.392467030372219805e-01,1.213393822839661657e-01,-4.719362008065465242e-01,1.076135806138770912e+00,6.734005861051489683e-01,-1.047347750049640647e+00,-2.489988027729138353e-01,-3.774647335768301359e-01,-4.668062001933125371e-01,-5.099556053266109945e-01,-7.167944361002790421e-01,-3.669621702617922865e-01,-4.602362970513234064e-01,-5.183686688943279358e-02,-5.183686688943279358e-02,1.418158377741196352e+00,-1.040941436780788015e-01,-2.030901712371240009e-02,-8.401389803667852485e-02,-3.271524934852403366e-01,-5.191945123345532709e-01,-7.103890521813077674e-01,-5.752567881263277033e-02,-3.801429606348526863e-02,-1.147078669352808861e-01,-1.711160802546210780e-01,-7.340709118518067011e-02,-7.197411700355742237e-02,-1.244624194945742751e-01,-7.051263942166730025e-02,-2.872721242393142319e-02,-2.030901712371240009e-02,-2.019004323808653023e-01,-1.435916317235476011e-02,-1.435916317235476011e-02,-5.183686688943279358e-02,-3.801429606348527557e-02,-3.801429606348527557e-02,-1.558271304830920190e-01,-4.064318733121485144e-02,-8.148853797899899276e-02,-1.210011918676099085e-01,-5.569323991926412171e-02,-7.051263942166730025e-02,-4.979810447122927364e-02,-3.212131358814808435e-02,-2.030901712371240009e-02,-3.801429606348527557e-02,-6.749673070628271765e-02,-3.519076715388935045e-02,-1.435916317235476185e-02,-3.524455202264515918e-01,2.664300564093018409e+00,-2.907009498669055336e-01,-4.311306135592269523e-02,-3.519076715388935045e-02,-3.801429606348527557e-02,-1.435916317235476011e-02,-1.286658602907498339e-01,-4.767312946227962589e-02,-1.690913523558418063e+00,-2.487592975524973576e-02,-4.967123990818995694e-01,-1.786283982422259831e-01,-4.979810447122926670e-02,5.840947806181536750e-01,-2.030901712371240009e-02,-4.892821642774447533e-01,-1.767766952966368654e-01
1.506409880185106021e+00,-5.537123258831522232e-01,-5.507016019503075954e-01,-2.878929612425566442e-01,-5.883402233564356820e-02,-7.258504430637744420e-01,-4.966680157416004104e-01,-4.963069089824175273e-01,5.168867450326074531e-01,-6.302706439077716549e-01,-2.017215241039530760e+00,-1.291707300149474991e+00,2.435829182714591319e-03,1.858969665066446675e+00,-8.493276110900550846e-02,8.894054051476624201e-01,3.195422190618408820e-01,-7.377412798852590881e-02,7.403491589750012258e-02,1.208239344195750409e+00,-1.334577485995799284e+00,-2.321076902335763581e+00,1.176808504630112440e+00,-8.456845438308659979e-01,1.027259280623010751e+00,-8.683652782307808016e-01,-8.078231342445260088e-01,-6.152541810379259513e-01,-5.114782327843567789e-01,-1.015016023220653985e+00,-1.043887434287774418e+00,0.000000000000000000e+00,0.000000000000000000e+00,-1.012455068416011628e+00,-1.352414607349271769e+00,-1.665244780484708809e+00,-6.437088600197996557e-01,-1.890607686705217116e-01,-9.473935815327891308e-02,-7.200041419233935702e-01,-3.774647335768301359e-01,-4.668062001933125371e-01,-1.131277881212430225e+00,-7.167944361002790421e-01,-3.669621702617922865e-01,-4.602362970513234064e-01,-5.183686688943279358e-02,-5.183686688943279358e-02,1.418158377741196352e+00,-1.040941436780788015e-01,-2.030901712371240009e-02,-8.401389803667852485e-02,-3.271524934852403366e-01,-5.191945123345532709e-01,-7.103890521813077674e-01,-5.752567881263277033e-02,-3.801429606348526863e-02,-1.147078669352808861e-01,-1.711160802546210780e-01,-7.340709118518067011e-02,-7.197411700355742237e-02,-1.244624194945742751e-01,-7.051263942166730025e-02,-2.872721242393142319e-02,-2.030901712371240009e-02,-2.019004323808653023e-01,-1.435916317235476011e-02,-1.435916317235476011e-02,-5.183686688943279358e-02,-3.801429606348527557e-02,-3.801429606348527557e-02,6.417367738851512016e+00,-4.064318733121485144e-02,-8.148853797899899276e-02,-1.210011918676099085e-01,-5.569323991926412171e-02,-7.051263942166730025e-02,-4.979810447122927364e-02,-3.212131358814808435e-02,-2.030901712371240009e-02,-3.801429606348527557e-02,-6.749673070628271765e-02,-3.519076715388935045e-02,-1.435916317235476185e-02,-3.524455202264515918e-01,-3.753330286669139260e-01,-2.907009498669055336e-01,-4.311306135592269523e-02,-3.519076715388935045e-02,-3.801429606348527557e-02,-1.435916317235476011e-02,-1.286658602907498339e-01,-4.767312946227962589e-02,5.913962991410492975e-01,-2.487592975524973576e-02,-4.967123990818995694e-01,-1.786283982422259831e-01,-4.979810447122926670e-02,5.840947806181536750e-01,-2.030901712371240009e-02,-4.892821642774447533e-01,-1.767766952966368654e-01
-2.763840472063531020e-02,4.047385190264539689e-01,-5.507016019503075954e-01,-2.878929612425566442e-01,5.510799085196067537e-01,-9.768862889767194746e-01,-4.966680157416004104e-01,-4.963069089824175273e-01,-6.623362709603883292e-02,-6.302706439077716549e-01,-1.281433502833107418e+00,2.156836222558915495e+00,-7.127556692463815624e-01,4.202128522913227693e-01,2.743920737968159163e+00,-3.438272696030836850e-01,-2.446226174023423960e-01,7.668639129487173633e-01,1.805786212556225401e+00,1.219324108821398522e-01,2.619497413132843455e+00,1.693409947168151630e+00,6.159842736046428069e-01,-6.185145608412391249e-01,4.696009580735226452e-01,-1.373514572474397344e+00,1.430503311119001530e+00,7.953856332809684793e-02,3.151161709640172282e-01,-1.105629136241454841e-01,2.589455609403823022e+00,0.000000000000000000e+00,0.000000000000000000e+00,1.307170027720357286e+00,1.300342573990556527e+00,1.318026668710696736e+00,5.268591883591589031e-01,8.484252757891670715e-02,-1.364883880681761363e+00,-9.555068114986333683e-01,-3.774647335768301359e-01,1.696017942249628430e+00,7.812957911571764835e-03,9.264805211409559149e-01,-3.669621702617922865e-01,-4.602362970513234064e-01,-5.183686688943279358e-02,-5.183686688943279358e-02,1.418158377741196352e+00,-1.040941436780788015e-01,-2.030901712371240009e-02,-8.401389803667852485e-02,-3.271524934852403366e-01,-5.191945123345532709e-01,-7.103890521813077674e-01,-5.752567881263277033e-02,-3.801429606348526863e-02,-1.147078669352808861e-01,-1.711160802546210780e-01,-7.340709118518067011e-02,-7.197411700355742237e-02,-1.244624194945742751e-01,-7.051263942166730025e-02,-2.872721242393142319e-02,-2.030901712371240009e-02,-2.019004323808653023e-01,-1.435916317235476011e-02,-1.435916317235476011e-02,-5.183686688943279358e-02,-3.801429606348527557e-02,-3.801429606348527557e-02,-1.558271304830920190e-01,-4.064318733121485144e-02,-8.148853797899899276e-02,-1.210011918676099085e-01,-5.569323991926412171e-02,-7.051263942166730025e-02,-4.979810447122927364e-02,-3.212131358814808435e-02,-2.030901712371240009e-02,-3.801429606348527557e-02,-6.749673070628271765e-02,-3.519076715388935045e-02,-1.435916317235476185e-02,-3.524455202264515918e-01,2.664300564093018409e+00,-2.907009498669055336e-01,-4.311306135592269523e-02,-3.519076715388935045e-02,-3.801429606348527557e-02,-1.435916317235476011e-02,-1.286658602907498339e-01,-4.767312946227962589e-02,5.913962991410492975e-01,-2.487592975524973576e-02,-4.967123990818995694e-01,-1.786283982422259831e-01,-4.979810447122926670e-02,-1.712050908829709783e+00,-2.030901712371240009e-02,2.043810449286999731e+00,-1.767766952966368654e-01
5.352650148970310440e-01,8.839639414812570095e-01,1.453013733553867981e+00,-1.284019034700219164e+00,-6.687479531908938624e-01,-6.541259156600758295e-01,5.905777172739697933e-01,6.573034482162921632e-01,-6.493539992246850634e-01,-3.636176791775609651e-02,2.685329456837016737e-01,-3.064091508042205425e-01,-8.760059025834578961e-01,-1.584176050204115782e-01,3.713339322905371831e-01,1.494658002972147348e-01,9.387628447616762351e-02,3.932470058654981004e-01,5.966805775017099966e-01,7.486479493322998335e-01,-6.362483984730694930e-02,1.879773786041834815e-01,-1.263534770913146366e+00,-6.498483515984290193e-01,1.027259280623010751e+00,-1.106413368653558910e-01,5.351727329735904704e-01,5.427337262387786909e-01,1.013964166860369831e+00,-9.288776318305103086e-01,-5.809668599935657873e-02,0.000000000000000000e+00,0.000000000000000000e+00,1.473574796521728292e-01,-4.681622135693289666e-01,-4.719362008065465242e-01,7.527238285665083239e-01,4.202070512794486290e-01,3.286421493562152185e-01,4.575092059528056976e-01,-3.774647335768301359e-01,-4.668062001933125371e-01,2.803763199397758310e+00,4.569733905006030938e-01,-3.669621702617922865e-01,-4.602362970513234064e-01,-5.183686688943279358e-02,-5.183686688943279358e-02,-7.051398600435393460e-01,-1.040941436780788015e-01,-2.030901712371240009e-02,-8.401389803667852485e-02,-3.271524934852403366e-01,1.926060419058570616e+00,-7.103890521813077674e-01,-5.752567881263277033e-02,-3.801429606348526863e-02,-1.147078669352808861e-01,-1.711160802546210780e-01,-7.340709118518067011e-02,-7.197411700355742237e-02,-1.244624194945742751e-01,-7.051263942166730025e-02,-2.872721242393142319e-02,-2.030901712371240009e-02,-2.019004323808653023e-01,-1.435916317235476011e-02,-1.435916317235476011e-02,-5.183686688943279358e-02,-3.801429606348527557e-02,-3.801429606348527557e-02,-1.558271304830920190e-01,-4.064318733121485144e-02,-8.148853797899899276e-02,-1.210011918676099085e-01,-5.569323991926412171e-02,-7.051263942166730025e-02,-4.979810447122927364e-02,-3.212131358814808435e-02,-2.030901712371240009e-02,-3.801429606348527557e-02,-6.749673070628271765e-02,-3.519076715388935045e-02,-1.435916317235476185e-02,-3.524455202264515918e-01,-3.753330286669139260e-01,3.439961240091715222e+00,-4.311306135592269523e-02,-3.519076715388935045e-02,-3.801429606348527557e-02,-1.435916317235476011e-02,-1.286658602907498339e-01,-4.767312946227962589e-02,-1.690913523558418063e+00,-2.487592975524973576e-02,2.013237442528823973e+00,-1.786283982422259831e-01,-4.979810447122926670e-02,-1.712050908829709783e+00,-2.030901712371240009e-02,-4.892821642774447533e-01,5.656854249492379694e+00
-6.833021818697264382e-02,-7.448690342834912714e-02,-5.507016019503075954e-01,-1.284019034700219164e+00,-4.176069228387320198e-01,-4.446743272863804691e-02,5.905777172739697933e-01,-4.963069089824175273e-01,-6.493539992246850634e-01,-6.302706439077716549e-01,2.564709499753998756e-01,-2.030680912158415730e+00,1.805962216525652808e+00,1.593112427923217389e+00,9.757391625081156261e-02,3.138968235973142451e-01,5.452081536475141821e-01,-8.210079421549643097e-01,-4.096073381243058864e-01,7.904289852289771989e-01,-1.052143564629467676e+00,-3.138334775838059199e-01,6.462990969033168831e-01,1.543517001404863143e+00,-1.810004182342134504e-01,7.312741535406717119e-01,1.994237661690613783e-01,-2.446980507093804713e-01,-2.334419333417218634e-01,-1.144223610305869387e+00,-1.043887434287774418e+00,0.000000000000000000e+00,0.000000000000000000e+00,-1.012455068416011628e+00,-1.352414607349271769e+00,-7.702633457260871230e-01,3.219443118811868842e-01,1.362829027282014827e-01,1.110601872409461635e-02,-9.555068114986333683e-01,-3.774647335768301359e-01,1.696017942249628430e+00,-1.992944673837013236e-01,-7.167944361002790421e-01,-3.669621702617922865e-01,-4.602362970513234064e-01,-5.183686688943279358e-02,-5.183686688943279358e-02,-7.051398600435393460e-01,-1.040941436780788015e-01,-2.030901712371240009e-02,-8.401389803667852485e-02,-3.271524934852403366e-01,1.926060419058570616e+00,-7.103890521813077674e-01,-5.752567881263277033e-02,-3.801429606348526863e-02,-1.147078669352808861e-01,-1.711160802546210780e-01,-7.340709118518067011e-02,-7.197411700355742237e-02,-1.244624194945742751e-01,-7.051263942166730025e-02,-2.872721242393142319e-02,-2.030901712371240009e-02,4.952936396459016066e+00,-1.435916317235476011e-02,-1.435916317235476011e-02,-5.183686688943279358e-02,-3.801429606348527557e-02,-3.801429606348527557e-02,-1.558271304830920190e-01,-4.064318733121485144e-02,-8.148853797899899276e-02,-1.210011918676099085e-01,-5.569323991926412171e-02,-7.051263942166730025e-02,-4.979810447122927364e-02,-3.212131358814808435e-02,-2.030901712371240009e-02,-3.801429606348527557e-02,-6.749673070628271765e-02,-3.519076715388935045e-02,-1.435916317235476185e-02,-3.524455202264515918e-01,-3.753330286669139260e-01,-2.907009498669055336e-01,-4.311306135592269523e-02,-3.519076715388935045e-02,-3.801429606348527557e-02,-1.435916317235476011e-02,-1.286658602907498339e-01,-4.767312946227962589e-02,5.913962991410492975e-01,-2.487592975524973576e-02,-4.967123990818995694e-01,-1.786283982422259831e-01,-4.979810447122926670e-02,5.840947806181536750e-01,-2.030901712371240009e-02,-4.892821642774447533e-01,-1.767766952966368654e-01
-7.228729250418377550e-01,-5.537123258831522232e-01,-5.507016019503075954e-01,7.082331122151057645e-01,6.945890687208421399e-01,-8.605169026788763234e-03,-4.966680157416004104e-01,-4.963069089824175273e-01,-6.493539992246850634e-01,-6.302706439077716549e-01,8.414777418280475763e-01,-3.064091508042205425e-01,2.434242688707796698e-01,-8.022429997828521564e-02,-3.586927771487311012e-01,7.249743818475629098e-01,-2.446226174023423960e-01,-1.801752323248414722e+00,-1.236479578871264806e+00,2.054944826754944998e-01,-1.052143564629467676e+00,-8.156443337717953490e-01,-4.147197185502737860e-01,-1.119855212956277324e+00,-1.017487902058445526e+00,4.786995064188634408e-01,5.351727329735904704e-01,-1.217407892821812387e+00,-9.398044238176049836e-01,-9.288776318305103086e-01,-1.043887434287774418e+00,0.000000000000000000e+00,0.000000000000000000e+00,-1.012455068416011628e+00,-1.057663809422624057e+00,-1.366917635565168210e+00,9.537106243452221355e-01,1.199161303540046575e+00,1.069559787497829983e+00,1.164017214678525258e+00,-3.774647335768301359e-01,-4.668062001933125371e-01,1.768226072921393000e+00,1.865494782421661668e+00,9.137094037957288473e-01,-4.602362970513234064e-01,-5.183686688943279358e-02,-5.183686688943279358e-02,-7.051398600435393460e-01,-1.040941436780788015e-01,-2.030901712371240009e-02,-8.401389803667852485e-02,-3.271524934852403366e-01,-5.191945123345532709e-01,1.407679351095596942e+00,-5.752567881263277033e-02,-3.801429606348526863e-02,-1.147078669352808861e-01,-1.711160802546210780e-01,-7.340709118518067011e-02,-7.197411700355742237e-02,-1.244624194945742751e-01,-7.051263942166730025e-02,-2.872721242393142319e-02,-2.030901712371240009e-02,-2.019004323808653023e-01,-1.435916317235476011e-02,-1.435916317235476011e-02,-5.183686688943279358e-02,-3.801429606348527557e-02,-3.801429606348527557e-02,-1.558271304830920190e-01,-4.064318733121485144e-02,-8.148853797899899276e-02,-1.210011918676099085e-01,-5.569323991926412171e-02,-7.051263942166730025e-02,-4.979810447122927364e-02,-3.212131358814808435e-02,-2.030901712371240009e-02,-3.801429606348527557e-02,-6.749673070628271765e-02,-3.519076715388935045e-02,-1.435916317235476185e-02,-3.524455202264515918e-01,-3.753330286669139260e-01,-2.907009498669055336e-01,-4.311306135592269523e-02,-3.519076715388935045e-02,-3.801429606348527557e-02,-1.435916317235476011e-02,-1.286658602907498339e-01,-4.767312946227962589e-02,5.913962991410492975e-01,-2.487592975524973576e-02,-4.967123990818995694e-01,-1.786283982422259831e-01,-4.979810447122926670e-02,5.840947806181536750e-01,-2.030901712371240009e-02,-4.892821642774447533e-01,-1.767766952966368654e-01
-1.554077651335923349e+00,8.839639414812570095e-01,-4.977276807426366662e-02,-2.878929612425566442e-01,-6.687479531908938624e-01,-8.692994978711715559e-01,5.905777172739697933e-01,6.573034482162921632e-01,5.168867450326074531e-01,-6.302706439077716549e-01,-6.240547367306475968e-01,6.788889985410339056e-01,-5.261839740040085145e-01,-6.666740877942324284e-01,-3.586927771487311012e-01,-1.793962463029842302e-01,7.708740882331873712e-01,2.064385523238884967e-01,1.353346684600341909e+00,4.561806980555584978e-01,-6.362483984730694930e-02,-3.138334775838059199e-01,-1.115714855635336622e-01,-1.485076994833910979e-01,-1.810004182342134504e-01,3.945079573782606652e-01,1.318586988850825037e+00,1.258580796191650364e-01,6.713784983950497887e-02,-4.120472834896483083e-01,-4.805784352658213909e-01,0.000000000000000000e+00,0.000000000000000000e+00,-2.392467030372219805e-01,7.108409781372613256e-01,-7.702633457260871230e-01,-4.270097414440528483e-01,6.085990745534525237e-01,-3.064301119080259928e-01,-7.200041419233935702e-01,-3.774647335768301359e-01,-4.668062001933125371e-01,1.146903797035573769e+00,1.395987651781308791e+00,-3.669621702617922865e-01,1.739375798511208382e+00,-5.183686688943279358e-02,-5.183686688943279358e-02,-7.051398600435393460e-01,-1.040941436780788015e-01,-2.030901712371240009e-02,-8.401389803667852485e-02,-3.271524934852403366e-01,1.926060419058570616e+00,-7.103890521813077674e-01,-5.752567881263277033e-02,-3.801429606348526863e-02,-1.147078669352808861e-01,-1.711160802546210780e-01,-7.340709118518067011e-02,-7.197411700355742237e-02,-1.244624194945742751e-01,-7.051263942166730025e-02,-2.872721242393142319e-02,-2.030901712371240009e-02,-2.019004323808653023e-01,-1.435916317235476011e-02,-1.435916317235476011e-02,-5.183686688943279358e-02,-3.801429606348527557e-02,-3.801429606348527557e-02,-1.558271304830920190e-01,-4.064318733121485144e-02,-8.148853797899899276e-02,-1.210011918676099085e-01,-5.569323991926412171e-02,-7.051263942166730025e-02,-4.979810447122927364e-02,-3.212131358814808435e-02,-2.030901712371240009e-02,-3.801429606348527557e-02,-6.749673070628271765e-02,-3.519076715388935045e-02,-1.435916317235476185e-02,-3.524455202264515918e-01,-3.753330286669139260e-01,3.439961240091715222e+00,-4.311306135592269523e-02,-3.519076715388935045e-02,-3.801429606348527557e-02,-1.435916317235476011e-02,-1.286658602907498339e-01,-4.767312946227962589e-02,-1.690913523558418063e+00,-2.487592975524973576e-02,2.013237442528823973e+00,-1.786283982422259831e-01,-4.979810447122926670e-02,-1.712050908829709783e+00,-2.030901712371240009e-02,2.043810449286999731e+00,-1.767766952966368654e-01
1.093206018238314758e+00,8.839639414812570095e-01,-5.507016019503075954e-01,7.082331122151057645e-01,7.663436488214598885e-01,1.282436324239785375e+00,-4.966680157416004104e-01,-4.963069089824175273e-01,4.015608977804484780e+00,-6.302706439077716549e-01,8.414777418280475763e-01,-7.990582254768477943e-01,7.487226101522066468e-01,3.889355302744725851e-01,2.800805936106286476e-01,-9.718073465293448898e-02,-4.702885519880157239e-01,3.465448924800957342e-01,1.751181441940859784e+00,2.472755185721718374e-01,3.600260422021904771e-01,-6.292804948981121915e-02,1.385258066505270502e-01,7.680056801644132847e-01,1.120202334381258824e+00,1.419333102564523941e-01,-1.363252006354677692e-01,2.184971122013014133e-01,2.205088236232090326e-02,-8.858084361354384706e-01,-4.805784352658213909e-01,0.000000000000000000e+00,0.000000000000000000e+00,1.473574796521728292e-01,-4.681622135693289666e-01,-1.736090558870059808e-01,-7.510763991328585076e-01,-8.758231797544794306e-01,1.110601872409461635e-02,2.220065363775658440e-01,-3.774647335768301359e-01,-4.668062001933125371e-01,3.184740958544813871e-01,-4.820408707801026038e-01,-3.669621702617922865e-01,-4.602362970513234064e-01,-5.183686688943279358e-02,-5.183686688943279358e-02,-7.051398600435393460e-01,9.606688375213465747e+00,-2.030901712371240009e-02,-8.401389803667852485e-02,-3.271524934852403366e-01,-5.191945123345532709e-01,-7.103890521813077674e-01,-5.752567881263277033e-02,-3.801429606348526863e-02,-1.147078669352808861e-01,-1.711160802546210780e-01,-7.340709118518067011e-02,-7.197411700355742237e-02,-1.244624194945742751e-01,-7.051263942166730025e-02,-2.872721242393142319e-02,-2.030901712371240009e-02,-2.019004323808653023e-01,-1.435916317235476011e-02,-1.435916317235476011e-02,-5.183686688943279358e-02,-3.801429606348527557e-02,-3.801429606348527557e-02,-1.558271304830920190e-01,-4.064318733121485144e-02,-8.148853797899899276e-02,-1.210011918676099085e-01,-5.569323991926412171e-02,-7.051263942166730025e-02,-4.979810447122927364e-02,-3.212131358814808435e-02,-2.030901712371240009e-02,-3.801429606348527557e-02,-6.749673070628271765e-02,-3.519076715388935045e-02,-1.435916317235476185e-02,-3.524455202264515918e-01,-3.753330286669139260e-01,-2.907009498669055336e-01,-4.311306135592269523e-02,-3.519076715388935045e-02,-3.801429606348527557e-02,-1.435916317235476011e-02,-1.286658602907498339e-01,-4.767312946227962589e-02,-1.690913523558418063e+00,-2.487592975524973576e-02,2.013237442528823973e+00,-1.786283982422259831e-01,-4.979810447122926670e-02,5.840947806181536750e-01,-2.030901712371240009e-02,-4.892821642774447533e-01,-1.767766952966368654e-01
2.231658579494954012e-02,-7.448690342834912714e-02,-5.507016019503075954e-01,-2.878929612425566442e-01,-1.305886024362612474e-01,-4.748145971508294649e-01,5.905777172739697933e-01,1.810913805415002020e+00,1.100007117161253767e+00,-6.302706439077716549e-01,8.414777418280475763e-01,-5.527336881405341407e-01,-4.562195882881187603e-01,-7.370480623321462588e-01,1.888272549307201120e-01,4.783278468974136999e-01,1.673537826575880905e+00,2.531406657092908907e-01,9.087078381609396960e-01,-7.554693429480840994e-01,-7.697096432631360674e-01,1.879773786041834815e-01,-5.208216000956329417e-01,-4.667287952252369143e-02,4.885689282282582209e-03,9.838488006624800386e-01,-2.440887836729143182e-02,6.816922751119832702e-01,-6.317101460568474991e-01,5.354750218019320718e-01,-4.805784352658213909e-01,0.000000000000000000e+00,0.000000000000000000e+00,-2.392467030372219805e-01,-1.057663809422624057e+00,-4.719362008065465242e-01,-1.370403789382576010e+00,-4.009029497120632744e-03,1.387095918129950478e+00,1.635022553829005076e+00,-3.774647335768301359e-01,-4.668062001933125371e-01,2.493102061454848695e+00,3.508769739662896736e+00,9.137094037957288473e-01,1.739375798511208382e+00,-5.183686688943279358e-02,-5.183686688943279358e-02,1.418158377741196352e+00,-1.040941436780788015e-01,-2.030901712371240009e-02,-8.401389803667852485e-02,-3.271524934852403366e-01,-5.191945123345532709e-01,-7.103890521813077674e-01,-5.752567881263277033e-02,-3.801429606348526863e-02,-1.147078669352808861e-01,-1.711160802546210780e-01,-7.340709118518067011e-02,-7.197411700355742237e-02,-1.244624194945742751e-01,-7.051263942166730025e-02,-2.872721242393142319e-02,-2.030901712371240009e-02,-2.019004323808653023e-01,-1.435916317235476011e-02,-1.435916317235476011e-02,-5.183686688943279358e-02,-3.801429606348527557e-02,-3.801429606348527557e-02,-1.558271304830920190e-01,-4.064318733121485144e-02,-8.148853797899899276e-02,-1.210011918676099085e-01,-5.569323991926412171e-02,-7.051263942166730025e-02,-4.979810447122927364e-02,-3.212131358814808435e-02,-2.030901712371240009e-02,-3.801429606348527557e-02,-6.749673070628271765e-02,-3.519076715388935045e-02,-1.435916317235476185e-02,-3.524455202264515918e-01,-3.753330286669139260e-01,-2.907009498669055336e-01,-4.311306135592269523e-02,-3.519076715388935045e-02,-3.801429606348527557e-02,-1.435916317235476011e-02,-1.286658602907498339e-01,-4.767312946227962589e-02,5.913962991410492975e-01,-2.487592975524973576e-02,-4.967123990818995694e-01,-1.786283982422259831e-01,-4.979810447122926670e-02,-1.712050908829709783e+00,-2.030901712371240009e-02,2.043810449286999731e+00,-1.767766952966368654e-01
-8.097152098785331820e-01,1.363189363936059939e+00,9.520848996778241702e-01,7.082331122151057645e-01,-3.099750526878054524e-01,-1.161919601323366108e-01,1.677823450289539942e+00,6.573034482162921632e-01,-6.623362709603883292e-02,1.151455984062275117e+00,8.414777418280475763e-01,1.862399238684066816e-01,-8.138153375026668801e-01,-7.605060538447839802e-01,4.625872709704457186e-01,6.427588701975132102e-01,5.452081536475141821e-01,-1.671783547593307107e-01,1.017917379391670263e+00,-8.390314147414387191e-01,-4.872757218968044035e-01,6.897882347921728829e-01,-5.094183896618557222e-02,-2.425090717549604757e-01,-9.245448483001975637e-01,-1.948328859059586526e-01,8.750744390088503744e-02,-3.836565995825850228e-01,-4.889347490457647827e-01,4.062674347167165023e-01,3.643850632671082335e-01,0.000000000000000000e+00,0.000000000000000000e+00,1.473574796521728292e-01,1.213393822839661657e-01,4.230452339520751615e-01,2.865915855878626295e-01,-4.009029497120632744e-03,-6.239662425401465429e-01,-9.555068114986333683e-01,-3.774647335768301359e-01,-4.668062001933125371e-01,4.220278085021179071e-01,-2.472873054599261933e-01,-3.669621702617922865e-01,-4.602362970513234064e-01,-5.183686688943279358e-02,-5.183686688943279358e-02,-7.051398600435393460e-01,-1.040941436780788015e-01,-2.030901712371240009e-02,-8.401389803667852485e-02,-3.271524934852403366e-01,-5.191945123345532709e-01,1.407679351095596942e+00,-5.752567881263277033e-02,-3.801429606348526863e-02,-1.147078669352808861e-01,-1.711160802546210780e-01,-7.340709118518067011e-02,-7.197411700355742237e-02,-1.244624194945742751e-01,-7.051263942166730025e-02,-2.872721242393142319e-02,-2.030901712371240009e-02,-2.019004323808653023e-01,-1.435916317235476011e-02,-1.435916317235476011e-02,-5.183686688943279358e-02,-3.801429606348527557e-02,-3.801429606348527557e-02,-1.558271304830920190e-01,-4.064318733121485144e-02,-8.148853797899899276e-02,-1.210011918676099085e-01,-5.569323991926412171e-02,-7.051263942166730025e-02,-4.979810447122927364e-02,-3.212131358814808435e-02,-2.030901712371240009e-02,-3.801429606348527557e-02,-6.749673070628271765e-02,-3.519076715388935045e-02,-1.435916317235476185e-02,-3.524455202264515918e-01,-3.753330286669139260e-01,-2.907009498669055336e-01,-4.311306135592269523e-02,-3.519076715388935045e-02,-3.801429606348527557e-02,-1.435916317235476011e-02,-1.286658602907498339e-01,-4.767312946227962589e-02,5.913962991410492975e-01,-2.487592975524973576e-02,-4.967123990818995694e-01,-1.786283982422259831e-01,-4.979810447122926670e-02,-1.712050908829709783e+00,-2.030901712371240009e-02,2.043810449286999731e+00,-1.767766952966368654e-01
6.742126706357438604e-01,-5.537123258831522232e-01,-5.507016019503075954e-01,7.082331122151057645e-01,-1.305886024362612474e-01,-2.955032786415830448e-01,-4.966680157416004104e-01,-4.963069089824175273e-01,-6.493539992246850634e-01,-6.302706439077716549e-01,8.414777418280475763e-01,1.171538073213661102e+00,-3.551599200318334981e-01,9.962030161860523092e-02,6.320577570903027943e-03,3.138968235973142451e-01,-4.702885519880157239e-01,-1.204762413739283167e-01,-7.840400509153816477e-01,8.739910570223318187e-01,1.913412609717014545e+00,1.191599090980162368e+00,-4.374558360242791766e-01,5.016684587282991270e-01,8.413731731065147157e-01,1.419333102564523941e-01,4.232564107054141989e-01,-3.836565995825850228e-01,3.707987152138226411e-02,-1.101154414610797661e+00,1.659995761017600158e+00,0.000000000000000000e+00,0.000000000000000000e+00,1.307170027720357286e+00,1.300342573990556527e+00,1.616353813630237335e+00,-3.792180929364107889e-01,-1.469793861904993698e-02,9.637144106204564853e-01,2.341530562554724693e+00,-3.774647335768301359e-01,3.858842084692569063e+00,5.255815211497544270e-01,2.222198251804266556e-01,9.137094037957288473e-01,-4.602362970513234064e-01,-5.183686688943279358e-02,-5.183686688943279358e-02,-7.051398600435393460e-01,-1.040941436780788015e-01,-2.030901712371240009e-02,-8.401389803667852485e-02,-3.271524934852403366e-01,-5.191945123345532709e-01,1.407679351095596942e+00,-5.752567881263277033e-02,-3.801429606348526863e-02,-1.147078669352808861e-01,-1.711160802546210780e-01,-7.340709118518067011e-02,-7.197411700355742237e-02,-1.244624194945742751e-01,-7.051263942166730025e-02,-2.872721242393142319e-02,-2.030901712371240009e-02,-2.019004323808653023e-01,-1.435916317235476011e-02,-1.435916317235476011e-02,-5.183686688943279358e-02,-3.801429606348527557e-02,-3.801429606348527557e-02,-1.558271304830920190e-01,-4.064318733121485144e-02,-8.148853797899899276e-02,-1.210011918676099085e-01,-5.569323991926412171e-02,-7.051263942166730025e-02,-4.979810447122927364e-02,-3.212131358814808435e-02,-2.030901712371240009e-02,-3.801429606348527557e-02,-6.749673070628271765e-02,-3.519076715388935045e-02,-1.435916317235476185e-02,-3.524455202264515918e-01,-3.753330286669139260e-01,-2.907009498669055336e-01,-4.311306135592269523e-02,-3.519076715388935045e-02,-3.801429606348527557e-02,-1.435916317235476011e-02,-1.286658602907498339e-01,-4.767312946227962589e-02,5.913962991410492975e-01,-2.487592975524973576e-02,-4.967123990818995694e-01,-1.786283982422259831e-01,-4.979810447122926670e-02,5.840947806181536750e-01,-2.030901712371240009e-02,-4.892821642774447533e-01,-1.767766952966368654e-01
-5.658583299953381940e-02,-5.537123258831522232e-01,-5.507016019503075954e-01,-2.878929612425566442e-01,-1.063398143744291202e+00,-7.258504430637744420e-01,-4.966680157416004104e-01,-4.963069089824175273e-01,-6.493539992246850634e-01,-6.302706439077716549e-01,-1.570921399832355903e+00,4.325644612047202520e-01,-1.530405835192626407e-01,-1.096737265525927096e+00,3.713339322905371831e-01,-3.438272696030836850e-01,-1.317896501095057737e-01,1.000374479875729250e+00,-4.408100641902288896e-01,-1.705348403946014557e-01,3.600260422021904771e-01,4.388828066981781961e-01,-1.104381948595107632e+00,-2.973432055800430129e-01,1.027259280623010751e+00,5.628910554594662718e-01,-3.601578451718204787e-01,1.237526470604801476e+00,-2.935578899779672790e-01,7.938901959723629886e-01,3.643850632671082335e-01,0.000000000000000000e+00,0.000000000000000000e+00,5.339616623415676111e-01,4.160901802106137248e-01,7.213723788716157603e-01,2.706289296330944616e+00,2.480494284531321814e+00,8.578690337430828761e-01,1.635022553829005076e+00,-3.774647335768301359e-01,1.696017942249628430e+00,6.291352337973910025e-01,2.222198251804266556e-01,-3.669621702617922865e-01,-4.602362970513234064e-01,-5.183686688943279358e-02,-5.183686688943279358e-02,1.418158377741196352e+00,-1.040941436780788015e-01,-2.030901712371240009e-02,-8.401389803667852485e-02,-3.271524934852403366e-01,-5.191945123345532709e-01,-7.103890521813077674e-01,-5.752567881263277033e-02,-3.801429606348526863e-02,-1.147078669352808861e-01,-1.711160802546210780e-01,-7.340709118518067011e-02,-7.197411700355742237e-02,-1.244624194945742751e-01,-7.051263942166730025e-02,-2.872721242393142319e-02,-2.030901712371240009e-02,-2.019004323808653023e-01,-1.435916317235476011e-02,-1.435916317235476011e-02,-5.183686688943279358e-02,-3.801429606348527557e-02,-3.801429606348527557e-02,6.417367738851512016e+00,-4.064318733121485144e-02,-8.148853797899899276e-02,-1.210011918676099085e-01,-5.569323991926412171e-02,-7.051263942166730025e-02,-4.979810447122927364e-02,-3.212131358814808435e-02,-2.030901712371240009e-02,-3.801429606348527557e-02,-6.749673070628271765e-02,-3.519076715388935045e-02,-1.435916317235476185e-02,-3.524455202264515918e-01,-3.753330286669139260e-01,-2.907009498669055336e-01,-4.311306135592269523e-02,-3.519076715388935045e-02,-3.801429606348527557e-02,-1.435916317235476011e-02,-1.286658602907498339e-01,-4.767312946227962589e-02,-1.690913523558418063e+00,-2.487592975524973576e-02,2.013237442528823973e+00,-1.786283982422259831e-01,-4.979810447122926670e-02,-1.712050908829709783e+00,-2.030901712371240009e-02,2.043810449286999731e+00,-1.767766952966368654e-01
5.349341871452721886e-01,-5.537123258831522232e-01,-5.507016019503075954e-01,-1.284019034700219164e+00,-1.099275433794600021e+00,-6.899881793619251358e-01,-4.966680157416004104e-01,-4.963069089824175273e-01,-6.493539992246850634e-01,-6.302706439077716549e-01,-1.564890401978204837e+00,-6.008461346790693741e-02,6.820076526164426944e+00,-1.573716426282897318e+00,-2.001252873387084907e+00,-2.070353014254128432e+00,-8.087874538665257296e-01,-1.801752323248414722e+00,-1.236479578871264806e+00,-2.384929742918500128e+00,1.772195649033848630e+00,9.406936628861676253e-01,-6.609925061552258951e-02,-6.655152469770239110e-01,2.837148505570266099e-01,2.261248592970551696e-01,4.232564107054141989e-01,3.321904703702865946e-02,9.012467481674095726e-01,4.062674347167165023e-01,1.969815710479674520e+00,0.000000000000000000e+00,0.000000000000000000e+00,1.307170027720357286e+00,1.005591776063908815e+00,1.019699523791156359e+00,5.792335976826022970e-01,-7.014665468905820211e-02,1.110601872409461635e-02,-1.349613319767399566e-02,-3.774647335768301359e-01,1.696017942249628430e+00,-9.574075473606477593e-02,9.264805211409559149e-01,-3.669621702617922865e-01,-4.602362970513234064e-01,-5.183686688943279358e-02,-5.183686688943279358e-02,1.418158377741196352e+00,-1.040941436780788015e-01,-2.030901712371240009e-02,-8.401389803667852485e-02,-3.271524934852403366e-01,-5.191945123345532709e-01,-7.103890521813077674e-01,-5.752567881263277033e-02,-3.801429606348526863e-02,-1.147078669352808861e-01,-1.711160802546210780e-01,-7.340709118518067011e-02,-7.197411700355742237e-02,-1.244624194945742751e-01,-7.051263942166730025e-02,-2.872721242393142319e-02,-2.030901712371240009e-02,-2.019004323808653023e-01,-1.435916317235476011e-02,-1.435916317235476011e-02,-5.183686688943279358e-02,-3.801429606348527557e-02,-3.801429606348527557e-02,-1.558271304830920190e-01,-4.064318733121485144e-02,-8.148853797899899276e-02,-1.210011918676099085e-01,-5.569323991926412171e-02,-7.051263942166730025e-02,-4.979810447122927364e-02,-3.212131358814808435e-02,-2.030901712371240009e-02,-3.801429606348527557e-02,-6.749673070628271765e-02,-3.519076715388935045e-02,-1.435916317235476185e-02,2.837317947345407543e+00,-3.753330286669139260e-01,-2.907009498669055336e-01,-4.311306135592269523e-02,-3.519076715388935045e-02,-3.801429606348527557e-02,-1.435916317235476011e-02,-1.286658602907498339e-01,-4.767312946227962589e-02,-1.690913523558418063e+00,-2.487592975524973576e-02,2.013237442528823973e+00,-1.786283982422259831e-01,-4.979810447122926670e-02,5.840947806181536750e-01,-2.030901712371240009e-02,-4.892821642774447533e-01,-1.767766952966368654e-01
-7.640609801358132502e-01,-5.537123258831522232e-01,-5.507016019503075954e-01,-2.878929612425566442e-01,2.640615881171360368e-01,2.725709467506052044e-02,-4.966680157416004104e-01,-4.963069089824175273e-01,5.168867450326074531e-01,-6.302706439077716549e-01,5.097728598497421881e-01,-6.008461346790693741e-02,1.697128727634268808e+00,1.069217284140971280e+00,-8.493276110900550846e-02,6.427588701975132102e-01,-8.087874538665257296e-01,2.868459015291825676e+00,-2.925971153770947630e-01,-2.384929742918500128e+00,-6.362483984730694930e-02,-3.138334775838059199e-01,1.889206852148951343e+00,1.026509453911230052e+00,2.837148505570266099e-01,-2.644978782475312235e-02,-8.078231342445260088e-01,-1.773242088314630704e+00,-1.202811734101178587e+00,-2.828396964044327944e-01,-5.809668599935657873e-02,0.000000000000000000e+00,0.000000000000000000e+00,1.473574796521728292e-01,1.213393822839661657e-01,4.230452339520751615e-01,1.293529687287118916e-02,-3.654277691823551999e-01,-1.470729257559134862e+00,-9.555068114986333683e-01,-3.774647335768301359e-01,-4.668062001933125371e-01,-4.064018926789744190e-01,-4.820408707801026038e-01,-3.669621702617922865e-01,-4.602362970513234064e-01,-5.183686688943279358e-02,-5.183686688943279358e-02,1.418158377741196352e+00,-1.040941436780788015e-01,-2.030901712371240009e-02,-8.401389803667852485e-02,-3.271524934852403366e-01,-5.191945123345532709e-01,-7.103890521813077674e-01,-5.752567881263277033e-02,-3.801429606348526863e-02,-1.147078669352808861e-01,-1.711160802546210780e-01,-7.340709118518067011e-02,-7.197411700355742237e-02,-1.244624194945742751e-01,-7.051263942166730025e-02,-2.872721242393142319e-02,-2.030901712371240009e-02,-2.019004323808653023e-01,-1.435916317235476011e-02,-1.435916317235476011e-02,-5.183686688943279358e-02,-3.801429606348527557e-02,-3.801429606348527557e-02,-1.558271304830920190e-01,-4.064318733121485144e-02,-8.148853797899899276e-02,-1.210011918676099085e-01,-5.569323991926412171e-02,-7.051263942166730025e-02,-4.979810447122927364e-02,-3.212131358814808435e-02,-2.030901712371240009e-02,-3.801429606348527557e-02,-6.749673070628271765e-02,-3.519076715388935045e-02,-1.435916317235476185e-02,2.837317947345407543e+00,-3.753330286669139260e-01,-2.907009498669055336e-01,-4.311306135592269523e-02,-3.519076715388935045e-02,-3.801429606348527557e-02,-1.435916317235476011e-02,-1.286658602907498339e-01,-4.767312946227962589e-02,5.913962991410492975e-01,-2.487592975524973576e-02,-4.967123990818995694e-01,-1.786283982422259831e-01,-4.979810447122926670e-02,5.840947806181536750e-01,-2.030901712371240009e-02,-4.892821642774447533e-01,-1.767766952966368654e-01
-2.569020366895115037e-01,4.047385190264539689e-01,1.953942567429912014e+00,7.082331122151057645e-01,-5.883402233564356820e-02,5.293287865009504989e-01,5.905777172739697933e-01,6.573034482162921632e-01,1.683127489289899970e+00,-6.302706439077716549e-01,8.414777418280475763e-01,4.325644612047202520e-01,-6.272436422602937212e-01,-9.247119944332491404e-01,9.757391625081156261e-02,-5.904738045532329505e-01,3.195422190618408820e-01,-1.204762413739283167e-01,1.173931009721284946e+00,-2.958779480846334686e-01,1.998142786126913872e+00,2.195220803356141115e+00,-3.616687777775943746e-01,2.196643419135902164e-01,5.625440118317706073e-01,-8.683652782307808016e-01,1.318586988850825037e+00,-1.773242088314630704e+00,-1.202811734101178587e+00,4.062674347167165023e-01,9.276940622890612609e-01,0.000000000000000000e+00,0.000000000000000000e+00,9.205658450309623930e-01,1.005591776063908815e+00,1.914680958549777934e+00,-1.125553425795478235e+00,-6.600408268555316704e-01,-8.356569962948936503e-01,-4.845014723481537167e-01,-3.774647335768301359e-01,1.696017942249628430e+00,-3.028481800313378436e-01,-4.820408707801026038e-01,-3.669621702617922865e-01,-4.602362970513234064e-01,-5.183686688943279358e-02,-5.183686688943279358e-02,-7.051398600435393460e-01,-1.040941436780788015e-01,-2.030901712371240009e-02,-8.401389803667852485e-02,-3.271524934852403366e-01,-5.191945123345532709e-01,1.407679351095596942e+00,-5.752567881263277033e-02,-3.801429606348526863e-02,-1.147078669352808861e-01,-1.711160802546210780e-01,-7.340709118518067011e-02,-7.197411700355742237e-02,-1.244624194945742751e-01,-7.051263942166730025e-02,-2.872721242393142319e-02,-2.030901712371240009e-02,-2.019004323808653023e-01,-1.435916317235476011e-02,-1.435916317235476011e-02,-5.183686688943279358e-02,-3.801429606348527557e-02,-3.801429606348527557e-02,-1.558271304830920190e-01,-4.064318733121485144e-02,-8.148853797899899276e-02,-1.210011918676099085e-01,-5.569323991926412171e-02,-7.051263942166730025e-02,-4.979810447122927364e-02,-3.212131358814808435e-02,-2.030901712371240009e-02,-3.801429606348527557e-02,-6.749673070628271765e-02,-3.519076715388935045e-02,-1.435916317235476185e-02,-3.524455202264515918e-01,-3.753330286669139260e-01,-2.907009498669055336e-01,-4.311306135592269523e-02,-3.519076715388935045e-02,-3.801429606348527557e-02,-1.435916317235476011e-02,-1.286658602907498339e-01,-4.767312946227962589e-02,5.913962991410492975e-01,-2.487592975524973576e-02,-4.967123990818995694e-01,-1.786283982422259831e-01,-4.979810447122926670e-02,5.840947806181536750e-01,-2.030901712371240009e-02,-4.892821642774447533e-01,-1.767766952966368654e-01
1.912997187096720619e+00,-5.537123258831522232e-01,-5.507016019503075954e-01,7.082331122151057645e-01,4.434480383686802418e-01,8.879514235194433391e-01,-4.966680157416004104e-01,-4.963069089824175273e-01,-6.623362709603883292e-02,-6.302706439077716549e-01,8.414777418280475763e-01,-5.527336881405341407e-01,-6.427912835304915307e-01,6.860700894345523881e-01,-8.493276110900550846e-02,1.382698475047960951e+00,-8.087874538665257296e-01,5.333533460217053657e-01,-8.464455030472275432e-01,1.793173846749233080e+00,-6.362483984730694930e-02,-5.647389056778006067e-01,2.522063940205545585e-01,5.800029356212739184e-01,-8.805736447596543282e-02,5.628910554594662718e-01,-4.720741674399969168e-01,1.237526470604801476e+00,-6.767971135340316025e-01,2.339906519364291781e-01,-5.809668599935657873e-02,0.000000000000000000e+00,0.000000000000000000e+00,1.473574796521728292e-01,-7.629130114959765674e-01,-4.719362008065465242e-01,1.094466849401976027e+00,1.260622530991140078e+00,2.227967724788416926e-01,-1.662014820224352984e+00,-3.774647335768301359e-01,-4.668062001933125371e-01,1.043350084387937082e+00,1.395987651781308791e+00,-3.669621702617922865e-01,-4.602362970513234064e-01,-5.183686688943279358e-02,-5.183686688943279358e-02,-7.051398600435393460e-01,-1.040941436780788015e-01,-2.030901712371240009e-02,-8.401389803667852485e-02,-3.271524934852403366e-01,-5.191945123345532709e-01,1.407679351095596942e+00,-5.752567881263277033e-02,-3.801429606348526863e-02,-1.147078669352808861e-01,-1.711160802546210780e-01,-7.340709118518067011e-02,-7.197411700355742237e-02,-1.244624194945742751e-01,-7.051263942166730025e-02,-2.872721242393142319e-02,-2.030901712371240009e-02,-2.019004323808653023e-01,-1.435916317235476011e-02,-1.435916317235476011e-02,-5.183686688943279358e-02,-3.801429606348527557e-02,-3.801429606348527557e-02,-1.558271304830920190e-01,-4.064318733121485144e-02,-8.148853797899899276e-02,-1.210011918676099085e-01,-5.569323991926412171e-02,-7.051263942166730025e-02,-4.979810447122927364e-02,-3.212131358814808435e-02,-2.030901712371240009e-02,-3.801429606348527557e-02,-6.749673070628271765e-02,-3.519076715388935045e-02,-1.435916317235476185e-02,-3.524455202264515918e-01,-3.753330286669139260e-01,-2.907009498669055336e-01,-4.311306135592269523e-02,-3.519076715388935045e-02,-3.801429606348527557e-02,-1.435916317235476011e-02,-1.286658602907498339e-01,-4.767312946227962589e-02,5.913962991410492975e-01,-2.487592975524973576e-02,-4.967123990818995694e-01,-1.786283982422259831e-01,-4.979810447122926670e-02,5.840947806181536750e-01,-2.030901712371240009e-02,-4.892821642774447533e-01,-1.767766952966368654e-01
-4.136775641862717318e-02,-7.448690342834912714e-02,-5.507016019503075954e-01,-2.878929612425566442e-01,5.152026184692979349e-01,-2.237787512378844601e-01,1.677823450289539942e+00,-4.963069089824175273e-01,-6.493539992246850634e-01,-3.636176791775609651e-02,2.926569371003057141e-01,9.252135358773474483e-01,5.155079910992402814e-01,1.288158538258924457e+00,1.888272549307201120e-01,-1.496522300288474598e-02,7.708740882331873712e-01,-4.006889216863427361e-01,-3.237998414430177663e-01,-5.047831275680201291e-01,-6.362483984730694930e-02,-3.138334775838059199e-01,-1.115714855635336622e-01,-1.485076994833910979e-01,-1.810004182342134504e-01,3.945079573782606652e-01,1.318586988850825037e+00,1.258580796191650364e-01,6.713784983950497887e-02,-4.120472834896483083e-01,-4.805784352658213909e-01,0.000000000000000000e+00,0.000000000000000000e+00,-2.392467030372219805e-01,4.160901802106137248e-01,-7.702633457260871230e-01,-6.554931021175743888e-01,-2.692275870849915043e-01,2.227967724788416926e-01,9.285145451032854602e-01,-3.774647335768301359e-01,-4.668062001933125371e-01,1.146903797035573769e+00,1.395987651781308791e+00,-3.669621702617922865e-01,1.739375798511208382e+00,-5.183686688943279358e-02,-5.183686688943279358e-02,-7.051398600435393460e-01,-1.040941436780788015e-01,-2.030901712371240009e-02,-8.401389803667852485e-02,-3.271524934852403366e-01,1.926060419058570616e+00,-7.103890521813077674e-01,-5.752567881263277033e-02,-3.801429606348526863e-02,-1.147078669352808861e-01,-1.711160802546210780e-01,-7.340709118518067011e-02,-7.197411700355742237e-02,-1.244624194945742751e-01,-7.051263942166730025e-02,-2.872721242393142319e-02,-2.030901712371240009e-02,4.952936396459016066e+00,-1.435916317235476011e-02,-1.435916317235476011e-02,-5.183686688943279358e-02,-3.801429606348527557e-02,-3.801429606348527557e-02,-1.558271304830920190e-01,-4.064318733121485144e-02,-8.148853797899899276e-02,-1.210011918676099085e-01,-5.569323991926412171e-02,-7.051263942166730025e-02,-4.979810447122927364e-02,-3.212131358814808435e-02,-2.030901712371240009e-02,-3.801429606348527557e-02,-6.749673070628271765e-02,-3.519076715388935045e-02,-1.435916317235476185e-02,-3.524455202264515918e-01,-3.753330286669139260e-01,-2.907009498669055336e-01,-4.311306135592269523e-02,-3.519076715388935045e-02,-3.801429606348527557e-02,-1.435916317235476011e-02,-1.286658602907498339e-01,-4.767312946227962589e-02,-1.690913523558418063e+00,-2.487592975524973576e-02,2.013237442528823973e+00,-1.786283982422259831e-01,-4.979810447122926670e-02,-1.712050908829709783e+00,-2.030901712371240009e-02,2.043810449286999731e+00,-1.767766952966368654e-01
7.895061421236996280e-01,-5.537123258831522232e-01,-5.507016019503075954e-01,7.082331122151057645e-01,-1.305886024362612474e-01,3.858797316935533850e-01,-4.966680157416004104e-01,-4.963069089824175273e-01,-6.493539992246850634e-01,2.339273736042306151e+00,8.414777418280475763e-01,6.788889985410339056e-01,-6.116960009900960227e-01,-4.711908251889166399e-01,-7.237061318683652988e-01,4.783278468974136999e-01,9.387628447616762351e-02,2.531406657092908907e-01,-7.060332357505740841e-01,2.472755185721718374e-01,9.248938849348538049e-01,4.388828066981781961e-01,-1.240798653439140864e+00,-1.171739087262011758e-01,9.782874304053058856e-02,1.404806545865493916e+00,-3.601578451718204787e-01,2.648166284923695879e-01,1.329572939200658110e+00,1.009236174447722290e+00,9.276940622890612609e-01,0.000000000000000000e+00,0.000000000000000000e+00,9.205658450309623930e-01,1.005591776063908815e+00,1.019699523791156359e+00,1.080718566954572246e+00,-6.059282244257645500e-01,5.403329031109622704e-01,2.220065363775658440e-01,-3.774647335768301359e-01,-4.668062001933125371e-01,5.255815211497544270e-01,-4.820408707801026038e-01,-3.669621702617922865e-01,-4.602362970513234064e-01,-5.183686688943279358e-02,-5.183686688943279358e-02,-7.051398600435393460e-01,-1.040941436780788015e-01,-2.030901712371240009e-02,-8.401389803667852485e-02,-3.271524934852403366e-01,-5.191945123345532709e-01,1.407679351095596942e+00,-5.752567881263277033e-02,-3.801429606348526863e-02,-1.147078669352808861e-01,-1.711160802546210780e-01,-7.340709118518067011e-02,-7.197411700355742237e-02,-1.244624194945742751e-01,-7.051263942166730025e-02,-2.872721242393142319e-02,-2.030901712371240009e-02,-2.019004323808653023e-01,-1.435916317235476011e-02,-1.435916317235476011e-02,-5.183686688943279358e-02,-3.801429606348527557e-02,-3.801429606348527557e-02,-1.558271304830920190e-01,-4.064318733121485144e-02,-8.148853797899899276e-02,-1.210011918676099085e-01,-5.569323991926412171e-02,-7.051263942166730025e-02,-4.979810447122927364e-02,-3.212131358814808435e-02,-2.030901712371240009e-02,-3.801429606348527557e-02,-6.749673070628271765e-02,-3.519076715388935045e-02,-1.435916317235476185e-02,-3.524455202264515918e-01,-3.753330286669139260e-01,-2.907009498669055336e-01,-4.311306135592269523e-02,-3.519076715388935045e-02,-3.801429606348527557e-02,-1.435916317235476011e-02,-1.286658602907498339e-01,-4.767312946227962589e-02,-1.690913523558418063e+00,-2.487592975524973576e-02,2.013237442528823973e+00,-1.786283982422259831e-01,-4.979810447122926670e-02,5.840947806181536750e-01,-2.030901712371240009e-02,-4.892821642774447533e-01,-1.767766952966368654e-01
3.751443830457524831e-01,1.363189363936059939e+00,-5.507016019503075954e-01,-2.878929612425566442e-01,-3.099750526878054524e-01,-6.541259156600758295e-01,1.677823450289539942e+00,-4.963069089824175273e-01,-6.623362709603883292e-02,-6.302706439077716549e-01,-7.808606809385736369e-01,1.171538073213661102e+00,-5.495054359093053398e-01,1.014481970611482708e+00,5.538406096503543097e-01,3.138968235973142451e-01,5.452081536475141821e-01,6.633221216768130091e-02,-6.826311912011319150e-01,4.561806980555584978e-01,3.600260422021904771e-01,4.388828066981781961e-01,-1.104381948595107632e+00,-2.973432055800430129e-01,1.027259280623010751e+00,5.628910554594662718e-01,-3.601578451718204787e-01,1.237526470604801476e+00,-2.935578899779672790e-01,7.938901959723629886e-01,3.643850632671082335e-01,0.000000000000000000e+00,0.000000000000000000e+00,5.339616623415676111e-01,1.300342573990556527e+00,7.213723788716157603e-01,1.687491646101151044e-01,1.732270645996270675e+00,-2.005847350306524668e-01,-7.200041419233935702e-01,-3.774647335768301359e-01,-4.668062001933125371e-01,6.291352337973910025e-01,2.222198251804266556e-01,-3.669621702617922865e-01,-4.602362970513234064e-01,-5.183686688943279358e-02,-5.183686688943279358e-02,-7.051398600435393460e-01,-1.040941436780788015e-01,-2.030901712371240009e-02,-8.401389803667852485e-02,-3.271524934852403366e-01,1.926060419058570616e+00,-7.103890521813077674e-01,-5.752567881263277033e-02,-3.801429606348526863e-02,-1.147078669352808861e-01,-1.711160802546210780e-01,-7.340709118518067011e-02,-7.197411700355742237e-02,-1.244624194945742751e-01,-7.051263942166730025e-02,-2.872721242393142319e-02,-2.030901712371240009e-02,-2.019004323808653023e-01,-1.435916317235476011e-02,-1.435916317235476011e-02,-5.183686688943279358e-02,-3.801429606348527557e-02,-3.801429606348527557e-02,-1.558271304830920190e-01,-4.064318733121485144e-02,-8.148853797899899276e-02,-1.210011918676099085e-01,-5.569323991926412171e-02,-7.051263942166730025e-02,-4.979810447122927364e-02,-3.212131358814808435e-02,-2.030901712371240009e-02,-3.801429606348527557e-02,-6.749673070628271765e-02,-3.519076715388935045e-02,-1.435916317235476185e-02,-3.524455202264515918e-01,-3.753330286669139260e-01,3.439961240091715222e+00,-4.311306135592269523e-02,-3.519076715388935045e-02,-3.801429606348527557e-02,-1.435916317235476011e-02,-1.286658602907498339e-01,-4.767312946227962589e-02,-1.690913523558418063e+00,-2.487592975524973576e-02,2.013237442528823973e+00,-1.786283982422259831e-01,-4.979810447122926670e-02,-1.712050908829709783e+00,-2.030901712371240009e-02,2.043810449286999731e+00,-1.767766952966368654e-01
-6.481058531443398829e-01,-5.537123258831522232e-01,-4.977276807426366662e-02,7.082331122151057645e-01,1.089239259274239480e+00,-8.032969643048733233e-02,-4.966680157416004104e-01,-4.963069089824175273e-01,5.168867450326074531e-01,-6.302706439077716549e-01,8.414777418280475763e-01,-3.064091508042205425e-01,-1.530405835192626407e-01,-4.086361811552155499e-01,-2.674394384688225657e-01,4.783278468974136999e-01,-3.574555846951790183e-01,3.932470058654981004e-01,3.548594504908069713e-01,1.208239344195750409e+00,-6.362483984730694930e-02,-6.292804948981121915e-02,-9.641407391419663797e-02,-9.367356565830856074e-02,-4.598295795089574756e-01,2.261248592970551696e-01,1.994237661690613783e-01,-6.615736973289941814e-01,3.707987152138226411e-02,-2.828396964044327944e-01,-5.809668599935657873e-02,0.000000000000000000e+00,0.000000000000000000e+00,1.473574796521728292e-01,-4.681622135693289666e-01,-1.736090558870059808e-01,-6.954285892266999225e-01,8.283835711855495887e-02,1.387095918129950478e+00,1.870525223404244874e+00,-3.774647335768301359e-01,-4.668062001933125371e-01,1.354011222330846920e+00,9.264805211409559149e-01,-3.669621702617922865e-01,-4.602362970513234064e-01,-5.183686688943279358e-02,-5.183686688943279358e-02,-7.051398600435393460e-01,-1.040941436780788015e-01,-2.030901712371240009e-02,-8.401389803667852485e-02,-3.271524934852403366e-01,-5.191945123345532709e-01,1.407679351095596942e+00,-5.752567881263277033e-02,-3.801429606348526863e-02,-1.147078669352808861e-01,-1.711160802546210780e-01,-7.340709118518067011e-02,-7.197411700355742237e-02,-1.244624194945742751e-01,-7.051263942166730025e-02,-2.872721242393142319e-02,-2.030901712371240009e-02,-2.019004323808653023e-01,-1.435916317235476011e-02,-1.435916317235476011e-02,-5.183686688943279358e-02,-3.801429606348527557e-02,-3.801429606348527557e-02,-1.558271304830920190e-01,-4.064318733121485144e-02,-8.148853797899899276e-02,-1.210011918676099085e-01,-5.569323991926412171e-02,-7.051263942166730025e-02,-4.979810447122927364e-02,-3.212131358814808435e-02,-2.030901712371240009e-02,-3.801429606348527557e-02,-6.749673070628271765e-02,-3.519076715388935045e-02,-1.435916317235476185e-02,-3.524455202264515918e-01,-3.753330286669139260e-01,-2.907009498669055336e-01,-4.311306135592269523e-02,-3.519076715388935045e-02,-3.801429606348527557e-02,-1.435916317235476011e-02,-1.286658602907498339e-01,-4.767312946227962589e-02,5.913962991410492975e-01,-2.487592975524973576e-02,-4.967123990818995694e-01,-1.786283982422259831e-01,-4.979810447122926670e-02,-1.712050908829709783e+00,-2.030901712371240009e-02,2.043810449286999731e+00,-1.767766952966368654e-01
-1.544649060410796526e+00,4.047385190264539689e-01,-4.977276807426366662e-02,-1.284019034700219164e+00,-8.481344034424381784e-01,-6.899881793619251358e-01,2.765069183305110201e+00,-4.963069089824175273e-01,1.100007117161253767e+00,-6.302706439077716549e-01,-9.678216144172550051e-01,4.325644612047202520e-01,-8.060415168675679753e-01,-1.409510485694432269e+00,-2.674394384688225657e-01,6.725028864716499355e-02,4.323751863546776431e-01,-2.707201460312350788e-02,1.910451386447113709e-01,-1.173279701914857309e+00,3.600260422021904771e-01,9.406936628861676253e-01,-2.404094845828982085e-01,3.278066132611746832e-04,-6.457156870254534553e-01,1.419333102564523941e-01,-8.078231342445260088e-01,1.700721633515483555e+00,-8.721739726018290506e-01,1.052305370142794017e+00,9.276940622890612609e-01,0.000000000000000000e+00,0.000000000000000000e+00,5.339616623415676111e-01,7.108409781372613256e-01,1.019699523791156359e+00,-1.498721092225012042e+00,-1.396245639815986705e-01,7.420282400140242096e+00,3.283541240855683885e+00,6.138839261374069878e+00,1.696017942249628430e+00,3.184740958544813871e-01,2.222198251804266556e-01,-3.669621702617922865e-01,-4.602362970513234064e-01,-5.183686688943279358e-02,-5.183686688943279358e-02,-7.051398600435393460e-01,-1.040941436780788015e-01,-2.030901712371240009e-02,-8.401389803667852485e-02,-3.271524934852403366e-01,1.926060419058570616e+00,-7.103890521813077674e-01,-5.752567881263277033e-02,-3.801429606348526863e-02,8.717797887081346175e+00,-1.711160802546210780e-01,-7.340709118518067011e-02,-7.197411700355742237e-02,-1.244624194945742751e-01,-7.051263942166730025e-02,-2.872721242393142319e-02,-2.030901712371240009e-02,-2.019004323808653023e-01,-1.435916317235476011e-02,-1.435916317235476011e-02,-5.183686688943279358e-02,-3.801429606348527557e-02,-3.801429606348527557e-02,-1.558271304830920190e-01,-4.064318733121485144e-02,-8.148853797899899276e-02,-1.210011918676099085e-01,-5.569323991926412171e-02,-7.051263942166730025e-02,-4.979810447122927364e-02,-3.212131358814808435e-02,-2.030901712371240009e-02,-3.801429606348527557e-02,-6.749673070628271765e-02,-3.519076715388935045e-02,-1.435916317235476185e-02,-3.524455202264515918e-01,-3.753330286669139260e-01,-2.907009498669055336e-01,-4.311306135592269523e-02,-3.519076715388935045e-02,-3.801429606348527557e-02,-1.435916317235476011e-02,-1.286658602907498339e-01,-4.767312946227962589e-02,5.913962991410492975e-01,-2.487592975524973576e-02,-4.967123990818995694e-01,-1.786283982422259831e-01,-4.979810447122926670e-02,5.840947806181536750e-01,-2.030901712371240009e-02,-4.892821642774447533e-01,-1.767766952966368654e-01
9.203485179443209319e-01,-5.537123258831522232e-01,-4.977276807426366662e-02,-2.878929612425566442e-01,-3.458523427381143267e-01,6.311935837690980933e-02,-4.966680157416004104e-01,-4.963069089824175273e-01,-6.493539992246850634e-01,-3.636176791775609651e-02,4.916798662872890469e-01,-5.527336881405341407e-01,-1.763620454245594382e-01,6.313347759050637054e-01,9.757391625081156261e-02,4.783278468974136999e-01,-8.087874538665257296e-01,1.130343255530836949e-01,8.229003414796516314e-01,7.486479493322998335e-01,-7.697096432631360674e-01,-6.292804948981121915e-02,-5.738725408683124085e-01,3.371660572530522093e-01,1.491974549414250673e+00,1.825764291068507683e+00,-8.078231342445260088e-01,-2.446980507093804713e-01,-3.806507427392435972e-02,1.870620088349158827e+00,-7.622329347767978769e-01,0.000000000000000000e+00,0.000000000000000000e+00,-6.258508857266168457e-01,-7.629130114959765674e-01,-1.068590490645627611e+00,5.085281450959537874e-01,5.885573699498350964e-01,-6.239662425401465429e-01,-9.555068114986333683e-01,-3.774647335768301359e-01,-4.668062001933125371e-01,-6.135093179742474589e-01,-1.421055132060808246e+00,-3.669621702617922865e-01,-4.602362970513234064e-01,-5.183686688943279358e-02,-5.183686688943279358e-02,1.418158377741196352e+00,-1.040941436780788015e-01,-2.030901712371240009e-02,-8.401389803667852485e-02,-3.271524934852403366e-01,-5.191945123345532709e-01,-7.103890521813077674e-01,-5.752567881263277033e-02,-3.801429606348526863e-02,-1.147078669352808861e-01,-1.711160802546210780e-01,-7.340709118518067011e-02,-7.197411700355742237e-02,-1.244624194945742751e-01,-7.051263942166730025e-02,-2.872721242393142319e-02,-2.030901712371240009e-02,-2.019004323808653023e-01,-1.435916317235476011e-02,-1.435916317235476011e-02,-5.183686688943279358e-02,-3.801429606348527557e-02,-3.801429606348527557e-02,-1.558271304830920190e-01,-4.064318733121485144e-02,-8.148853797899899276e-02,-1.210011918676099085e-01,-5.569323991926412171e-02,-7.051263942166730025e-02,-4.979810447122927364e-02,-3.212131358814808435e-02,-2.030901712371240009e-02,-3.801429606348527557e-02,-6.749673070628271765e-02,-3.519076715388935045e-02,-1.435916317235476185e-02,-3.524455202264515918e-01,2.664300564093018409e+00,-2.907009498669055336e-01,-4.311306135592269523e-02,-3.519076715388935045e-02,-3.801429606348527557e-02,-1.435916317235476011e-02,-1.286658602907498339e-01,-4.767312946227962589e-02,5.913962991410492975e-01,-2.487592975524973576e-02,-4.967123990818995694e-01,-1.786283982422259831e-01,-4.979810447122926670e-02,5.840947806181536750e-01,-2.030901712371240009e-02,-4.892821642774447533e-01,-1.767766952966368654e-01
5.177311440538124865e-01,2.321640208845666020e+00,-5.507016019503075954e-01,7.082331122151057645e-01,-5.883402233564356820e-02,-6.182636519582266343e-01,5.905777172739697933e-01,-4.963069089824175273e-01,2.266247861418546172e+00,-6.302706439077716549e-01,8.414777418280475763e-01,-6.008461346790693741e-02,-8.449106200430623881e-01,-9.559893164500997687e-01,6.320577570903027943e-03,8.071898934976127205e-01,4.323751863546776431e-01,-6.341994886133547338e-01,7.604948893478056249e-01,3.308375903655265127e-01,-6.362483984730694930e-02,4.388828066981781961e-01,-4.298771301996108241e-01,-7.908504100057835995e-01,1.120202334381258824e+00,-1.541897670555602895e+00,-8.078231342445260088e-01,1.005928889149460659e+00,-4.363332869890499954e-01,-1.105629136241454841e-01,3.643850632671082335e-01,0.000000000000000000e+00,0.000000000000000000e+00,5.339616623415676111e-01,7.108409781372613256e-01,1.318026668710696736e+00,7.206445028558993160e-01,3.280152101028083744e-01,8.578690337430828761e-01,4.575092059528056976e-01,-3.774647335768301359e-01,-4.668062001933125371e-01,-6.135093179742474589e-01,-9.515480014204554804e-01,-3.669621702617922865e-01,-4.602362970513234064e-01,-5.183686688943279358e-02,-5.183686688943279358e-02,-7.051398600435393460e-01,-1.040941436780788015e-01,-2.030901712371240009e-02,-8.401389803667852485e-02,-3.271524934852403366e-01,-5.191945123345532709e-01,1.407679351095596942e+00,-5.752567881263277033e-02,-3.801429606348526863e-02,-1.147078669352808861e-01,-1.711160802546210780e-01,-7.340709118518067011e-02,-7.197411700355742237e-02,-1.244624194945742751e-01,-7.051263942166730025e-02,-2.872721242393142319e-02,-2.030901712371240009e-02,-2.019004323808653023e-01,-1.435916317235476011e-02,-1.435916317235476011e-02,-5.183686688943279358e-02,-3.801429606348527557e-02,-3.801429606348527557e-02,-1.558271304830920190e-01,-4.064318733121485144e-02,-8.148853797899899276e-02,-1.210011918676099085e-01,-5.569323991926412171e-02,-7.051263942166730025e-02,-4.979810447122927364e-02,-3.212131358814808435e-02,-2.030901712371240009e-02,-3.801429606348527557e-02,-6.749673070628271765e-02,-3.519076715388935045e-02,-1.435916317235476185e-02,-3.524455202264515918e-01,-3.753330286669139260e-01,-2.907009498669055336e-01,-4.311306135592269523e-02,-3.519076715388935045e-02,-3.801429606348527557e-02,-1.435916317235476011e-02,-1.286658602907498339e-01,-4.767312946227962589e-02,-1.690913523558418063e+00,-2.487592975524973576e-02,2.013237442528823973e+00,-1.786283982422259831e-01,-4.979810447122926670e-02,5.840947806181536750e-01,-2.030901712371240009e-02,-4.892821642774447533e-01,-1.767766952966368654e-01
-1.329611021767550305e+00,1.363189363936059939e+00,-5.507016019503075954e-01,-1.284019034700219164e+00,-9.198889835430558160e-01,-1.012748552678568670e+00,5.905777172739697933e-01,-4.963069089824175273e-01,5.168867450326074531e-01,-6.302706439077716549e-01,-6.317193629460370052e-02,1.417862610549974756e+00,-2.865945335768058100e-02,-6.744934182984452242e-01,-1.761860997889140579e-01,-1.793962463029842302e-01,4.323751863546776431e-01,-5.407952618425498903e-01,4.016635395896914762e-01,-1.131498666018180055e+00,3.600260422021904771e-01,-6.292804948981121915e-02,-1.104381948595107632e+00,-1.715197237342885428e+00,4.885689282282582209e-03,-1.205131474393191793e+00,-8.078231342445260088e-01,-1.773242088314630704e+00,-1.202811734101178587e+00,-1.015016023220653985e+00,3.643850632671082335e-01,0.000000000000000000e+00,0.000000000000000000e+00,5.339616623415676111e-01,7.108409781372613256e-01,4.230452339520751615e-01,-9.566459557273735426e-01,2.545289598895443817e-01,1.069559787497829983e+00,4.575092059528056976e-01,-3.774647335768301359e-01,-4.668062001933125371e-01,-6.135093179742474589e-01,-9.515480014204554804e-01,-3.669621702617922865e-01,-4.602362970513234064e-01,-5.183686688943279358e-02,-5.183686688943279358e-02,-7.051398600435393460e-01,-1.040941436780788015e-01,-2.030901712371240009e-02,-8.401389803667852485e-02,-3.271524934852403366e-01,1.926060419058570616e+00,-7.103890521813077674e-01,-5.752567881263277033e-02,-3.801429606348526863e-02,8.717797887081346175e+00,-1.711160802546210780e-01,-7.340709118518067011e-02,-7.197411700355742237e-02,-1.244624194945742751e-01,-7.051263942166730025e-02,-2.872721242393142319e-02,-2.030901712371240009e-02,-2.019004323808653023e-01,-1.435916317235476011e-02,-1.435916317235476011e-02,-5.183686688943279358e-02,-3.801429606348527557e-02,-3.801429606348527557e-02,-1.558271304830920190e-01,-4.064318733121485144e-02,-8.148853797899899276e-02,-1.210011918676099085e-01,-5.569323991926412171e-02,-7.051263942166730025e-02,-4.979810447122927364e-02,-3.212131358814808435e-02,-2.030901712371240009e-02,-3.801429606348527557e-02,-6.749673070628271765e-02,-3.519076715388935045e-02,-1.435916317235476185e-02,-3.524455202264515918e-01,-3.753330286669139260e-01,-2.907009498669055336e-01,-4.311306135592269523e-02,-3.519076715388935045e-02,-3.801429606348527557e-02,-1.435916317235476011e-02,-1.286658602907498339e-01,-4.767312946227962589e-02,5.913962991410492975e-01,-2.487592975524973576e-02,-4.967123990818995694e-01,-1.786283982422259831e-01,-4.979810447122926670e-02,5.840947806181536750e-01,-2.030901712371240009e-02,-4.892821642774447533e-01,-1.767766952966368654e-01
8.358220273699372704e-01,-5.537123258831522232e-01,-5.507016019503075954e-01,-1.284019034700219164e+00,-9.916435636436735646e-01,-4.748145971508294649e-01,-4.966680157416004104e-01,-4.963069089824175273e-01,-6.493539992246850634e-01,-6.302706439077716549e-01,-7.567366895219695966e-01,1.862399238684066816e-01,8.031393545978983139e-01,9.441079960735692111e-01,5.538406096503543097e-01,-1.496522300288474598e-02,7.708740882331873712e-01,-1.671783547593307107e-01,-2.301916632452487843e-01,6.233048416422678484e-01,-4.872757218968044035e-01,-6.292804948981121915e-02,1.461045124751957358e-01,-7.800667027971361356e-02,2.837148505570266099e-01,-2.644978782475312235e-02,5.351727329735904704e-01,7.280117914030515003e-01,-6.542536297954395508e-01,6.171386915614185398e-02,-5.809668599935657873e-02,0.000000000000000000e+00,0.000000000000000000e+00,-2.392467030372219805e-01,7.108409781372613256e-01,-1.736090558870059808e-01,9.007216173612938442e-03,-9.239232708031612784e-01,1.810477425639444693e+00,9.285145451032854602e-01,-3.774647335768301359e-01,1.696017942249628430e+00,4.220278085021179071e-01,2.222198251804266556e-01,-3.669621702617922865e-01,-4.602362970513234064e-01,-5.183686688943279358e-02,-5.183686688943279358e-02,1.418158377741196352e+00,-1.040941436780788015e-01,-2.030901712371240009e-02,-8.401389803667852485e-02,-3.271524934852403366e-01,-5.191945123345532709e-01,-7.103890521813077674e-01,-5.752567881263277033e-02,-3.801429606348526863e-02,-1.147078669352808861e-01,-1.711160802546210780e-01,-7.340709118518067011e-02,-7.197411700355742237e-02,-1.244624194945742751e-01,-7.051263942166730025e-02,-2.872721242393142319e-02,-2.030901712371240009e-02,-2.019004323808653023e-01,-1.435916317235476011e-02,-1.435916317235476011e-02,-5.183686688943279358e-02,-3.801429606348527557e-02,-3.801429606348527557e-02,6.417367738851512016e+00,-4.064318733121485144e-02,-8.148853797899899276e-02,-1.210011918676099085e-01,-5.569323991926412171e-02,-7.051263942166730025e-02,-4.979810447122927364e-02,-3.212131358814808435e-02,-2.030901712371240009e-02,-3.801429606348527557e-02,-6.749673070628271765e-02,-3.519076715388935045e-02,-1.435916317235476185e-02,-3.524455202264515918e-01,-3.753330286669139260e-01,-2.907009498669055336e-01,-4.311306135592269523e-02,-3.519076715388935045e-02,-3.801429606348527557e-02,-1.435916317235476011e-02,-1.286658602907498339e-01,-4.767312946227962589e-02,5.913962991410492975e-01,-2.487592975524973576e-02,-4.967123990818995694e-01,-1.786283982422259831e-01,-4.979810447122926670e-02,5.840947806181536750e-01,-2.030901712371240009e-02,-4.892821642774447533e-01,-1.767766952966368654e-01
-7.506624561895802739e-01,-5.537123258831522232e-01,1.953942567429912014e+00,7.082331122151057645e-01,4.879784781528296450e-02,4.576042590972519419e-01,-4.966680157416004104e-01,2.964524162613712210e+00,-6.493539992246850634e-01,5.575471080722594897e-01,-6.920293414875457183e-02,-1.291707300149474991e+00,4.130493235820915932e-02,-1.088917935021714412e+00,-1.271226163947816401e+00,3.961123352473639447e-01,2.067092517690042597e-01,-1.288029076008988305e+00,-8.698475475966698234e-01,3.726186262622038226e-01,-1.052143564629467676e+00,-8.156443337717953490e-01,1.082109833518530156e-01,-6.968490377342138054e-01,-4.598295795089574756e-01,3.103164083376579452e-01,5.351727329735904704e-01,-7.542127299111305305e-01,5.856379758271212932e-01,-2.828396964044327944e-01,-1.043887434287774418e+00,0.000000000000000000e+00,0.000000000000000000e+00,-1.012455068416011628e+00,-1.057663809422624057e+00,-1.068590490645627611e+00,-3.765993724702386136e-01,2.465122780480974163e-01,-9.473935815327891308e-02,-9.555068114986333683e-01,9.257960654133498002e-01,-4.668062001933125371e-01,-5.099556053266109945e-01,-2.472873054599261933e-01,-3.669621702617922865e-01,-4.602362970513234064e-01,-5.183686688943279358e-02,-5.183686688943279358e-02,-7.051398600435393460e-01,-1.040941436780788015e-01,-2.030901712371240009e-02,-8.401389803667852485e-02,-3.271524934852403366e-01,1.926060419058570616e+00,-7.103890521813077674e-01,-5.752567881263277033e-02,-3.801429606348526863e-02,-1.147078669352808861e-01,5.843986132174123327e+00,-7.340709118518067011e-02,-7.197411700355742237e-02,-1.244624194945742751e-01,-7.051263942166730025e-02,-2.872721242393142319e-02,-2.030901712371240009e-02,-2.019004323808653023e-01,-1.435916317235476011e-02,-1.435916317235476011e-02,-5.183686688943279358e-02,-3.801429606348527557e-02,-3.801429606348527557e-02,-1.558271304830920190e-01,-4.064318733121485144e-02,-8.148853797899899276e-02,-1.210011918676099085e-01,-5.569323991926412171e-02,-7.051263942166730025e-02,-4.979810447122927364e-02,-3.212131358814808435e-02,-2.030901712371240009e-02,-3.801429606348527557e-02,-6.749673070628271765e-02,-3.519076715388935045e-02,-1.435916317235476185e-02,-3.524455202264515918e-01,-3.753330286669139260e-01,-2.907009498669055336e-01,-4.311306135592269523e-02,-3.519076715388935045e-02,-3.801429606348527557e-02,-1.435916317235476011e-02,-1.286658602907498339e-01,-4.767312946227962589e-02,5.913962991410492975e-01,-2.487592975524973576e-02,-4.967123990818995694e-01,-1.786283982422259831e-01,-4.979810447122926670e-02,5.840947806181536750e-01,-2.030901712371240009e-02,-4.892821642774447533e-01,-1.767766952966368654e-01
-1.329611021767550305e+00,-5.537123258831522232e-01,-4.977276807426366662e-02,7.082331122151057645e-01,4.434480383686802418e-01,1.246574060537936290e+00,-4.966680157416004104e-01,-4.963069089824175273e-01,-6.493539992246850634e-01,-3.636176791775609651e-02,8.414777418280475763e-01,-6.008461346790693741e-02,1.658259624458774617e+00,-1.182749901072265963e+00,-1.088719486587999441e+00,-4.260427812531334402e-01,3.195422190618408820e-01,5.333533460217053657e-01,-9.790570888274000572e-01,-3.410696807892142027e-03,9.248938849348538049e-01,-6.292804948981121915e-02,-2.820572149217986588e-02,7.601722324751156723e-01,-1.110430955816693599e+00,1.068040349703082814e+00,-8.078231342445260088e-01,-1.124768860239676149e+00,-5.265072219434180356e-01,-2.436299481158024527e+00,9.276940622890612609e-01,0.000000000000000000e+00,0.000000000000000000e+00,9.205658450309623930e-01,1.213393822839661657e-01,4.230452339520751615e-01,2.499294990614522871e-01,8.584523252785500880e-01,-2.005847350306524668e-01,-1.349613319767399566e-02,-3.774647335768301359e-01,-4.668062001933125371e-01,-1.992944673837013236e-01,2.222198251804266556e-01,-3.669621702617922865e-01,-4.602362970513234064e-01,-5.183686688943279358e-02,-5.183686688943279358e-02,-7.051398600435393460e-01,-1.040941436780788015e-01,-2.030901712371240009e-02,-8.401389803667852485e-02,3.056678521220304923e+00,-5.191945123345532709e-01,-7.103890521813077674e-01,-5.752567881263277033e-02,-3.801429606348526863e-02,-1.147078669352808861e-01,-1.711160802546210780e-01,-7.340709118518067011e-02,-7.197411700355742237e-02,-1.244624194945742751e-01,-7.051263942166730025e-02,-2.872721242393142319e-02,-2.030901712371240009e-02,-2.019004323808653023e-01,-1.435916317235476011e-02,-1.435916317235476011e-02,-5.183686688943279358e-02,-3.801429606348527557e-02,-3.801429606348527557e-02,-1.558271304830920190e-01,-4.064318733121485144e-02,-8.148853797899899276e-02,-1.210011918676099085e-01,-5.569323991926412171e-02,-7.051263942166730025e-02,-4.979810447122927364e-02,-3.212131358814808435e-02,-2.030901712371240009e-02,-3.801429606348527557e-02,-6.749673070628271765e-02,-3.519076715388935045e-02,-1.435916317235476185e-02,-3.524455202264515918e-01,-3.753330286669139260e-01,-2.907009498669055336e-01,-4.311306135592269523e-02,-3.519076715388935045e-02,-3.801429606348527557e-02,-1.435916317235476011e-02,-1.286658602907498339e-01,-4.767312946227962589e-02,5.913962991410492975e-01,-2.487592975524973576e-02,-4.967123990818995694e-01,-1.786283982422259831e-01,-4.979810447122926670e-02,5.840947806181536750e-01,-2.030901712371240009e-02,-4.892821642774447533e-01,-1.767766952966368654e-01
8.449197905433053490e-01,-5.537123258831522232e-01,-5.507016019503075954e-01,7.082331122151057645e-01,-6.328706631405850436e-01,9.596759509231419516e-01,-4.966680157416004104e-01,-4.963069089824175273e-01,-6.493539992246850634e-01,-6.302706439077716549e-01,8.414777418280475763e-01,6.788889985410339056e-01,2.745195514111751778e-01,-8.621573503995482168e-01,-7.237061318683652988e-01,1.494658002972147348e-01,1.222205957404534304e+00,-1.204762413739283167e-01,1.754437756117498692e-01,-2.958779480846334686e-01,3.600260422021904771e-01,1.879773786041834815e-01,-3.768261894269314127e-01,4.938350110390017922e-01,9.343162268647626778e-01,1.419333102564523941e-01,-2.482415229036441240e-01,-1.983785344183122967e-01,1.637667216961415484e+00,1.138443761532937692e+00,-5.809668599935657873e-02,0.000000000000000000e+00,0.000000000000000000e+00,5.339616623415676111e-01,1.300342573990556527e+00,4.230452339520751615e-01,1.017214595649897246e+00,1.813773578050981605e+00,-4.122754887853995465e-01,-1.349613319767399566e-02,2.229056864403530014e+00,-4.668062001933125371e-01,-7.170630306218840344e-01,-7.167944361002790421e-01,-3.669621702617922865e-01,-4.602362970513234064e-01,-5.183686688943279358e-02,-5.183686688943279358e-02,-7.051398600435393460e-01,-1.040941436780788015e-01,-2.030901712371240009e-02,-8.401389803667852485e-02,-3.271524934852403366e-01,-5.191945123345532709e-01,1.407679351095596942e+00,-5.752567881263277033e-02,-3.801429606348526863e-02,-1.147078669352808861e-01,-1.711160802546210780e-01,-7.340709118518067011e-02,-7.197411700355742237e-02,-1.244624194945742751e-01,-7.051263942166730025e-02,-2.872721242393142319e-02,-2.030901712371240009e-02,-2.019004323808653023e-01,-1.435916317235476011e-02,-1.435916317235476011e-02,-5.183686688943279358e-02,-3.801429606348527557e-02,-3.801429606348527557e-02,-1.558271304830920190e-01,-4.064318733121485144e-02,-8.148853797899899276e-02,-1.210011918676099085e-01,-5.569323991926412171e-02,-7.051263942166730025e-02,-4.979810447122927364e-02,-3.212131358814808435e-02,-2.030901712371240009e-02,-3.801429606348527557e-02,-6.749673070628271765e-02,-3.519076715388935045e-02,-1.435916317235476185e-02,-3.524455202264515918e-01,-3.753330286669139260e-01,-2.907009498669055336e-01,-4.311306135592269523e-02,-3.519076715388935045e-02,-3.801429606348527557e-02,-1.435916317235476011e-02,-1.286658602907498339e-01,-4.767312946227962589e-02,5.913962991410492975e-01,-2.487592975524973576e-02,-4.967123990818995694e-01,-1.786283982422259831e-01,-4.979810447122926670e-02,5.840947806181536750e-01,-2.030901712371240009e-02,-4.892821642774447533e-01,-1.767766952966368654e-01
6.742126706357438604e-01,-5.537123258831522232e-01,-4.977276807426366662e-02,-1.284019034700219164e+00,-1.099275433794600021e+00,-1.048610816380417976e+00,5.905777172739697933e-01,-4.963069089824175273e-01,-6.493539992246850634e-01,-3.636176791775609651e-02,-1.444270444895184635e+00,-6.008461346790693741e-02,-2.074573279649549740e-01,-4.164555116594284012e-01,8.276006256900798608e-01,-1.083766874453531370e+00,9.965400228188608933e-01,6.734596861779125199e-01,1.322143958534419017e+00,-1.131498666018180055e+00,-6.362483984730694930e-02,-5.647389056778006067e-01,-2.707243078815722570e-01,7.053380986500334959e-01,-9.245448483001975637e-01,8.996572516218772630e-01,-4.720741674399969168e-01,-2.910175670004486737e-01,-5.490507056820100873e-01,3.631982390216446643e-01,-7.622329347767978769e-01,0.000000000000000000e+00,0.000000000000000000e+00,1.473574796521728292e-01,-4.681622135693289666e-01,-1.366917635565168210e+00,-9.723582785244065940e-01,-3.701041669231993070e-01,1.169513956014681527e-01,9.285145451032854602e-01,-3.774647335768301359e-01,-4.668062001933125371e-01,5.255815211497544270e-01,9.264805211409559149e-01,-3.669621702617922865e-01,1.739375798511208382e+00,-5.183686688943279358e-02,-5.183686688943279358e-02,-7.051398600435393460e-01,-1.040941436780788015e-01,-2.030901712371240009e-02,-8.401389803667852485e-02,-3.271524934852403366e-01,1.926060419058570616e+00,-7.103890521813077674e-01,-5.752567881263277033e-02,-3.801429606348526863e-02,-1.147078669352808861e-01,5.843986132174123327e+00,-7.340709118518067011e-02,-7.197411700355742237e-02,-1.244624194945742751e-01,-7.051263942166730025e-02,-2.872721242393142319e-02,-2.030901712371240009e-02,-2.019004323808653023e-01,-1.435916317235476011e-02,-1.435916317235476011e-02,-5.183686688943279358e-02,-3.801429606348527557e-02,-3.801429606348527557e-02,-1.558271304830920190e-01,-4.064318733121485144e-02,-8.148853797899899276e-02,-1.210011918676099085e-01,-5.569323991926412171e-02,-7.051263942166730025e-02,-4.979810447122927364e-02,-3.212131358814808435e-02,-2.030901712371240009e-02,-3.801429606348527557e-02,-6.749673070628271765e-02,-3.519076715388935045e-02,-1.435916317235476185e-02,-3.524455202264515918e-01,-3.753330286669139260e-01,-2.907009498669055336e-01,-4.311306135592269523e-02,-3.519076715388935045e-02,-3.801429606348527557e-02,-1.435916317235476011e-02,-1.286658602907498339e-01,-4.767312946227962589e-02,5.913962991410492975e-01,-2.487592975524973576e-02,-4.967123990818995694e-01,-1.786283982422259831e-01,-4.979810447122926670e-02,5.840947806181536750e-01,-2.030901712371240009e-02,-4.892821642774447533e-01,-1.767766952966368654e-01
2.615050503165908813e-01,-5.537123258831522232e-01,-5.507016019503075954e-01,7.082331122151057645e-01,5.869571985699155725e-01,1.707061494824576586e-01,-4.966680157416004104e-01,6.573034482162921632e-01,-6.623362709603883292e-02,-3.636176791775609651e-02,8.414777418280475763e-01,4.325644612047202520e-01,-1.420173347040378786e+00,-7.605060538447839802e-01,6.450939483302627897e-01,5.605433585474633995e-01,5.452081536475141821e-01,-2.707201460312350788e-02,1.680975308292533388e+00,-1.089717630121502800e+00,-6.362483984730694930e-02,4.388828066981781961e-01,-1.418863088622077107e-01,-1.798414902405806592e-01,2.837148505570266099e-01,4.786995064188634408e-01,8.709216997781196179e-01,-1.520590181272440944e-01,1.497972902143424601e-01,5.785442174970039098e-01,-5.809668599935657873e-02,0.000000000000000000e+00,0.000000000000000000e+00,1.473574796521728292e-01,4.160901802106137248e-01,4.230452339520751615e-01,1.077445166371856944e+00,1.394233895015256408e+00,-5.181208656627730447e-01,-4.845014723481537167e-01,-3.774647335768301359e-01,-4.668062001933125371e-01,9.397963717403006179e-01,1.630741217101485230e+00,9.137094037957288473e-01,-4.602362970513234064e-01,-5.183686688943279358e-02,-5.183686688943279358e-02,-7.051398600435393460e-01,-1.040941436780788015e-01,-2.030901712371240009e-02,-8.401389803667852485e-02,-3.271524934852403366e-01,-5.191945123345532709e-01,1.407679351095596942e+00,-5.752567881263277033e-02,-3.801429606348526863e-02,-1.147078669352808861e-01,-1.711160802546210780e-01,-7.340709118518067011e-02,-7.197411700355742237e-02,-1.244624194945742751e-01,-7.051263942166730025e-02,-2.872721242393142319e-02,-2.030901712371240009e-02,-2.019004323808653023e-01,-1.435916317235476011e-02,-1.435916317235476011e-02,-5.183686688943279358e-02,-3.801429606348527557e-02,-3.801429606348527557e-02,-1.558271304830920190e-01,-4.064318733121485144e-02,-8.148853797899899276e-02,-1.210011918676099085e-01,-5.569323991926412171e-02,-7.051263942166730025e-02,-4.979810447122927364e-02,-3.212131358814808435e-02,-2.030901712371240009e-02,-3.801429606348527557e-02,-6.749673070628271765e-02,-3.519076715388935045e-02,-1.435916317235476185e-02,-3.524455202264515918e-01,-3.753330286669139260e-01,-2.907009498669055336e-01,-4.311306135592269523e-02,-3.519076715388935045e-02,-3.801429606348527557e-02,-1.435916317235476011e-02,-1.286658602907498339e-01,-4.767312946227962589e-02,5.913962991410492975e-01,-2.487592975524973576e-02,-4.967123990818995694e-01,-1.786283982422259831e-01,-4.979810447122926670e-02,5.840947806181536750e-01,-2.030901712371240009e-02,-4.892821642774447533e-01,-1.767766952966368654e-01
1.488048939962490547e+00,-5.537123258831522232e-01,9.520848996778241702e-01,-2.878929612425566442e-01,-6.687479531908938624e-01,1.569334433854579824e+00,-4.966680157416004104e-01,6.573034482162921632e-01,-6.493539992246850634e-01,5.575471080722594897e-01,-1.456332440603486766e+00,-5.527336881405341407e-01,-3.007431755861411649e-01,-8.386993588869103844e-01,-9.062128092281823699e-01,9.716209167977121197e-01,-1.895668281666913063e-02,3.932470058654981004e-01,1.033518742424631709e+00,9.993341647123638039e-01,-4.872757218968044035e-01,-1.066549761865789980e+00,2.109101806493844308e-03,4.076670864567296659e-01,7.484301193482666426e-01,-3.632159839871641482e-01,6.470890552417668529e-01,-1.983785344183122967e-01,1.487377325370802250e+00,-5.412548705748637667e-01,-4.805784352658213909e-01,0.000000000000000000e+00,0.000000000000000000e+00,-2.392467030372219805e-01,-4.681622135693289666e-01,-7.702633457260871230e-01,2.299732943957715658e+00,1.064213825875689245e+00,-4.122754887853995465e-01,2.220065363775658440e-01,9.257960654133498002e-01,1.696017942249628430e+00,1.457564934978483384e+00,4.569733905006030938e-01,2.194380977853250148e+00,1.739375798511208382e+00,-5.183686688943279358e-02,-5.183686688943279358e-02,1.418158377741196352e+00,-1.040941436780788015e-01,-2.030901712371240009e-02,-8.401389803667852485e-02,-3.271524934852403366e-01,-5.191945123345532709e-01,-7.103890521813077674e-01,-5.752567881263277033e-02,-3.801429606348526863e-02,-1.147078669352808861e-01,-1.711160802546210780e-01,-7.340709118518067011e-02,-7.197411700355742237e-02,-1.244624194945742751e-01,-7.051263942166730025e-02,-2.872721242393142319e-02,-2.030901712371240009e-02,-2.019004323808653023e-01,-1.435916317235476011e-02,-1.435916317235476011e-02,-5.183686688943279358e-02,-3.801429606348527557e-02,-3.801429606348527557e-02,6.417367738851512016e+00,-4.064318733121485144e-02,-8.148853797899899276e-02,-1.210011918676099085e-01,-5.569323991926412171e-02,-7.051263942166730025e-02,-4.979810447122927364e-02,-3.212131358814808435e-02,-2.030901712371240009e-02,-3.801429606348527557e-02,-6.749673070628271765e-02,-3.519076715388935045e-02,-1.435916317235476185e-02,-3.524455202264515918e-01,-3.753330286669139260e-01,-2.907009498669055336e-01,-4.311306135592269523e-02,-3.519076715388935045e-02,-3.801429606348527557e-02,-1.435916317235476011e-02,-1.286658602907498339e-01,-4.767312946227962589e-02,5.913962991410492975e-01,-2.487592975524973576e-02,-4.967123990818995694e-01,-1.786283982422259831e-01,-4.979810447122926670e-02,5.840947806181536750e-01,-2.030901712371240009e-02,-4.892821642774447533e-01,-1.767766952966368654e-01
-7.091435733438458122e-01,-5.537123258831522232e-01,-5.507016019503075954e-01,-1.284019034700219164e+00,-7.763798233418204298e-01,-4.446743272863804691e-02,-4.966680157416004104e-01,-4.963069089824175273e-01,-6.493539992246850634e-01,-6.302706439077716549e-01,-3.586908311480032086e-01,4.325644612047202520e-01,2.435829182714591319e-03,6.834297960175468589e-02,6.450939483302627897e-01,-9.718073465293448898e-02,2.350535630332900805e+00,2.064385523238884967e-01,1.049120105457593155e+00,1.219324108821398522e-01,-4.872757218968044035e-01,1.879773786041834815e-01,7.827158017473496709e-01,9.638418723968501522e-01,5.625440118317706073e-01,-2.644978782475312235e-02,7.590053775099431244e-01,-1.520590181272440944e-01,-2.334419333417218634e-01,6.646826088871474747e-01,-4.805784352658213909e-01,0.000000000000000000e+00,0.000000000000000000e+00,-2.392467030372219805e-01,-1.734114156426813935e-01,7.213723788716157603e-01,-1.905932124714784015e+00,-3.433818941183759965e-01,8.578690337430828761e-01,2.220065363775658440e-01,-3.774647335768301359e-01,1.696017942249628430e+00,1.768226072921393000e+00,9.264805211409559149e-01,-3.669621702617922865e-01,1.739375798511208382e+00,-5.183686688943279358e-02,-5.183686688943279358e-02,1.418158377741196352e+00,-1.040941436780788015e-01,-2.030901712371240009e-02,-8.401389803667852485e-02,-3.271524934852403366e-01,-5.191945123345532709e-01,-7.103890521813077674e-01,-5.752567881263277033e-02,-3.801429606348526863e-02,-1.147078669352808861e-01,-1.711160802546210780e-01,-7.340709118518067011e-02,-7.197411700355742237e-02,-1.244624194945742751e-01,-7.051263942166730025e-02,-2.872721242393142319e-02,-2.030901712371240009e-02,-2.019004323808653023e-01,-1.435916317235476011e-02,-1.435916317235476011e-02,-5.183686688943279358e-02,-3.801429606348527557e-02,-3.801429606348527557e-02,-1.558271304830920190e-01,-4.064318733121485144e-02,-8.148853797899899276e-02,-1.210011918676099085e-01,-5.569323991926412171e-02,-7.051263942166730025e-02,-4.979810447122927364e-02,-3.212131358814808435e-02,-2.030901712371240009e-02,-3.801429606348527557e-02,-6.749673070628271765e-02,-3.519076715388935045e-02,-1.435916317235476185e-02,-3.524455202264515918e-01,2.664300564093018409e+00,-2.907009498669055336e-01,-4.311306135592269523e-02,-3.519076715388935045e-02,-3.801429606348527557e-02,-1.435916317235476011e-02,-1.286658602907498339e-01,-4.767312946227962589e-02,5.913962991410492975e-01,-2.487592975524973576e-02,-4.967123990818995694e-01,-1.786283982422259831e-01,-4.979810447122926670e-02,5.840947806181536750e-01,-2.030901712371240009e-02,-4.892821642774447533e-01,-1.767766952966368654e-01
1.054168343530771601e+00,-7.448690342834912714e-02,-5.507016019503075954e-01,7.082331122151057645e-01,6.587117786705333211e-01,-1.161919601323366108e-01,-4.966680157416004104e-01,-4.963069089824175273e-01,5.168867450326074531e-01,-6.302706439077716549e-01,8.414777418280475763e-01,-7.990582254768477943e-01,5.854723768151299801e-01,3.576582082576220123e-01,-7.237061318683652988e-01,5.605433585474633995e-01,-6.959544865736890795e-01,-2.138804681447331324e-01,-3.159991599265370432e-01,1.219324108821398522e-01,-4.872757218968044035e-01,-5.647389056778006067e-01,-1.418863088622077107e-01,-1.245190375985036901e+00,-1.017487902058445526e+00,5.628910554594662718e-01,9.828380220462961114e-01,-9.394907950754033399e-01,-2.184129441826604956e-01,-1.105629136241454841e-01,-4.805784352658213909e-01,0.000000000000000000e+00,0.000000000000000000e+00,-2.392467030372219805e-01,-7.629130114959765674e-01,-4.719362008065465242e-01,-2.705411935902658493e-01,-1.243254430820799339e+00,1.175405164375203482e+00,1.635022553829005076e+00,9.257960654133498002e-01,-4.668062001933125371e-01,-3.028481800313378436e-01,-4.820408707801026038e-01,-3.669621702617922865e-01,-4.602362970513234064e-01,-5.183686688943279358e-02,-5.183686688943279358e-02,-7.051398600435393460e-01,-1.040941436780788015e-01,-2.030901712371240009e-02,-8.401389803667852485e-02,-3.271524934852403366e-01,-5.191945123345532709e-01,1.407679351095596942e+00,-5.752567881263277033e-02,-3.801429606348526863e-02,-1.147078669352808861e-01,-1.711160802546210780e-01,-7.340709118518067011e-02,-7.197411700355742237e-02,-1.244624194945742751e-01,-7.051263942166730025e-02,-2.872721242393142319e-02,-2.030901712371240009e-02,-2.019004323808653023e-01,-1.435916317235476011e-02,-1.435916317235476011e-02,-5.183686688943279358e-02,-3.801429606348527557e-02,-3.801429606348527557e-02,-1.558271304830920190e-01,-4.064318733121485144e-02,-8.148853797899899276e-02,-1.210011918676099085e-01,-5.569323991926412171e-02,-7.051263942166730025e-02,-4.979810447122927364e-02,-3.212131358814808435e-02,-2.030901712371240009e-02,-3.801429606348527557e-02,-6.749673070628271765e-02,-3.519076715388935045e-02,-1.435916317235476185e-02,-3.524455202264515918e-01,-3.753330286669139260e-01,-2.907009498669055336e-01,-4.311306135592269523e-02,-3.519076715388935045e-02,-3.801429606348527557e-02,-1.435916317235476011e-02,-1.286658602907498339e-01,-4.767312946227962589e-02,-1.690913523558418063e+00,-2.487592975524973576e-02,2.013237442528823973e+00,-1.786283982422259831e-01,-4.979810447122926670e-02,-1.712050908829709783e+00,-2.030901712371240009e-02,2.043810449286999731e+00,-1.767766952966368654e-01
1.722440402083628586e+00,-5.537123258831522232e-01,-5.507016019503075954e-01,-1.284019034700219164e+00,-2.740977626374966336e-01,-8.334372341693222497e-01,-4.966680157416004104e-01,-4.963069089824175273e-01,-6.493539992246850634e-01,-3.636176791775609651e-02,4.072458963291751277e-01,9.252135358773474483e-01,-2.929693549510424821e-01,5.687801318713630039e-01,8.276006256900798608e-01,6.725028864716499355e-02,9.387628447616762351e-02,4.399491192509005222e-01,5.030723993039410979e-01,-4.630020916713427637e-01,9.248938849348538049e-01,9.406936628861676253e-01,-2.404094845828982085e-01,3.278066132611746832e-04,-6.457156870254534553e-01,1.419333102564523941e-01,-8.078231342445260088e-01,1.700721633515483555e+00,-8.721739726018290506e-01,1.052305370142794017e+00,9.276940622890612609e-01,0.000000000000000000e+00,0.000000000000000000e+00,9.205658450309623930e-01,7.108409781372613256e-01,1.019699523791156359e+00,-5.736580875496941623e-01,2.330181500004190998e+00,8.578690337430828761e-01,9.285145451032854602e-01,-3.774647335768301359e-01,-4.668062001933125371e-01,3.184740958544813871e-01,2.222198251804266556e-01,-3.669621702617922865e-01,-4.602362970513234064e-01,-5.183686688943279358e-02,-5.183686688943279358e-02,1.418158377741196352e+00,-1.040941436780788015e-01,-2.030901712371240009e-02,-8.401389803667852485e-02,-3.271524934852403366e-01,-5.191945123345532709e-01,-7.103890521813077674e-01,-5.752567881263277033e-02,-3.801429606348526863e-02,-1.147078669352808861e-01,-1.711160802546210780e-01,-7.340709118518067011e-02,-7.197411700355742237e-02,-1.244624194945742751e-01,-7.051263942166730025e-02,-2.872721242393142319e-02,-2.030901712371240009e-02,-2.019004323808653023e-01,-1.435916317235476011e-02,-1.435916317235476011e-02,-5.183686688943279358e-02,-3.801429606348527557e-02,-3.801429606348527557e-02,-1.558271304830920190e-01,-4.064318733121485144e-02,-8.148853797899899276e-02,-1.210011918676099085e-01,-5.569323991926412171e-02,-7.051263942166730025e-02,-4.979810447122927364e-02,-3.212131358814808435e-02,-2.030901712371240009e-02,-3.801429606348527557e-02,-6.749673070628271765e-02,-3.519076715388935045e-02,-1.435916317235476185e-02,2.837317947345407543e+00,-3.753330286669139260e-01,-2.907009498669055336e-01,-4.311306135592269523e-02,-3.519076715388935045e-02,-3.801429606348527557e-02,-1.435916317235476011e-02,-1.286658602907498339e-01,-4.767312946227962589e-02,5.913962991410492975e-01,-2.487592975524973576e-02,-4.967123990818995694e-01,-1.786283982422259831e-01,-4.979810447122926670e-02,5.840947806181536750e-01,-2.030901712371240009e-02,-4.892821642774447533e-01,-1.767766952966368654e-01
9.880027931790037465e-01,1.363189363936059939e+00,-5.507016019503075954e-01,-2.878929612425566442e-01,-4.534842128890408386e-01,-9.768862889767194746e-01,5.905777172739697933e-01,-4.963069089824175273e-01,1.683127489289899970e+00,-6.302706439077716549e-01,-8.833876444591407529e-01,-6.008461346790693741e-02,-4.406719470179210063e-01,6.626120979219143337e-01,6.450939483302627897e-01,3.138968235973142451e-01,-2.446226174023423960e-01,2.998427790946933125e-01,3.548594504908069713e-01,8.739910570223318187e-01,1.772195649033848630e+00,1.693409947168151630e+00,-4.905067767969589210e-01,-2.190087286870682215e-01,7.484301193482666426e-01,-8.683652782307808016e-01,-8.078231342445260088e-01,-7.078932136200624115e-01,-8.496304888632369989e-01,-1.536321093192173082e-01,2.476793809599432183e+00,0.000000000000000000e+00,0.000000000000000000e+00,1.307170027720357286e+00,1.213393822839661657e-01,1.318026668710696736e+00,2.350797993048073131e+00,9.640053028576018868e-01,4.344875262335887722e-01,-1.426512150649113186e+00,-3.774647335768301359e-01,1.696017942249628430e+00,3.184740958544813871e-01,-1.253374013974976713e-02,-3.669621702617922865e-01,1.739375798511208382e+00,-5.183686688943279358e-02,-5.183686688943279358e-02,-7.051398600435393460e-01,-1.040941436780788015e-01,-2.030901712371240009e-02,-8.401389803667852485e-02,-3.271524934852403366e-01,1.926060419058570616e+00,-7.103890521813077674e-01,-5.752567881263277033e-02,-3.801429606348526863e-02,-1.147078669352808861e-01,-1.711160802546210780e-01,-7.340709118518067011e-02,-7.197411700355742237e-02,-1.244624194945742751e-01,-7.051263942166730025e-02,-2.872721242393142319e-02,-2.030901712371240009e-02,-2.019004323808653023e-01,-1.435916317235476011e-02,-1.435916317235476011e-02,-5.183686688943279358e-02,-3.801429606348527557e-02,-3.801429606348527557e-02,-1.558271304830920190e-01,-4.064318733121485144e-02,-8.148853797899899276e-02,-1.210011918676099085e-01,-5.569323991926412171e-02,-7.051263942166730025e-02,-4.979810447122927364e-02,-3.212131358814808435e-02,-2.030901712371240009e-02,-3.801429606348527557e-02,-6.749673070628271765e-02,-3.519076715388935045e-02,-1.435916317235476185e-02,-3.524455202264515918e-01,-3.753330286669139260e-01,3.439961240091715222e+00,-4.311306135592269523e-02,-3.519076715388935045e-02,-3.801429606348527557e-02,-1.435916317235476011e-02,-1.286658602907498339e-01,-4.767312946227962589e-02,5.913962991410492975e-01,-2.487592975524973576e-02,-4.967123990818995694e-01,-1.786283982422259831e-01,-4.979810447122926670e-02,5.840947806181536750e-01,-2.030901712371240009e-02,-4.892821642774447533e-01,-1.767766952966368654e-01
3.983023256688712488e-01,-7.448690342834912714e-02,-4.977276807426366662e-02,7.082331122151057645e-01,-4.176069228387320198e-01,-4.030900697471309080e-01,-4.966680157416004104e-01,6.573034482162921632e-01,-6.623362709603883292e-02,1.151455984062275117e+00,8.414777418280475763e-01,-3.064091508042205425e-01,-8.915535438536555946e-01,-1.339136511156518550e+00,5.538406096503543097e-01,-9.718073465293448898e-02,9.387628447616762351e-02,-4.006889216863427361e-01,1.286396865128653921e-01,4.979617339522358077e-01,-4.872757218968044035e-01,6.897882347921728829e-01,-1.089224536945770705e+00,-3.913445778516123630e-01,4.885689282282582209e-03,8.154657025812744875e-01,-5.839904897081731328e-01,-5.941998554510771746e-02,-4.557956885345504361e-02,2.339906519364291781e-01,-4.805784352658213909e-01,0.000000000000000000e+00,0.000000000000000000e+00,-2.392467030372219805e-01,1.213393822839661657e-01,1.247180890325345903e-01,-1.102639621716471785e+00,3.126499032400349987e-01,-9.415023731722672595e-01,4.575092059528056976e-01,9.257960654133498002e-01,-4.668062001933125371e-01,5.255815211497544270e-01,1.630741217101485230e+00,9.137094037957288473e-01,-4.602362970513234064e-01,-5.183686688943279358e-02,-5.183686688943279358e-02,-7.051398600435393460e-01,-1.040941436780788015e-01,-2.030901712371240009e-02,-8.401389803667852485e-02,-3.271524934852403366e-01,-5.191945123345532709e-01,1.407679351095596942e+00,-5.752567881263277033e-02,-3.801429606348526863e-02,-1.147078669352808861e-01,-1.711160802546210780e-01,-7.340709118518067011e-02,-7.197411700355742237e-02,-1.244624194945742751e-01,-7.051263942166730025e-02,-2.872721242393142319e-02,-2.030901712371240009e-02,-2.019004323808653023e-01,-1.435916317235476011e-02,-1.435916317235476011e-02,-5.183686688943279358e-02,-3.801429606348527557e-02,-3.801429606348527557e-02,-1.558271304830920190e-01,-4.064318733121485144e-02,-8.148853797899899276e-02,-1.210011918676099085e-01,-5.569323991926412171e-02,-7.051263942166730025e-02,-4.979810447122927364e-02,-3.212131358814808435e-02,-2.030901712371240009e-02,-3.801429606348527557e-02,-6.749673070628271765e-02,-3.519076715388935045e-02,-1.435916317235476185e-02,-3.524455202264515918e-01,-3.753330286669139260e-01,-2.907009498669055336e-01,-4.311306135592269523e-02,-3.519076715388935045e-02,-3.801429606348527557e-02,-1.435916317235476011e-02,-1.286658602907498339e-01,-4.767312946227962589e-02,-1.690913523558418063e+00,-2.487592975524973576e-02,2.013237442528823973e+00,-1.786283982422259831e-01,-4.979810447122926670e-02,5.840947806181536750e-01,-2.030901712371240009e-02,-4.892821642774447533e-01,-1.767766952966368654e-01
1.330078688497644324e+00,-5.537123258831522232e-01,2.955800235181999636e+00,2.700485259130430471e+00,-2.382204725871877871e-01,1.497609906450881212e+00,-4.966680157416004104e-01,-4.963069089824175273e-01,-6.493539992246850634e-01,3.527091488022337185e+00,8.414777418280475763e-01,1.910511685222601841e+00,-3.240646374914379901e-01,9.675659875862072656e-01,-8.493276110900550846e-02,5.605433585474633995e-01,-6.959544865736890795e-01,2.868459015291825676e+00,-1.150672082189976519e+00,7.486479493322998335e-01,2.619497413132843455e+00,6.897882347921728829e-01,-1.134696771893781708e+00,-9.367356565830856074e-02,1.399031495656002821e+00,3.945079573782606652e-01,-2.482415229036441240e-01,3.574556610745059926e-01,8.862177590083482048e-01,6.171386915614185398e-02,9.276940622890612609e-01,0.000000000000000000e+00,0.000000000000000000e+00,1.307170027720357286e+00,2.774096563623794420e+00,7.213723788716157603e-01,2.865915855878626295e-01,3.394396014456277477e+00,1.281250541252576980e+00,-1.349613319767399566e-02,-3.774647335768301359e-01,1.696017942249628430e+00,1.113666705592083056e-01,9.264805211409559149e-01,-3.669621702617922865e-01,-4.602362970513234064e-01,-5.183686688943279358e-02,-5.183686688943279358e-02,-7.051398600435393460e-01,-1.040941436780788015e-01,-2.030901712371240009e-02,-8.401389803667852485e-02,-3.271524934852403366e-01,-5.191945123345532709e-01,1.407679351095596942e+00,-5.752567881263277033e-02,-3.801429606348526863e-02,-1.147078669352808861e-01,-1.711160802546210780e-01,-7.340709118518067011e-02,-7.197411700355742237e-02,-1.244624194945742751e-01,-7.051263942166730025e-02,-2.872721242393142319e-02,-2.030901712371240009e-02,-2.019004323808653023e-01,-1.435916317235476011e-02,-1.435916317235476011e-02,-5.183686688943279358e-02,-3.801429606348527557e-02,-3.801429606348527557e-02,-1.558271304830920190e-01,-4.064318733121485144e-02,-8.148853797899899276e-02,-1.210011918676099085e-01,-5.569323991926412171e-02,-7.051263942166730025e-02,-4.979810447122927364e-02,-3.212131358814808435e-02,-2.030901712371240009e-02,-3.801429606348527557e-02,-6.749673070628271765e-02,-3.519076715388935045e-02,-1.435916317235476185e-02,-3.524455202264515918e-01,-3.753330286669139260e-01,-2.907009498669055336e-01,-4.311306135592269523e-02,-3.519076715388935045e-02,-3.801429606348527557e-02,-1.435916317235476011e-02,-1.286658602907498339e-01,-4.767312946227962589e-02,5.913962991410492975e-01,-2.487592975524973576e-02,-4.967123990818995694e-01,-1.786283982422259831e-01,-4.979810447122926670e-02,5.840947806181536750e-01,-2.030901712371240009e-02,-4.892821642774447533e-01,-1.767766952966368654e-01
9.172056543026119169e-01,-5.537123258831522232e-01,-5.507016019503075954e-01,-1.284019034700219164e+00,-4.176069228387320198e-01,-5.106768608526787157e-01,-4.966680157416004104e-01,-4.963069089824175273e-01,-6.493539992246850634e-01,-3.636176791775609651e-02,5.942068298078561073e-01,9.252135358773474483e-01,-8.604582613132600866e-01,-9.586296098671048815e-02,-5.411994545085482278e-01,1.382698475047960951e+00,-8.087874538665257296e-01,2.868459015291825676e+00,-9.556550442779578880e-01,8.739910570223318187e-01,-6.362483984730694930e-02,6.897882347921728829e-01,8.281880366953611183e-01,9.403415293289575372e-01,-4.598295795089574756e-01,5.628910554594662718e-01,-8.078231342445260088e-01,2.648166284923695879e-01,9.839061885422472065e-01,-2.436299481158024527e+00,-5.809668599935657873e-02,0.000000000000000000e+00,0.000000000000000000e+00,1.473574796521728292e-01,7.108409781372613256e-01,1.247180890325345903e-01,1.111488532432095111e+00,-9.940692369158223851e-01,-8.356569962948936503e-01,-1.191009481073873166e+00,-3.774647335768301359e-01,-4.668062001933125371e-01,-7.170630306218840344e-01,-9.515480014204554804e-01,-3.669621702617922865e-01,-4.602362970513234064e-01,-5.183686688943279358e-02,-5.183686688943279358e-02,1.418158377741196352e+00,-1.040941436780788015e-01,-2.030901712371240009e-02,-8.401389803667852485e-02,-3.271524934852403366e-01,-5.191945123345532709e-01,-7.103890521813077674e-01,-5.752567881263277033e-02,-3.801429606348526863e-02,-1.147078669352808861e-01,-1.711160802546210780e-01,-7.340709118518067011e-02,-7.197411700355742237e-02,-1.244624194945742751e-01,-7.051263942166730025e-02,-2.872721242393142319e-02,-2.030901712371240009e-02,-2.019004323808653023e-01,-1.435916317235476011e-02,-1.435916317235476011e-02,-5.183686688943279358e-02,-3.801429606348527557e-02,-3.801429606348527557e-02,-1.558271304830920190e-01,-4.064318733121485144e-02,-8.148853797899899276e-02,-1.210011918676099085e-01,-5.569323991926412171e-02,-7.051263942166730025e-02,-4.979810447122927364e-02,-3.212131358814808435e-02,-2.030901712371240009e-02,-3.801429606348527557e-02,-6.749673070628271765e-02,-3.519076715388935045e-02,-1.435916317235476185e-02,2.837317947345407543e+00,-3.753330286669139260e-01,-2.907009498669055336e-01,-4.311306135592269523e-02,-3.519076715388935045e-02,-3.801429606348527557e-02,-1.435916317235476011e-02,-1.286658602907498339e-01,-4.767312946227962589e-02,-1.690913523558418063e+00,-2.487592975524973576e-02,-4.967123990818995694e-01,5.598214000911362120e+00,-4.979810447122926670e-02,-1.712050908829709783e+00,-2.030901712371240009e-02,2.043810449286999731e+00,-1.767766952966368654e-01
-8.729033104644716712e-01,1.842414786390863091e+00,-4.977276807426366662e-02,7.082331122151057645e-01,-8.481344034424381784e-01,-1.879164875360351816e-01,1.677823450289539942e+00,-4.963069089824175273e-01,1.683127489289899970e+00,-3.636176791775609651e-02,8.414777418280475763e-01,1.910511685222601841e+00,1.967813450601863801e-01,5.270431859332941338e-02,5.538406096503543097e-01,-9.718073465293448898e-02,2.237702663040064266e+00,1.963009878227889651e-02,1.095924194556477715e+00,-1.925338348055049442e+00,1.913412609717014545e+00,4.388828066981781961e-01,1.991554532478751471e-01,9.432917888483056956e-02,1.399031495656002821e+00,-6.157906311089724749e-01,-6.959068119763496263e-01,-5.689346647468578322e-01,-7.820000376474609549e-01,4.924058261068601783e-01,2.110642960235162846e+00,0.000000000000000000e+00,0.000000000000000000e+00,1.307170027720357286e+00,1.005591776063908815e+00,4.230452339520751615e-01,2.216588569156749511e+00,9.960720302233898593e-01,4.139075716941662542e+00,9.285145451032854602e-01,9.257960654133498002e-01,-4.668062001933125371e-01,1.113666705592083056e-01,2.222198251804266556e-01,9.137094037957288473e-01,1.739375798511208382e+00,-5.183686688943279358e-02,-5.183686688943279358e-02,-7.051398600435393460e-01,9.606688375213465747e+00,-2.030901712371240009e-02,-8.401389803667852485e-02,-3.271524934852403366e-01,-5.191945123345532709e-01,-7.103890521813077674e-01,-5.752567881263277033e-02,-3.801429606348526863e-02,-1.147078669352808861e-01,-1.711160802546210780e-01,-7.340709118518067011e-02,-7.197411700355742237e-02,-1.244624194945742751e-01,-7.051263942166730025e-02,-2.872721242393142319e-02,-2.030901712371240009e-02,-2.019004323808653023e-01,-1.435916317235476011e-02,-1.435916317235476011e-02,-5.183686688943279358e-02,-3.801429606348527557e-02,-3.801429606348527557e-02,-1.558271304830920190e-01,-4.064318733121485144e-02,-8.148853797899899276e-02,-1.210011918676099085e-01,-5.569323991926412171e-02,-7.051263942166730025e-02,-4.979810447122927364e-02,-3.212131358814808435e-02,-2.030901712371240009e-02,-3.801429606348527557e-02,-6.749673070628271765e-02,-3.519076715388935045e-02,-1.435916317235476185e-02,-3.524455202264515918e-01,-3.753330286669139260e-01,-2.907009498669055336e-01,-4.311306135592269523e-02,-3.519076715388935045e-02,-3.801429606348527557e-02,-1.435916317235476011e-02,-1.286658602907498339e-01,-4.767312946227962589e-02,5.913962991410492975e-01,-2.487592975524973576e-02,-4.967123990818995694e-01,-1.786283982422259831e-01,-4.979810447122926670e-02,-1.712050908829709783e+00,-2.030901712371240009e-02,2.043810449286999731e+00,-1.767766952966368654e-01
-2.366847169952922963e-02,4.047385190264539689e-01,-5.507016019503075954e-01,7.082331122151057645e-01,1.053361969223930661e+00,7.086401050101969190e-01,-4.966680157416004104e-01,6.573034482162921632e-01,5.168867450326074531e-01,5.575471080722594897e-01,8.414777418280475763e-01,1.862399238684066816e-01,-4.717672295583165143e-01,4.202128522913227693e-01,-2.674394384688225657e-01,2.316813119472644900e-01,-1.895668281666913063e-02,-8.677100555403667315e-01,-1.677862111134027778e-01,-7.972503788447614648e-01,-6.362483984730694930e-02,4.388828066981781961e-01,8.357667425200294709e-01,1.804971034671029873e-01,-2.739434719924614403e-01,8.154657025812744875e-01,-2.482415229036441240e-01,-2.446980507093804713e-01,-4.814202544662340988e-01,7.938901959723629886e-01,-5.809668599935657873e-02,0.000000000000000000e+00,0.000000000000000000e+00,1.473574796521728292e-01,4.160901802106137248e-01,7.213723788716157603e-01,7.357021455363892404e-01,-1.376865794844915669e+00,-9.473935815327891308e-02,-1.349613319767399566e-02,-3.774647335768301359e-01,1.696017942249628430e+00,-1.234831593860066690e+00,-7.167944361002790421e-01,-3.669621702617922865e-01,-4.602362970513234064e-01,-5.183686688943279358e-02,-5.183686688943279358e-02,-7.051398600435393460e-01,-1.040941436780788015e-01,-2.030901712371240009e-02,-8.401389803667852485e-02,-3.271524934852403366e-01,-5.191945123345532709e-01,1.407679351095596942e+00,-5.752567881263277033e-02,-3.801429606348526863e-02,-1.147078669352808861e-01,-1.711160802546210780e-01,-7.340709118518067011e-02,-7.197411700355742237e-02,-1.244624194945742751e-01,-7.051263942166730025e-02,-2.872721242393142319e-02,-2.030901712371240009e-02,-2.019004323808653023e-01,-1.435916317235476011e-02,-1.435916317235476011e-02,-5.183686688943279358e-02,-3.801429606348527557e-02,-3.801429606348527557e-02,-1.558271304830920190e-01,-4.064318733121485144e-02,-8.148853797899899276e-02,-1.210011918676099085e-01,-5.569323991926412171e-02,-7.051263942166730025e-02,-4.979810447122927364e-02,-3.212131358814808435e-02,-2.030901712371240009e-02,-3.801429606348527557e-02,-6.749673070628271765e-02,-3.519076715388935045e-02,-1.435916317235476185e-02,-3.524455202264515918e-01,-3.753330286669139260e-01,-2.907009498669055336e-01,-4.311306135592269523e-02,-3.519076715388935045e-02,-3.801429606348527557e-02,-1.435916317235476011e-02,-1.286658602907498339e-01,-4.767312946227962589e-02,5.913962991410492975e-01,-2.487592975524973576e-02,-4.967123990818995694e-01,-1.786283982422259831e-01,-4.979810447122926670e-02,5.840947806181536750e-01,-2.030901712371240009e-02,-4.892821642774447533e-01,-1.767766952966368654e-01
4.614904262548097380e-01,-7.448690342834912714e-02,-5.507016019503075954e-01,7.082331122151057645e-01,9.098528090226952747e-01,1.963819334574921971e+00,-4.966680157416004104e-01,-4.963069089824175273e-01,-6.623362709603883292e-02,-6.302706439077716549e-01,8.414777418280475763e-01,1.862399238684066816e-01,8.031393545978983139e-01,9.441079960735692111e-01,5.538406096503543097e-01,-1.496522300288474598e-02,7.708740882331873712e-01,-1.671783547593307107e-01,-2.301916632452487843e-01,6.233048416422678484e-01,-4.872757218968044035e-01,-5.647389056778006067e-01,-9.376504204524006569e-01,-3.100598414392873731e-02,2.837148505570266099e-01,7.312741535406717119e-01,8.750744390088503744e-02,3.111361447834378180e-01,6.006669649861826610e-01,2.770598476315010439e-01,-5.809668599935657873e-02,0.000000000000000000e+00,0.000000000000000000e+00,-2.392467030372219805e-01,7.108409781372613256e-01,-4.719362008065465242e-01,4.816862603176890745e-01,3.387041192247376431e-01,1.810477425639444693e+00,9.285145451032854602e-01,-3.774647335768301359e-01,1.696017942249628430e+00,5.255815211497544270e-01,-4.820408707801026038e-01,-3.669621702617922865e-01,-4.602362970513234064e-01,-5.183686688943279358e-02,-5.183686688943279358e-02,-7.051398600435393460e-01,-1.040941436780788015e-01,-2.030901712371240009e-02,-8.401389803667852485e-02,-3.271524934852403366e-01,-5.191945123345532709e-01,1.407679351095596942e+00,-5.752567881263277033e-02,-3.801429606348526863e-02,-1.147078669352808861e-01,-1.711160802546210780e-01,-7.340709118518067011e-02,-7.197411700355742237e-02,-1.244624194945742751e-01,-7.051263942166730025e-02,-2.872721242393142319e-02,-2.030901712371240009e-02,-2.019004323808653023e-01,-1.435916317235476011e-02,-1.435916317235476011e-02,-5.183686688943279358e-02,-3.801429606348527557e-02,-3.801429606348527557e-02,-1.558271304830920190e-01,-4.064318733121485144e-02,-8.148853797899899276e-02,-1.210011918676099085e-01,-5.569323991926412171e-02,-7.051263942166730025e-02,-4.979810447122927364e-02,-3.212131358814808435e-02,-2.030901712371240009e-02,-3.801429606348527557e-02,-6.749673070628271765e-02,-3.519076715388935045e-02,-1.435916317235476185e-02,-3.524455202264515918e-01,-3.753330286669139260e-01,-2.907009498669055336e-01,-4.311306135592269523e-02,-3.519076715388935045e-02,-3.801429606348527557e-02,-1.435916317235476011e-02,-1.286658602907498339e-01,-4.767312946227962589e-02,5.913962991410492975e-01,-2.487592975524973576e-02,-4.967123990818995694e-01,-1.786283982422259831e-01,-4.979810447122926670e-02,-1.712050908829709783e+00,-2.030901712371240009e-02,2.043810449286999731e+00,-1.767766952966368654e-01
6.095358451668906330e-01,-7.448690342834912714e-02,9.520848996778241702e-01,7.082331122151057645e-01,-4.176069228387320198e-01,-2.955032786415830448e-01,-4.966680157416004104e-01,6.573034482162921632e-01,5.168867450326074531e-01,1.745364860052290412e+00,5.158038577038931427e-01,-5.527336881405341407e-01,-9.692917502046441980e-01,-9.716279774585250273e-01,-2.674394384688225657e-01,-5.082582929031832508e-01,-2.446226174023423960e-01,-7.743058287695619990e-01,3.392580874578454697e-01,-4.519173270456947056e-02,-7.697096432631360674e-01,1.191599090980162368e+00,3.279934522672396935e-01,-4.853459501231821016e-01,4.885689282282582209e-03,-6.157906311089724749e-01,-4.720741674399969168e-01,1.721775959102332110e-01,8.110728132130416990e-01,8.369593916674348266e-01,-4.805784352658213909e-01,0.000000000000000000e+00,0.000000000000000000e+00,-2.392467030372219805e-01,-1.352414607349271769e+00,4.230452339520751615e-01,8.699115694277127497e-01,-1.308723999192616283e+00,-2.005847350306524668e-01,-7.200041419233935702e-01,-3.774647335768301359e-01,-4.668062001933125371e-01,-4.064018926789744190e-01,-4.820408707801026038e-01,-3.669621702617922865e-01,-4.602362970513234064e-01,-5.183686688943279358e-02,-5.183686688943279358e-02,-7.051398600435393460e-01,-1.040941436780788015e-01,-2.030901712371240009e-02,-8.401389803667852485e-02,-3.271524934852403366e-01,1.926060419058570616e+00,-7.103890521813077674e-01,-5.752567881263277033e-02,-3.801429606348526863e-02,-1.147078669352808861e-01,-1.711160802546210780e-01,-7.340709118518067011e-02,-7.197411700355742237e-02,-1.244624194945742751e-01,-7.051263942166730025e-02,-2.872721242393142319e-02,-2.030901712371240009e-02,-2.019004323808653023e-01,-1.435916317235476011e-02,-1.435916317235476011e-02,-5.183686688943279358e-02,-3.801429606348527557e-02,-3.801429606348527557e-02,-1.558271304830920190e-01,-4.064318733121485144e-02,-8.148853797899899276e-02,-1.210011918676099085e-01,-5.569323991926412171e-02,-7.051263942166730025e-02,-4.979810447122927364e-02,-3.212131358814808435e-02,-2.030901712371240009e-02,-3.801429606348527557e-02,-6.749673070628271765e-02,-3.519076715388935045e-02,-1.435916317235476185e-02,-3.524455202264515918e-01,-3.753330286669139260e-01,3.439961240091715222e+00,-4.311306135592269523e-02,-3.519076715388935045e-02,-3.801429606348527557e-02,-1.435916317235476011e-02,-1.286658602907498339e-01,-4.767312946227962589e-02,-1.690913523558418063e+00,-2.487592975524973576e-02,-4.967123990818995694e-01,-1.786283982422259831e-01,-4.979810447122926670e-02,-1.712050908829709783e+00,-2.030901712371240009e-02,-4.892821642774447533e-01,-1.767766952966368654e-01
6.725585318769496945e-01,-5.537123258831522232e-01,4.511560658017802483e-01,-2.878929612425566442e-01,-5.969933730902762248e-01,-3.313655423434322955e-01,-4.966680157416004104e-01,-4.963069089824175273e-01,-6.493539992246850634e-01,-3.636176791775609651e-02,-1.239216517854050403e+00,1.171538073213661102e+00,-8.293629787728645786e-01,5.270431859332941338e-02,1.831387351169073696e+00,5.605433585474633995e-01,9.387628447616762351e-02,1.794310407427570198e+00,-8.230434584977852630e-01,4.979617339522358077e-01,3.600260422021904771e-01,4.388828066981781961e-01,-1.460581122354527528e+00,8.649573119553326250e-02,9.782874304053058856e-02,6.470826045000689364e-01,-3.601578451718204787e-01,9.596093728583924287e-01,1.660210700700007536e+00,4.062674347167165023e-01,9.276940622890612609e-01,0.000000000000000000e+00,0.000000000000000000e+00,5.339616623415676111e-01,1.005591776063908815e+00,7.213723788716157603e-01,1.778607571189454672e+00,1.336112951664765847e+00,1.704632048762071195e+00,4.575092059528056976e-01,-3.774647335768301359e-01,1.696017942249628430e+00,1.146903797035573769e+00,1.630741217101485230e+00,9.137094037957288473e-01,-4.602362970513234064e-01,-5.183686688943279358e-02,-5.183686688943279358e-02,1.418158377741196352e+00,-1.040941436780788015e-01,-2.030901712371240009e-02,-8.401389803667852485e-02,-3.271524934852403366e-01,-5.191945123345532709e-01,-7.103890521813077674e-01,-5.752567881263277033e-02,-3.801429606348526863e-02,-1.147078669352808861e-01,-1.711160802546210780e-01,-7.340709118518067011e-02,-7.197411700355742237e-02,-1.244624194945742751e-01,-7.051263942166730025e-02,-2.872721242393142319e-02,-2.030901712371240009e-02,-2.019004323808653023e-01,-1.435916317235476011e-02,-1.435916317235476011e-02,-5.183686688943279358e-02,-3.801429606348527557e-02,-3.801429606348527557e-02,-1.558271304830920190e-01,-4.064318733121485144e-02,-8.148853797899899276e-02,-1.210011918676099085e-01,-5.569323991926412171e-02,-7.051263942166730025e-02,-4.979810447122927364e-02,-3.212131358814808435e-02,-2.030901712371240009e-02,-3.801429606348527557e-02,-6.749673070628271765e-02,-3.519076715388935045e-02,-1.435916317235476185e-02,2.837317947345407543e+00,-3.753330286669139260e-01,-2.907009498669055336e-01,-4.311306135592269523e-02,-3.519076715388935045e-02,-3.801429606348527557e-02,-1.435916317235476011e-02,-1.286658602907498339e-01,-4.767312946227962589e-02,-1.690913523558418063e+00,-2.487592975524973576e-02,2.013237442528823973e+00,-1.786283982422259831e-01,-4.979810447122926670e-02,-1.712050908829709783e+00,-2.030901712371240009e-02,2.043810449286999731e+00,-1.767766952966368654e-01
9.172056543026119169e-01,-7.448690342834912714e-02,1.953942567429912014e+00,-2.878929612425566442e-01,-5.252387929896585872e-01,-6.182636519582266343e-01,-4.966680157416004104e-01,1.810913805415002020e+00,-6.623362709603883292e-02,2.339273736042306151e+00,-1.510611421290845691e+00,-7.990582254768477943e-01,1.526104673662093791e+00,4.827674963250238593e-01,3.713339322905371831e-01,6.725028864716499355e-02,-8.087874538665257296e-01,-8.677100555403667315e-01,-8.932495921461119925e-01,-3.410696807892142027e-03,-7.697096432631360674e-01,-1.066549761865789980e+00,7.069287435006649245e-01,2.509981326707801386e-01,-1.017487902058445526e+00,-4.474075330277669238e-01,2.437750211532588640e+00,5.427337262387786909e-01,5.334798550090505742e+00,-2.436299481158024527e+00,-7.622329347767978769e-01,0.000000000000000000e+00,0.000000000000000000e+00,-6.258508857266168457e-01,-1.647165405275919259e+00,-7.702633457260871230e-01,3.016492282683526094e-01,-7.488923839315689834e-01,-1.259038503804387865e+00,-9.555068114986333683e-01,-3.774647335768301359e-01,-4.668062001933125371e-01,7.812957911571764835e-03,-1.186301566740631808e+00,9.137094037957288473e-01,-4.602362970513234064e-01,-5.183686688943279358e-02,-5.183686688943279358e-02,-7.051398600435393460e-01,-1.040941436780788015e-01,-2.030901712371240009e-02,-8.401389803667852485e-02,-3.271524934852403366e-01,1.926060419058570616e+00,-7.103890521813077674e-01,-5.752567881263277033e-02,-3.801429606348526863e-02,-1.147078669352808861e-01,-1.711160802546210780e-01,-7.340709118518067011e-02,-7.197411700355742237e-02,-1.244624194945742751e-01,-7.051263942166730025e-02,-2.872721242393142319e-02,-2.030901712371240009e-02,-2.019004323808653023e-01,-1.435916317235476011e-02,-1.435916317235476011e-02,-5.183686688943279358e-02,-3.801429606348527557e-02,-3.801429606348527557e-02,-1.558271304830920190e-01,-4.064318733121485144e-02,-8.148853797899899276e-02,-1.210011918676099085e-01,-5.569323991926412171e-02,-7.051263942166730025e-02,-4.979810447122927364e-02,-3.212131358814808435e-02,-2.030901712371240009e-02,-3.801429606348527557e-02,-6.749673070628271765e-02,-3.519076715388935045e-02,-1.435916317235476185e-02,-3.524455202264515918e-01,-3.753330286669139260e-01,3.439961240091715222e+00,-4.311306135592269523e-02,-3.519076715388935045e-02,-3.801429606348527557e-02,-1.435916317235476011e-02,-1.286658602907498339e-01,-4.767312946227962589e-02,5.913962991410492975e-01,-2.487592975524973576e-02,-4.967123990818995694e-01,-1.786283982422259831e-01,-4.979810447122926670e-02,5.840947806181536750e-01,-2.030901712371240009e-02,-4.892821642774447533e-01,-1.767766952966368654e-01
-1.246904083827840459e+00,-5.537123258831522232e-01,4.511560658017802483e-01,-2.878929612425566442e-01,-8.840116934927469972e-01,2.782929405880055218e-01,-4.966680157416004104e-01,-4.963069089824175273e-01,-6.493539992246850634e-01,1.151455984062275117e+00,-1.993091249622926497e+00,-6.008461346790693741e-02,8.653299196786893299e-01,-9.586296098671048815e-02,-6.324527931884567078e-01,4.783278468974136999e-01,-2.446226174023423960e-01,-1.801752323248414722e+00,-1.236479578871264806e+00,7.904289852289771989e-01,-7.697096432631360674e-01,-5.647389056778006067e-01,-1.218062535965135362e+00,-3.883943183322639131e-02,3.766579043152746276e-01,6.470826045000689364e-01,-3.601578451718204787e-01,6.816922751119832702e-01,1.494891819950332712e+00,1.870620088349158827e+00,-7.622329347767978769e-01,0.000000000000000000e+00,0.000000000000000000e+00,-6.258508857266168457e-01,4.160901802106137248e-01,-7.702633457260871230e-01,-7.766089236780371330e-01,-1.342794897018765976e+00,-2.005847350306524668e-01,-9.555068114986333683e-01,-3.774647335768301359e-01,-4.668062001933125371e-01,-5.099556053266109945e-01,-1.421055132060808246e+00,-3.669621702617922865e-01,-4.602362970513234064e-01,-5.183686688943279358e-02,-5.183686688943279358e-02,1.418158377741196352e+00,-1.040941436780788015e-01,-2.030901712371240009e-02,-8.401389803667852485e-02,-3.271524934852403366e-01,-5.191945123345532709e-01,-7.103890521813077674e-01,-5.752567881263277033e-02,-3.801429606348526863e-02,-1.147078669352808861e-01,-1.711160802546210780e-01,-7.340709118518067011e-02,-7.197411700355742237e-02,-1.244624194945742751e-01,-7.051263942166730025e-02,-2.872721242393142319e-02,-2.030901712371240009e-02,-2.019004323808653023e-01,-1.435916317235476011e-02,-1.435916317235476011e-02,-5.183686688943279358e-02,-3.801429606348527557e-02,-3.801429606348527557e-02,-1.558271304830920190e-01,-4.064318733121485144e-02,-8.148853797899899276e-02,-1.210011918676099085e-01,-5.569323991926412171e-02,-7.051263942166730025e-02,-4.979810447122927364e-02,-3.212131358814808435e-02,-2.030901712371240009e-02,-3.801429606348527557e-02,-6.749673070628271765e-02,-3.519076715388935045e-02,-1.435916317235476185e-02,-3.524455202264515918e-01,2.664300564093018409e+00,-2.907009498669055336e-01,-4.311306135592269523e-02,-3.519076715388935045e-02,-3.801429606348527557e-02,-1.435916317235476011e-02,-1.286658602907498339e-01,-4.767312946227962589e-02,-1.690913523558418063e+00,-2.487592975524973576e-02,2.013237442528823973e+00,-1.786283982422259831e-01,-4.979810447122926670e-02,5.840947806181536750e-01,-2.030901712371240009e-02,-4.892821642774447533e-01,-1.767766952966368654e-01
-7.643918078875721056e-01,-5.537123258831522232e-01,-5.507016019503075954e-01,-1.284019034700219164e+00,-5.252387929896585872e-01,-1.048610816380417976e+00,-4.966680157416004104e-01,-4.963069089824175273e-01,-6.623362709603883292e-02,-6.302706439077716549e-01,-1.432208449186882726e+00,4.325644612047202520e-01,4.688650672886469639e-01,-2.287915795583251310e-01,6.320577570903027943e-03,-1.793962463029842302e-01,-1.895668281666913063e-02,1.280587160188143780e+00,-1.755868926298835286e-01,-2.958779480846334686e-01,-6.362483984730694930e-02,-5.647389056778006067e-01,2.218915707218805100e-01,-2.268421763763655286e-01,4.885689282282582209e-03,-2.790244349465614282e-01,3.113400884372377608e-01,-5.689346647468578322e-01,4.052901059183853794e-01,-1.273431197391085012e+00,-4.805784352658213909e-01,0.000000000000000000e+00,0.000000000000000000e+00,1.473574796521728292e-01,1.005591776063908815e+00,-1.736090558870059808e-01,-3.975491361996159601e-01,1.957399597189332374e-01,-7.298116194175201521e-01,-4.845014723481537167e-01,-3.774647335768301359e-01,-4.668062001933125371e-01,-9.241704559171570743e-01,-4.820408707801026038e-01,-3.669621702617922865e-01,-4.602362970513234064e-01,-5.183686688943279358e-02,-5.183686688943279358e-02,1.418158377741196352e+00,-1.040941436780788015e-01,-2.030901712371240009e-02,-8.401389803667852485e-02,-3.271524934852403366e-01,-5.191945123345532709e-01,-7.103890521813077674e-01,-5.752567881263277033e-02,-3.801429606348526863e-02,-1.147078669352808861e-01,-1.711160802546210780e-01,-7.340709118518067011e-02,-7.197411700355742237e-02,-1.244624194945742751e-01,-7.051263942166730025e-02,-2.872721242393142319e-02,-2.030901712371240009e-02,-2.019004323808653023e-01,-1.435916317235476011e-02,-1.435916317235476011e-02,-5.183686688943279358e-02,-3.801429606348527557e-02,-3.801429606348527557e-02,-1.558271304830920190e-01,-4.064318733121485144e-02,-8.148853797899899276e-02,-1.210011918676099085e-01,-5.569323991926412171e-02,-7.051263942166730025e-02,-4.979810447122927364e-02,-3.212131358814808435e-02,-2.030901712371240009e-02,-3.801429606348527557e-02,-6.749673070628271765e-02,-3.519076715388935045e-02,-1.435916317235476185e-02,2.837317947345407543e+00,-3.753330286669139260e-01,-2.907009498669055336e-01,-4.311306135592269523e-02,-3.519076715388935045e-02,-3.801429606348527557e-02,-1.435916317235476011e-02,-1.286658602907498339e-01,-4.767312946227962589e-02,-1.690913523558418063e+00,-2.487592975524973576e-02,-4.967123990818995694e-01,5.598214000911362120e+00,-4.979810447122926670e-02,5.840947806181536750e-01,-2.030901712371240009e-02,-4.892821642774447533e-01,-1.767766952966368654e-01
-4.136775641862717318e-02,5.676218166029288525e+00,-5.507016019503075954e-01,7.082331122151057645e-01,4.793253284189891161e-01,-1.520542238341859032e-01,5.905777172739697933e-01,-4.963069089824175273e-01,4.015608977804484780e+00,-6.302706439077716549e-01,8.414777418280475763e-01,-1.538031837485788644e+00,3.353111172311010885e-02,1.116133267166246723e+00,3.713339322905371831e-01,3.961123352473639447e-01,4.323751863546776431e-01,6.633221216768130091e-02,1.797985531039744789e+00,1.041115200609041169e+00,-4.872757218968044035e-01,1.879773786041834815e-01,-2.479881904075665333e-01,3.136657141851599273e-01,1.907717967987786201e-01,-3.632159839871641482e-01,6.470890552417668529e-01,-6.152541810379259513e-01,-4.964492436252954666e-01,-1.790261545731947068e+00,-7.622329347767978769e-01,0.000000000000000000e+00,0.000000000000000000e+00,-6.258508857266168457e-01,-1.352414607349271769e+00,7.213723788716157603e-01,-1.052229252742657772e+00,-2.805845530270413835e-01,1.110601872409461635e-02,4.575092059528056976e-01,-3.774647335768301359e-01,-4.668062001933125371e-01,-5.099556053266109945e-01,-7.167944361002790421e-01,-3.669621702617922865e-01,-4.602362970513234064e-01,-5.183686688943279358e-02,-5.183686688943279358e-02,-7.051398600435393460e-01,-1.040941436780788015e-01,-2.030901712371240009e-02,-8.401389803667852485e-02,-3.271524934852403366e-01,-5.191945123345532709e-01,1.407679351095596942e+00,-5.752567881263277033e-02,-3.801429606348526863e-02,-1.147078669352808861e-01,-1.711160802546210780e-01,-7.340709118518067011e-02,-7.197411700355742237e-02,-1.244624194945742751e-01,-7.051263942166730025e-02,-2.872721242393142319e-02,-2.030901712371240009e-02,-2.019004323808653023e-01,-1.435916317235476011e-02,-1.435916317235476011e-02,-5.183686688943279358e-02,-3.801429606348527557e-02,-3.801429606348527557e-02,-1.558271304830920190e-01,-4.064318733121485144e-02,-8.148853797899899276e-02,-1.210011918676099085e-01,-5.569323991926412171e-02,-7.051263942166730025e-02,-4.979810447122927364e-02,-3.212131358814808435e-02,-2.030901712371240009e-02,-3.801429606348527557e-02,-6.749673070628271765e-02,-3.519076715388935045e-02,-1.435916317235476185e-02,-3.524455202264515918e-01,-3.753330286669139260e-01,-2.907009498669055336e-01,-4.311306135592269523e-02,-3.519076715388935045e-02,-3.801429606348527557e-02,-1.435916317235476011e-02,-1.286658602907498339e-01,-4.767312946227962589e-02,5.913962991410492975e-01,-2.487592975524973576e-02,-4.967123990818995694e-01,-1.786283982422259831e-01,-4.979810447122926670e-02,5.840947806181536750e-01,-2.030901712371240009e-02,-4.892821642774447533e-01,-1.767766952966368654e-01
1.506409880185106021e+00,4.047385190264539689e-01,-5.507016019503075954e-01,2.700485259130430471e+00,2.631962731437519576e+00,3.500174679917040788e-01,-4.966680157416004104e-01,6.573034482162921632e-01,4.598729349933130983e+00,-6.302706439077716549e-01,8.414777418280475763e-01,9.252135358773474483e-01,-1.264696934338401579e+00,6.156961148966384467e-01,1.010107303049897043e+00,1.464913986698010540e+00,4.323751863546776431e-01,1.654204067271362932e+00,2.008603931984724422e+00,1.082896236505718424e+00,3.600260422021904771e-01,9.406936628861676253e-01,4.037805105139248285e-01,1.927355938180438821e+00,4.885689282282582209e-03,5.628910554594662718e-01,3.113400884372377608e-01,-2.446980507093804713e-01,-2.108984496031298117e-01,1.478522605462855299e-01,3.643850632671082335e-01,0.000000000000000000e+00,0.000000000000000000e+00,1.473574796521728292e-01,1.213393822839661657e-01,7.213723788716157603e-01,4.856143410169472818e-01,-4.008409778363203335e-02,8.578690337430828761e-01,-1.191009481073873166e+00,-3.774647335768301359e-01,-4.668062001933125371e-01,8.362426590926641534e-01,4.569733905006030938e-01,-3.669621702617922865e-01,3.938987894073740392e+00,-5.183686688943279358e-02,-5.183686688943279358e-02,-7.051398600435393460e-01,-1.040941436780788015e-01,-2.030901712371240009e-02,-8.401389803667852485e-02,-3.271524934852403366e-01,-5.191945123345532709e-01,1.407679351095596942e+00,-5.752567881263277033e-02,-3.801429606348526863e-02,-1.147078669352808861e-01,-1.711160802546210780e-01,-7.340709118518067011e-02,-7.197411700355742237e-02,-1.244624194945742751e-01,-7.051263942166730025e-02,-2.872721242393142319e-02,-2.030901712371240009e-02,-2.019004323808653023e-01,-1.435916317235476011e-02,-1.435916317235476011e-02,-5.183686688943279358e-02,-3.801429606348527557e-02,-3.801429606348527557e-02,-1.558271304830920190e-01,-4.064318733121485144e-02,-8.148853797899899276e-02,-1.210011918676099085e-01,-5.569323991926412171e-02,-7.051263942166730025e-02,-4.979810447122927364e-02,-3.212131358814808435e-02,-2.030901712371240009e-02,-3.801429606348527557e-02,-6.749673070628271765e-02,-3.519076715388935045e-02,-1.435916317235476185e-02,-3.524455202264515918e-01,-3.753330286669139260e-01,-2.907009498669055336e-01,-4.311306135592269523e-02,-3.519076715388935045e-02,-3.801429606348527557e-02,-1.435916317235476011e-02,-1.286658602907498339e-01,-4.767312946227962589e-02,5.913962991410492975e-01,-2.487592975524973576e-02,-4.967123990818995694e-01,-1.786283982422259831e-01,-4.979810447122926670e-02,-1.712050908829709783e+00,-2.030901712371240009e-02,2.043810449286999731e+00,-1.767766952966368654e-01
-4.821957356372815751e-01,-7.448690342834912714e-02,-5.507016019503075954e-01,7.082331122151057645e-01,4.434480383686802418e-01,1.174849533134237678e+00,-4.966680157416004104e-01,-4.963069089824175273e-01,-6.493539992246850634e-01,5.575471080722594897e-01,8.414777418280475763e-01,-1.045382762813161337e+00,7.020796863416133293e-01,2.716455727112828678e-01,-8.493276110900550846e-02,6.427588701975132102e-01,-8.087874538665257296e-01,-1.801752323248414722e+00,-1.236479578871264806e+00,6.233048416422678484e-01,-1.052143564629467676e+00,-1.819266046147774096e+00,-1.039927797388649905e-01,6.191701740677610921e-01,-1.810004182342134504e-01,3.945079573782606652e-01,8.750744390088503744e-02,-5.226151484557896021e-01,2.775436980663638087e-01,-1.359569588781228688e+00,-1.043887434287774418e+00,0.000000000000000000e+00,0.000000000000000000e+00,-1.012455068416011628e+00,-7.629130114959765674e-01,-1.068590490645627611e+00,-1.291302884169688581e-01,1.085591644119547672e+00,-1.153193126927014367e+00,-1.426512150649113186e+00,-3.774647335768301359e-01,-4.668062001933125371e-01,-4.064018926789744190e-01,-4.820408707801026038e-01,-3.669621702617922865e-01,-4.602362970513234064e-01,-5.183686688943279358e-02,-5.183686688943279358e-02,-7.051398600435393460e-01,-1.040941436780788015e-01,-2.030901712371240009e-02,-8.401389803667852485e-02,-3.271524934852403366e-01,-5.191945123345532709e-01,1.407679351095596942e+00,-5.752567881263277033e-02,-3.801429606348526863e-02,-1.147078669352808861e-01,-1.711160802546210780e-01,-7.340709118518067011e-02,-7.197411700355742237e-02,-1.244624194945742751e-01,-7.051263942166730025e-02,-2.872721242393142319e-02,-2.030901712371240009e-02,-2.019004323808653023e-01,-1.435916317235476011e-02,-1.435916317235476011e-02,-5.183686688943279358e-02,-3.801429606348527557e-02,-3.801429606348527557e-02,-1.558271304830920190e-01,-4.064318733121485144e-02,-8.148853797899899276e-02,-1.210011918676099085e-01,-5.569323991926412171e-02,-7.051263942166730025e-02,-4.979810447122927364e-02,-3.212131358814808435e-02,-2.030901712371240009e-02,-3.801429606348527557e-02,-6.749673070628271765e-02,-3.519076715388935045e-02,-1.435916317235476185e-02,-3.524455202264515918e-01,-3.753330286669139260e-01,-2.907009498669055336e-01,-4.311306135592269523e-02,-3.519076715388935045e-02,-3.801429606348527557e-02,-1.435916317235476011e-02,-1.286658602907498339e-01,-4.767312946227962589e-02,5.913962991410492975e-01,-2.487592975524973576e-02,-4.967123990818995694e-01,-1.786283982422259831e-01,-4.979810447122926670e-02,-1.712050908829709783e+00,-2.030901712371240009e-02,-4.892821642774447533e-01,-1.767766952966368654e-01
-4.976703725154766819e-03,-5.537123258831522232e-01,-5.507016019503075954e-01,7.082331122151057645e-01,8.467513786559180411e-02,1.390023115345333293e+00,-4.966680157416004104e-01,-4.963069089824175273e-01,-6.493539992246850634e-01,-6.302706439077716549e-01,4.796178705789873042e-01,-6.008461346790693741e-02,-1.054803777190731928e+00,-1.002905299475375545e+00,-8.493276110900550846e-02,6.725028864716499355e-02,9.387628447616762351e-02,-8.677100555403667315e-01,-3.550025675089407695e-01,-7.136883070514067340e-01,3.600260422021904771e-01,1.879773786041834815e-01,-1.263534770913146366e+00,-6.498483515984290193e-01,1.027259280623010751e+00,-1.106413368653558910e-01,5.351727329735904704e-01,5.427337262387786909e-01,1.013964166860369831e+00,-9.288776318305103086e-01,-5.809668599935657873e-02,0.000000000000000000e+00,0.000000000000000000e+00,1.473574796521728292e-01,-1.734114156426813935e-01,-4.719362008065465242e-01,3.177658980241934827e+00,1.636070463898906979e+00,-4.122754887853995465e-01,-2.489988027729138353e-01,9.257960654133498002e-01,1.696017942249628430e+00,2.803763199397758310e+00,4.569733905006030938e-01,-3.669621702617922865e-01,-4.602362970513234064e-01,-5.183686688943279358e-02,-5.183686688943279358e-02,1.418158377741196352e+00,-1.040941436780788015e-01,-2.030901712371240009e-02,-8.401389803667852485e-02,-3.271524934852403366e-01,-5.191945123345532709e-01,-7.103890521813077674e-01,-5.752567881263277033e-02,-3.801429606348526863e-02,-1.147078669352808861e-01,-1.711160802546210780e-01,-7.340709118518067011e-02,-7.197411700355742237e-02,-1.244624194945742751e-01,-7.051263942166730025e-02,-2.872721242393142319e-02,-2.030901712371240009e-02,-2.019004323808653023e-01,-1.435916317235476011e-02,-1.435916317235476011e-02,-5.183686688943279358e-02,-3.801429606348527557e-02,-3.801429606348527557e-02,-1.558271304830920190e-01,-4.064318733121485144e-02,-8.148853797899899276e-02,-1.210011918676099085e-01,-5.569323991926412171e-02,-7.051263942166730025e-02,-4.979810447122927364e-02,-3.212131358814808435e-02,-2.030901712371240009e-02,-3.801429606348527557e-02,-6.749673070628271765e-02,-3.519076715388935045e-02,-1.435916317235476185e-02,-3.524455202264515918e-01,2.664300564093018409e+00,-2.907009498669055336e-01,-4.311306135592269523e-02,-3.519076715388935045e-02,-3.801429606348527557e-02,-1.435916317235476011e-02,-1.286658602907498339e-01,-4.767312946227962589e-02,5.913962991410492975e-01,-2.487592975524973576e-02,-4.967123990818995694e-01,-1.786283982422259831e-01,-4.979810447122926670e-02,-1.712050908829709783e+00,-2.030901712371240009e-02,-4.892821642774447533e-01,5.656854249492379694e+00
3.630691701065548171e-01,-5.537123258831522232e-01,1.953942567429912014e+00,7.082331122151057645e-01,-3.458523427381143267e-01,2.782929405880055218e-01,-4.966680157416004104e-01,1.810913805415002020e+00,-6.493539992246850634e-01,1.745364860052290412e+00,8.414777418280475763e-01,9.252135358773474483e-01,1.751545472079961252e+00,7.017087504429776468e-01,1.648880673809256736e+00,-1.165982386103581181e+00,-5.831215192808524295e-01,-1.147922735852781262e+00,-1.041462540959246175e+00,-1.465746953191598756e+00,9.248938849348538049e-01,1.693409947168151630e+00,-2.934604253555775921e-01,3.763332956995397716e-01,4.696009580735226452e-01,-1.106413368653558910e-01,5.351727329735904704e-01,1.721775959102332110e-01,1.239399004246289904e+00,1.870620088349158827e+00,9.276940622890612609e-01,0.000000000000000000e+00,0.000000000000000000e+00,9.205658450309623930e-01,1.300342573990556527e+00,1.019699523791156359e+00,-5.703846869669789710e-01,-3.881417010664549583e-01,-4.122754887853995465e-01,-4.845014723481537167e-01,-3.774647335768301359e-01,-4.668062001933125371e-01,-8.206167432695206099e-01,-1.655808697380984684e+00,-3.669621702617922865e-01,-4.602362970513234064e-01,-5.183686688943279358e-02,-5.183686688943279358e-02,-7.051398600435393460e-01,-1.040941436780788015e-01,-2.030901712371240009e-02,-8.401389803667852485e-02,-3.271524934852403366e-01,-5.191945123345532709e-01,1.407679351095596942e+00,-5.752567881263277033e-02,-3.801429606348526863e-02,-1.147078669352808861e-01,-1.711160802546210780e-01,-7.340709118518067011e-02,-7.197411700355742237e-02,-1.244624194945742751e-01,-7.051263942166730025e-02,-2.872721242393142319e-02,-2.030901712371240009e-02,-2.019004323808653023e-01,-1.435916317235476011e-02,-1.435916317235476011e-02,-5.183686688943279358e-02,-3.801429606348527557e-02,-3.801429606348527557e-02,-1.558271304830920190e-01,-4.064318733121485144e-02,-8.148853797899899276e-02,-1.210011918676099085e-01,-5.569323991926412171e-02,-7.051263942166730025e-02,-4.979810447122927364e-02,-3.212131358814808435e-02,-2.030901712371240009e-02,-3.801429606348527557e-02,-6.749673070628271765e-02,-3.519076715388935045e-02,-1.435916317235476185e-02,-3.524455202264515918e-01,-3.753330286669139260e-01,-2.907009498669055336e-01,-4.311306135592269523e-02,-3.519076715388935045e-02,-3.801429606348527557e-02,-1.435916317235476011e-02,-1.286658602907498339e-01,-4.767312946227962589e-02,5.913962991410492975e-01,-2.487592975524973576e-02,-4.967123990818995694e-01,-1.786283982422259831e-01,-4.979810447122926670e-02,5.840947806181536750e-01,-2.030901712371240009e-02,-4.892821642774447533e-01,-1.767766952966368654e-01
9.410620792661783529e-02,-5.537123258831522232e-01,-5.507016019503075954e-01,-1.284019034700219164e+00,-9.198889835430558160e-01,-9.051617615730208621e-01,-4.966680157416004104e-01,-4.963069089824175273e-01,-6.493539992246850634e-01,-6.302706439077716549e-01,-1.365867472791221671e+00,4.325644612047202520e-01,6.865320450714156308e-01,2.325489201902198599e-01,5.538406096503543097e-01,3.138968235973142451e-01,6.580411209403509432e-01,2.868459015291825676e+00,-7.216345987835356413e-01,4.561806980555584978e-01,-6.362483984730694930e-02,6.897882347921728829e-01,5.477759211826263019e-01,-6.733486946663216344e-01,-4.598295795089574756e-01,-2.790244349465614282e-01,-2.440887836729143182e-02,7.743313076941197304e-01,-3.161013737165593307e-01,-1.617984762951659716e+00,-5.809668599935657873e-02,0.000000000000000000e+00,0.000000000000000000e+00,1.473574796521728292e-01,7.108409781372613256e-01,7.213723788716157603e-01,3.193255914150147090e-01,-1.002092115944843709e-01,-9.415023731722672595e-01,-9.555068114986333683e-01,-3.774647335768301359e-01,-4.668062001933125371e-01,7.812957911571764835e-03,1.161234086461132353e+00,-3.669621702617922865e-01,-4.602362970513234064e-01,-5.183686688943279358e-02,-5.183686688943279358e-02,1.418158377741196352e+00,-1.040941436780788015e-01,-2.030901712371240009e-02,-8.401389803667852485e-02,-3.271524934852403366e-01,-5.191945123345532709e-01,-7.103890521813077674e-01,-5.752567881263277033e-02,-3.801429606348526863e-02,-1.147078669352808861e-01,-1.711160802546210780e-01,-7.340709118518067011e-02,-7.197411700355742237e-02,-1.244624194945742751e-01,-7.051263942166730025e-02,-2.872721242393142319e-02,-2.030901712371240009e-02,-2.019004323808653023e-01,-1.435916317235476011e-02,-1.435916317235476011e-02,-5.183686688943279358e-02,-3.801429606348527557e-02,-3.801429606348527557e-02,-1.558271304830920190e-01,-4.064318733121485144e-02,-8.148853797899899276e-02,-1.210011918676099085e-01,-5.569323991926412171e-02,-7.051263942166730025e-02,-4.979810447122927364e-02,-3.212131358814808435e-02,-2.030901712371240009e-02,-3.801429606348527557e-02,-6.749673070628271765e-02,-3.519076715388935045e-02,-1.435916317235476185e-02,2.837317947345407543e+00,-3.753330286669139260e-01,-2.907009498669055336e-01,-4.311306135592269523e-02,-3.519076715388935045e-02,-3.801429606348527557e-02,-1.435916317235476011e-02,-1.286658602907498339e-01,-4.767312946227962589e-02,-1.690913523558418063e+00,-2.487592975524973576e-02,-4.967123990818995694e-01,-1.786283982422259831e-01,-4.979810447122926670e-02,5.840947806181536750e-01,-2.030901712371240009e-02,-4.892821642774447533e-01,-1.767766952966368654e-01
-1.329611021767550305e+00,-7.448690342834912714e-02,-5.507016019503075954e-01,-1.284019034700219164e+00,-3.817296327884231455e-01,-7.975749704674730545e-01,-4.966680157416004104e-01,-4.963069089824175273e-01,-6.493539992246850634e-01,-6.302706439077716549e-01,3.302124866321658914e+00,-6.008461346790693741e-02,-2.353031823252243360e+00,-2.340010815695734880e+00,-3.826319646985255396e+00,-4.454602852105570499e+00,-8.087874538665257296e-01,-1.801752323248414722e+00,-1.236479578871264806e+00,-2.384929742918500128e+00,3.608016137915004418e+00,-6.292804948981121915e-02,-6.875531282383399168e-01,-1.730864132721479987e+00,3.815550893370450947e+00,-2.047046964799219548e+00,1.766252277923530567e+00,2.858709540792188086e+00,2.216283299585277256e+00,-2.436299481158024527e+00,1.772657560821990774e+00,0.000000000000000000e+00,0.000000000000000000e+00,2.080378393099147072e+00,2.774096563623794420e+00,1.318026668710696736e+00,2.977211475690943465e-01,-2.104385869143803045e-01,-9.415023731722672595e-01,4.575092059528056976e-01,-3.774647335768301359e-01,-4.668062001933125371e-01,-8.206167432695206099e-01,-1.253374013974976713e-02,9.137094037957288473e-01,-4.602362970513234064e-01,-5.183686688943279358e-02,-5.183686688943279358e-02,1.418158377741196352e+00,-1.040941436780788015e-01,-2.030901712371240009e-02,-8.401389803667852485e-02,-3.271524934852403366e-01,-5.191945123345532709e-01,-7.103890521813077674e-01,-5.752567881263277033e-02,-3.801429606348526863e-02,-1.147078669352808861e-01,-1.711160802546210780e-01,-7.340709118518067011e-02,-7.197411700355742237e-02,-1.244624194945742751e-01,-7.051263942166730025e-02,-2.872721242393142319e-02,-2.030901712371240009e-02,-2.019004323808653023e-01,-1.435916317235476011e-02,-1.435916317235476011e-02,-5.183686688943279358e-02,-3.801429606348527557e-02,-3.801429606348527557e-02,-1.558271304830920190e-01,-4.064318733121485144e-02,-8.148853797899899276e-02,-1.210011918676099085e-01,-5.569323991926412171e-02,-7.051263942166730025e-02,-4.979810447122927364e-02,-3.212131358814808435e-02,-2.030901712371240009e-02,-3.801429606348527557e-02,-6.749673070628271765e-02,-3.519076715388935045e-02,-1.435916317235476185e-02,-3.524455202264515918e-01,2.664300564093018409e+00,-2.907009498669055336e-01,-4.311306135592269523e-02,-3.519076715388935045e-02,-3.801429606348527557e-02,-1.435916317235476011e-02,-1.286658602907498339e-01,-4.767312946227962589e-02,5.913962991410492975e-01,-2.487592975524973576e-02,-4.967123990818995694e-01,-1.786283982422259831e-01,-4.979810447122926670e-02,5.840947806181536750e-01,-2.030901712371240009e-02,-4.892821642774447533e-01,-1.767766952966368654e-01
-4.976703725154766819e-03,-7.448690342834912714e-02,-5.507016019503075954e-01,-1.284019034700219164e+00,-6.328706631405850436e-01,-1.120335343784116588e+00,5.905777172739697933e-01,-4.963069089824175273e-01,-6.623362709603883292e-02,-6.302706439077716549e-01,5.700828383912520669e-01,1.664187147886288409e+00,-1.319113678784093358e+00,-1.115016219951357607e-01,-7.237061318683652988e-01,1.464913986698010540e+00,-1.317896501095057737e-01,-2.707201460312350788e-02,1.095924194556477715e+00,6.233048416422678484e-01,9.248938849348538049e-01,1.693409947168151630e+00,3.658869813905820667e-01,8.150063663001978487e-01,-2.739434719924614403e-01,-2.790244349465614282e-01,-2.482415229036441240e-01,7.953856332809684793e-02,2.205088236232090326e-02,1.181512957228009419e+00,9.276940622890612609e-01,0.000000000000000000e+00,0.000000000000000000e+00,9.205658450309623930e-01,1.005591776063908815e+00,1.914680958549777934e+00,-1.017531206565876367e+00,-1.598660659124948591e+00,-5.181208656627730447e-01,-9.555068114986333683e-01,-3.774647335768301359e-01,1.696017942249628430e+00,7.812957911571764835e-03,-4.820408707801026038e-01,-3.669621702617922865e-01,-4.602362970513234064e-01,-5.183686688943279358e-02,-5.183686688943279358e-02,-7.051398600435393460e-01,-1.040941436780788015e-01,-2.030901712371240009e-02,-8.401389803667852485e-02,-3.271524934852403366e-01,1.926060419058570616e+00,-7.103890521813077674e-01,1.738354106619246764e+01,-3.801429606348526863e-02,-1.147078669352808861e-01,-1.711160802546210780e-01,-7.340709118518067011e-02,-7.197411700355742237e-02,-1.244624194945742751e-01,-7.051263942166730025e-02,-2.872721242393142319e-02,-2.030901712371240009e-02,-2.019004323808653023e-01,-1.435916317235476011e-02,-1.435916317235476011e-02,-5.183686688943279358e-02,-3.801429606348527557e-02,-3.801429606348527557e-02,-1.558271304830920190e-01,-4.064318733121485144e-02,-8.148853797899899276e-02,-1.210011918676099085e-01,-5.569323991926412171e-02,-7.051263942166730025e-02,-4.979810447122927364e-02,-3.212131358814808435e-02,-2.030901712371240009e-02,-3.801429606348527557e-02,-6.749673070628271765e-02,-3.519076715388935045e-02,-1.435916317235476185e-02,-3.524455202264515918e-01,-3.753330286669139260e-01,-2.907009498669055336e-01,-4.311306135592269523e-02,-3.519076715388935045e-02,-3.801429606348527557e-02,-1.435916317235476011e-02,-1.286658602907498339e-01,-4.767312946227962589e-02,5.913962991410492975e-01,-2.487592975524973576e-02,-4.967123990818995694e-01,-1.786283982422259831e-01,-4.979810447122926670e-02,5.840947806181536750e-01,-2.030901712371240009e-02,-4.892821642774447533e-01,-1.767766952966368654e-01
9.112875816078827573e-02,4.047385190264539689e-01,-5.507016019503075954e-01,7.082331122151057645e-01,8.022209388717687073e-01,6.369155776064983066e-01,-4.966680157416004104e-01,-4.963069089824175273e-01,-6.623362709603883292e-02,-6.302706439077716549e-01,8.414777418280475763e-01,6.788889985410339056e-01,3.133886545866697571e-01,1.350713182292625492e+00,-5.411994545085482278e-01,7.249743818475629098e-01,-2.446226174023423960e-01,-6.809016019987571555e-01,3.080553613919224665e-01,2.054944826754944998e-01,-6.362483984730694930e-02,1.191599090980162368e+00,4.189379221632618111e-01,1.726636557778053471e-01,7.484301193482666426e-01,-2.790244349465614282e-01,3.113400884372377608e-01,7.953856332809684793e-02,-1.037492853351503763e+00,4.924058261068601783e-01,-5.809668599935657873e-02,0.000000000000000000e+00,0.000000000000000000e+00,1.473574796521728292e-01,1.213393822839661657e-01,1.019699523791156359e+00,5.497729924381653532e-01,9.700178142386871594e-01,2.227967724788416926e-01,-1.349613319767399566e-02,-3.774647335768301359e-01,-4.668062001933125371e-01,4.220278085021179071e-01,9.264805211409559149e-01,2.194380977853250148e+00,-4.602362970513234064e-01,-5.183686688943279358e-02,-5.183686688943279358e-02,-7.051398600435393460e-01,-1.040941436780788015e-01,-2.030901712371240009e-02,-8.401389803667852485e-02,-3.271524934852403366e-01,-5.191945123345532709e-01,1.407679351095596942e+00,-5.752567881263277033e-02,-3.801429606348526863e-02,-1.147078669352808861e-01,-1.711160802546210780e-01,-7.340709118518067011e-02,-7.197411700355742237e-02,-1.244624194945742751e-01,-7.051263942166730025e-02,-2.872721242393142319e-02,-2.030901712371240009e-02,-2.019004323808653023e-01,-1.435916317235476011e-02,-1.435916317235476011e-02,-5.183686688943279358e-02,-3.801429606348527557e-02,-3.801429606348527557e-02,-1.558271304830920190e-01,-4.064318733121485144e-02,-8.148853797899899276e-02,-1.210011918676099085e-01,-5.569323991926412171e-02,-7.051263942166730025e-02,-4.979810447122927364e-02,-3.212131358814808435e-02,-2.030901712371240009e-02,-3.801429606348527557e-02,-6.749673070628271765e-02,-3.519076715388935045e-02,-1.435916317235476185e-02,-3.524455202264515918e-01,-3.753330286669139260e-01,-2.907009498669055336e-01,-4.311306135592269523e-02,-3.519076715388935045e-02,-3.801429606348527557e-02,-1.435916317235476011e-02,-1.286658602907498339e-01,-4.767312946227962589e-02,5.913962991410492975e-01,-2.487592975524973576e-02,-4.967123990818995694e-01,-1.786283982422259831e-01,-4.979810447122926670e-02,5.840947806181536750e-01,-2.030901712371240009e-02,-4.892821642774447533e-01,-1.767766952966368654e-01
-9.883621958283068665e-01,-7.448690342834912714e-02,-5.507016019503075954e-01,7.082331122151057645e-01,1.376257579676710252e+00,-5.465391245545280219e-01,5.905777172739697933e-01,-4.963069089824175273e-01,1.100007117161253767e+00,-6.302706439077716549e-01,8.414777418280475763e-01,-6.008461346790693741e-02,7.176273276118111388e-01,1.092675275653608669e+00,-8.493276110900550846e-02,3.961123352473639447e-01,-6.959544865736890795e-01,-2.605825815301355264e-01,4.094642211061720327e-01,1.375363487782459870e+00,-6.362483984730694930e-02,6.897882347921728829e-01,8.357667425200294709e-01,-1.339191748256606473e+00,-2.411633708432165513e+00,-5.315990820683696993e-01,1.994237661690613783e-01,-2.446980507093804713e-01,8.968133357809701667e-02,-1.359569588781228688e+00,-5.809668599935657873e-02,0.000000000000000000e+00,0.000000000000000000e+00,1.473574796521728292e-01,1.213393822839661657e-01,1.019699523791156359e+00,2.406485885410289752e-02,3.981611762154694256e-01,-3.064301119080259928e-01,-9.555068114986333683e-01,-3.774647335768301359e-01,-4.668062001933125371e-01,-5.099556053266109945e-01,-9.515480014204554804e-01,-3.669621702617922865e-01,-4.602362970513234064e-01,-5.183686688943279358e-02,-5.183686688943279358e-02,-7.051398600435393460e-01,-1.040941436780788015e-01,-2.030901712371240009e-02,-8.401389803667852485e-02,-3.271524934852403366e-01,-5.191945123345532709e-01,1.407679351095596942e+00,-5.752567881263277033e-02,-3.801429606348526863e-02,-1.147078669352808861e-01,-1.711160802546210780e-01,-7.340709118518067011e-02,-7.197411700355742237e-02,-1.244624194945742751e-01,-7.051263942166730025e-02,-2.872721242393142319e-02,-2.030901712371240009e-02,-2.019004323808653023e-01,-1.435916317235476011e-02,-1.435916317235476011e-02,-5.183686688943279358e-02,-3.801429606348527557e-02,-3.801429606348527557e-02,-1.558271304830920190e-01,-4.064318733121485144e-02,-8.148853797899899276e-02,-1.210011918676099085e-01,-5.569323991926412171e-02,-7.051263942166730025e-02,-4.979810447122927364e-02,-3.212131358814808435e-02,-2.030901712371240009e-02,-3.801429606348527557e-02,-6.749673070628271765e-02,-3.519076715388935045e-02,-1.435916317235476185e-02,-3.524455202264515918e-01,-3.753330286669139260e-01,-2.907009498669055336e-01,-4.311306135592269523e-02,-3.519076715388935045e-02,-3.801429606348527557e-02,-1.435916317235476011e-02,-1.286658602907498339e-01,-4.767312946227962589e-02,5.913962991410492975e-01,-2.487592975524973576e-02,-4.967123990818995694e-01,-1.786283982422259831e-01,-4.979810447122926670e-02,-1.712050908829709783e+00,-2.030901712371240009e-02,2.043810449286999731e+00,-1.767766952966368654e-01
5.344379455176340166e-01,-5.537123258831522232e-01,4.511560658017802483e-01,-1.284019034700219164e+00,-1.063398143744291202e+00,-1.012748552678568670e+00,-4.966680157416004104e-01,6.573034482162921632e-01,-6.493539992246850634e-01,-3.636176791775609651e-02,-1.564890401978204837e+00,-2.277005449494729383e+00,1.471687929216401569e+00,1.671305732965343349e+00,7.363472870101713808e-01,-1.083766874453531370e+00,-1.317896501095057737e-01,7.668639129487173633e-01,1.142728283655361832e+00,7.486479493322998335e-01,-1.617011407362130893e+00,-2.321076902335763581e+00,-5.094183896618557222e-02,4.703346679711091771e-01,-9.245448483001975637e-01,2.261248592970551696e-01,8.750744390088503744e-02,1.283845986895869817e+00,3.707987152138226411e-02,7.938901959723629886e-01,-1.607196433309727501e+00,0.000000000000000000e+00,0.000000000000000000e+00,-2.945475981862985648e+00,-2.531417799055861728e+00,-1.665244780484708809e+00,-2.862535163872988453e-01,-4.997071900265920852e-01,-1.153193126927014367e+00,-1.426512150649113186e+00,-3.774647335768301359e-01,-4.668062001933125371e-01,-1.441939019155339841e+00,-1.186301566740631808e+00,-3.669621702617922865e-01,-4.602362970513234064e-01,-5.183686688943279358e-02,-5.183686688943279358e-02,-7.051398600435393460e-01,-1.040941436780788015e-01,-2.030901712371240009e-02,-8.401389803667852485e-02,-3.271524934852403366e-01,1.926060419058570616e+00,-7.103890521813077674e-01,-5.752567881263277033e-02,-3.801429606348526863e-02,-1.147078669352808861e-01,-1.711160802546210780e-01,-7.340709118518067011e-02,-7.197411700355742237e-02,-1.244624194945742751e-01,-7.051263942166730025e-02,-2.872721242393142319e-02,-2.030901712371240009e-02,-2.019004323808653023e-01,-1.435916317235476011e-02,-1.435916317235476011e-02,-5.183686688943279358e-02,-3.801429606348527557e-02,-3.801429606348527557e-02,-1.558271304830920190e-01,-4.064318733121485144e-02,-8.148853797899899276e-02,-1.210011918676099085e-01,-5.569323991926412171e-02,-7.051263942166730025e-02,-4.979810447122927364e-02,-3.212131358814808435e-02,-2.030901712371240009e-02,-3.801429606348527557e-02,-6.749673070628271765e-02,-3.519076715388935045e-02,-1.435916317235476185e-02,-3.524455202264515918e-01,-3.753330286669139260e-01,3.439961240091715222e+00,-4.311306135592269523e-02,-3.519076715388935045e-02,-3.801429606348527557e-02,-1.435916317235476011e-02,-1.286658602907498339e-01,-4.767312946227962589e-02,5.913962991410492975e-01,-2.487592975524973576e-02,-4.967123990818995694e-01,-1.786283982422259831e-01,-4.979810447122926670e-02,-1.712050908829709783e+00,-2.030901712371240009e-02,-4.892821642774447533e-01,-1.767766952966368654e-01
6.416629639244281202e-02,-5.537123258831522232e-01,-5.507016019503075954e-01,7.082331122151057645e-01,8.380982289220775261e-01,1.246574060537936290e+00,-4.966680157416004104e-01,-4.963069089824175273e-01,-6.493539992246850634e-01,-6.302706439077716549e-01,8.414777418280475763e-01,-1.045382762813161337e+00,-1.608144041543616842e-01,1.778136066607315935e-01,-5.411994545085482278e-01,7.249743818475629098e-01,-3.574555846951790183e-01,1.514097727115155889e+00,-4.954148348055941176e-01,-2.540969121879561032e-01,-1.052143564629467676e+00,-1.819266046147774096e+00,2.370489823712175481e-01,-1.955083856191756064e-01,-2.739434719924614403e-01,-1.106413368653558910e-01,-4.720741674399969168e-01,-8.468517624932668797e-01,-6.843116081135622863e-01,-2.828396964044327944e-01,-1.043887434287774418e+00,0.000000000000000000e+00,0.000000000000000000e+00,-1.012455068416011628e+00,-1.352414607349271769e+00,-1.366917635565168210e+00,-5.769314881324093536e-01,-1.364172715262624624e+00,-7.298116194175201521e-01,-7.200041419233935702e-01,-3.774647335768301359e-01,-4.668062001933125371e-01,-7.170630306218840344e-01,-1.186301566740631808e+00,-3.669621702617922865e-01,-4.602362970513234064e-01,-5.183686688943279358e-02,-5.183686688943279358e-02,-7.051398600435393460e-01,-1.040941436780788015e-01,-2.030901712371240009e-02,-8.401389803667852485e-02,3.056678521220304923e+00,-5.191945123345532709e-01,-7.103890521813077674e-01,-5.752567881263277033e-02,-3.801429606348526863e-02,-1.147078669352808861e-01,-1.711160802546210780e-01,-7.340709118518067011e-02,-7.197411700355742237e-02,-1.244624194945742751e-01,-7.051263942166730025e-02,-2.872721242393142319e-02,-2.030901712371240009e-02,-2.019004323808653023e-01,-1.435916317235476011e-02,-1.435916317235476011e-02,-5.183686688943279358e-02,-3.801429606348527557e-02,-3.801429606348527557e-02,-1.558271304830920190e-01,-4.064318733121485144e-02,-8.148853797899899276e-02,-1.210011918676099085e-01,-5.569323991926412171e-02,-7.051263942166730025e-02,-4.979810447122927364e-02,-3.212131358814808435e-02,-2.030901712371240009e-02,-3.801429606348527557e-02,-6.749673070628271765e-02,-3.519076715388935045e-02,-1.435916317235476185e-02,-3.524455202264515918e-01,-3.753330286669139260e-01,-2.907009498669055336e-01,-4.311306135592269523e-02,-3.519076715388935045e-02,-3.801429606348527557e-02,-1.435916317235476011e-02,-1.286658602907498339e-01,-4.767312946227962589e-02,5.913962991410492975e-01,-2.487592975524973576e-02,-4.967123990818995694e-01,-1.786283982422259831e-01,-4.979810447122926670e-02,5.840947806181536750e-01,-2.030901712371240009e-02,-4.892821642774447533e-01,-1.767766952966368654e-01
1.468732343321528244e-01,2.800865631300469172e+00,-5.507016019503075954e-01,7.082331122151057645e-01,-3.099750526878054524e-01,-4.748145971508294649e-01,1.677823450289539942e+00,-4.963069089824175273e-01,5.168867450326074531e-01,-6.302706439077716549e-01,4.735868727248358501e-01,9.252135358773474483e-01,-6.752855653317514639e-02,-6.823127488026576870e-01,2.800805936106286476e-01,2.316813119472644900e-01,4.323751863546776431e-01,1.963009878227889651e-02,9.477112457433433113e-01,3.726186262622038226e-01,1.969899393990280689e+00,-6.292804948981121915e-02,-8.467059505563786503e-01,-7.595166192485937051e-01,-1.810004182342134504e-01,5.774176121584963933e-02,-1.363252006354677692e-01,-1.773242088314630704e+00,-1.202811734101178587e+00,8.800285873625066646e-01,2.054312060332967427e+00,0.000000000000000000e+00,0.000000000000000000e+00,1.307170027720357286e+00,1.005591776063908815e+00,1.318026668710696736e+00,-7.857744453096396908e-01,1.244589167308246092e+00,-9.473935815327891308e-02,9.285145451032854602e-01,-3.774647335768301359e-01,-4.668062001933125371e-01,-7.170630306218840344e-01,4.569733905006030938e-01,-3.669621702617922865e-01,-4.602362970513234064e-01,-5.183686688943279358e-02,-5.183686688943279358e-02,1.418158377741196352e+00,-1.040941436780788015e-01,-2.030901712371240009e-02,-8.401389803667852485e-02,-3.271524934852403366e-01,-5.191945123345532709e-01,-7.103890521813077674e-01,-5.752567881263277033e-02,-3.801429606348526863e-02,-1.147078669352808861e-01,-1.711160802546210780e-01,-7.340709118518067011e-02,-7.197411700355742237e-02,-1.244624194945742751e-01,-7.051263942166730025e-02,-2.872721242393142319e-02,-2.030901712371240009e-02,-2.019004323808653023e-01,-1.435916317235476011e-02,-1.435916317235476011e-02,-5.183686688943279358e-02,-3.801429606348527557e-02,-3.801429606348527557e-02,-1.558271304830920190e-01,-4.064318733121485144e-02,-8.148853797899899276e-02,-1.210011918676099085e-01,-5.569323991926412171e-02,-7.051263942166730025e-02,-4.979810447122927364e-02,-3.212131358814808435e-02,-2.030901712371240009e-02,-3.801429606348527557e-02,-6.749673070628271765e-02,-3.519076715388935045e-02,-1.435916317235476185e-02,2.837317947345407543e+00,-3.753330286669139260e-01,-2.907009498669055336e-01,-4.311306135592269523e-02,-3.519076715388935045e-02,-3.801429606348527557e-02,-1.435916317235476011e-02,-1.286658602907498339e-01,-4.767312946227962589e-02,5.913962991410492975e-01,-2.487592975524973576e-02,-4.967123990818995694e-01,-1.786283982422259831e-01,-4.979810447122926670e-02,5.840947806181536750e-01,-2.030901712371240009e-02,-4.892821642774447533e-01,-1.767766952966368654e-01
2.914449618507659601e-01,-7.448690342834912714e-02,4.511560658017802483e-01,-1.284019034700219164e+00,-9.557662735933646347e-01,-8.334372341693222497e-01,-4.966680157416004104e-01,1.810913805415002020e+00,-6.623362709603883292e-02,-6.302706439077716549e-01,-2.260088783566809312e-01,-7.990582254768477943e-01,-1.148089624811918341e+00,-1.448607138215495471e+00,-6.324527931884567078e-01,9.716209167977121197e-01,2.012036728454390744e+00,2.868459015291825676e+00,-2.847964338606140400e-01,-1.340403845501566771e+00,-4.872757218968044035e-01,-5.647389056778006067e-01,-2.707243078815722570e-01,7.053380986500334959e-01,-9.245448483001975637e-01,8.996572516218772630e-01,-4.720741674399969168e-01,-2.910175670004486737e-01,-5.490507056820100873e-01,3.631982390216446643e-01,-7.622329347767978769e-01,0.000000000000000000e+00,0.000000000000000000e+00,-2.392467030372219805e-01,-1.734114156426813935e-01,-1.366917635565168210e+00,9.542499155729444738e-02,1.536523800513366067e-01,-1.259038503804387865e+00,-9.555068114986333683e-01,-3.774647335768301359e-01,-4.668062001933125371e-01,5.255815211497544270e-01,9.264805211409559149e-01,-3.669621702617922865e-01,1.739375798511208382e+00,-5.183686688943279358e-02,-5.183686688943279358e-02,-7.051398600435393460e-01,-1.040941436780788015e-01,-2.030901712371240009e-02,-8.401389803667852485e-02,-3.271524934852403366e-01,1.926060419058570616e+00,-7.103890521813077674e-01,-5.752567881263277033e-02,-3.801429606348526863e-02,-1.147078669352808861e-01,-1.711160802546210780e-01,-7.340709118518067011e-02,-7.197411700355742237e-02,-1.244624194945742751e-01,-7.051263942166730025e-02,-2.872721242393142319e-02,-2.030901712371240009e-02,-2.019004323808653023e-01,-1.435916317235476011e-02,-1.435916317235476011e-02,-5.183686688943279358e-02,-3.801429606348527557e-02,-3.801429606348527557e-02,-1.558271304830920190e-01,-4.064318733121485144e-02,-8.148853797899899276e-02,-1.210011918676099085e-01,-5.569323991926412171e-02,-7.051263942166730025e-02,-4.979810447122927364e-02,-3.212131358814808435e-02,-2.030901712371240009e-02,-3.801429606348527557e-02,-6.749673070628271765e-02,-3.519076715388935045e-02,-1.435916317235476185e-02,-3.524455202264515918e-01,-3.753330286669139260e-01,3.439961240091715222e+00,-4.311306135592269523e-02,-3.519076715388935045e-02,-3.801429606348527557e-02,-1.435916317235476011e-02,-1.286658602907498339e-01,-4.767312946227962589e-02,5.913962991410492975e-01,-2.487592975524973576e-02,-4.967123990818995694e-01,-1.786283982422259831e-01,-4.979810447122926670e-02,5.840947806181536750e-01,-2.030901712371240009e-02,-4.892821642774447533e-01,-1.767766952966368654e-01
6.384832734457891457e-01,-7.448690342834912714e-02,-5.507016019503075954e-01,-2.878929612425566442e-01,1.627398610028872206e+00,1.067262742028689759e+00,1.677823450289539942e+00,-4.963069089824175273e-01,-6.623362709603883292e-02,-6.302706439077716549e-01,3.107499306627589108e-01,9.252135358773474483e-01,5.155079910992402814e-01,1.288158538258924457e+00,1.888272549307201120e-01,-1.496522300288474598e-02,7.708740882331873712e-01,-4.006889216863427361e-01,-3.237998414430177663e-01,-5.047831275680201291e-01,-6.362483984730694930e-02,4.388828066981781961e-01,1.063127917260084487e+00,1.802020775151679022e+00,5.625440118317706073e-01,5.774176121584963933e-02,-8.078231342445260088e-01,1.098567921731596897e+00,-6.392246406363781830e-01,5.785442174970039098e-01,-4.805784352658213909e-01,0.000000000000000000e+00,0.000000000000000000e+00,1.473574796521728292e-01,4.160901802106137248e-01,-4.719362008065465242e-01,2.610590610426840041e-01,-5.230891787308123986e-01,2.227967724788416926e-01,9.285145451032854602e-01,-3.774647335768301359e-01,-4.668062001933125371e-01,3.184740958544813871e-01,-7.167944361002790421e-01,-3.669621702617922865e-01,-4.602362970513234064e-01,-5.183686688943279358e-02,-5.183686688943279358e-02,-7.051398600435393460e-01,-1.040941436780788015e-01,-2.030901712371240009e-02,-8.401389803667852485e-02,-3.271524934852403366e-01,1.926060419058570616e+00,-7.103890521813077674e-01,-5.752567881263277033e-02,-3.801429606348526863e-02,-1.147078669352808861e-01,-1.711160802546210780e-01,-7.340709118518067011e-02,-7.197411700355742237e-02,-1.244624194945742751e-01,-7.051263942166730025e-02,-2.872721242393142319e-02,-2.030901712371240009e-02,-2.019004323808653023e-01,-1.435916317235476011e-02,-1.435916317235476011e-02,-5.183686688943279358e-02,-3.801429606348527557e-02,-3.801429606348527557e-02,-1.558271304830920190e-01,-4.064318733121485144e-02,-8.148853797899899276e-02,-1.210011918676099085e-01,-5.569323991926412171e-02,-7.051263942166730025e-02,-4.979810447122927364e-02,-3.212131358814808435e-02,-2.030901712371240009e-02,-3.801429606348527557e-02,-6.749673070628271765e-02,-3.519076715388935045e-02,-1.435916317235476185e-02,-3.524455202264515918e-01,-3.753330286669139260e-01,3.439961240091715222e+00,-4.311306135592269523e-02,-3.519076715388935045e-02,-3.801429606348527557e-02,-1.435916317235476011e-02,-1.286658602907498339e-01,-4.767312946227962589e-02,-1.690913523558418063e+00,-2.487592975524973576e-02,2.013237442528823973e+00,-1.786283982422259831e-01,-4.979810447122926670e-02,-1.712050908829709783e+00,-2.030901712371240009e-02,2.043810449286999731e+00,-1.767766952966368654e-01
6.027538762558344310e-01,3.280091053755272323e+00,4.511560658017802483e-01,7.082331122151057645e-01,-5.611160830399674060e-01,-4.446743272863804691e-02,-4.966680157416004104e-01,-4.963069089824175273e-01,2.266247861418546172e+00,-6.302706439077716549e-01,8.414777418280475763e-01,1.862399238684066816e-01,-7.360771311516780546e-01,-3.148042151046642756e-01,6.320577570903027943e-03,3.961123352473639447e-01,7.708740882331873712e-01,1.373991386958948624e+00,6.044812590181906087e-01,7.486479493322998335e-01,-1.052143564629467676e+00,1.879773786041834815e-01,-2.025159554595558076e-01,6.818377555821408809e-01,6.554870655900186804e-01,8.154657025812744875e-01,8.750744390088503744e-02,1.700721633515483555e+00,-7.820000376474609549e-01,1.047830648512136920e-01,-7.622329347767978769e-01,0.000000000000000000e+00,0.000000000000000000e+00,-1.012455068416011628e+00,-4.681622135693289666e-01,-1.736090558870059808e-01,-1.031934169129823387e+00,-1.241250260360437618e+00,-3.064301119080259928e-01,2.220065363775658440e-01,-3.774647335768301359e-01,1.696017942249628430e+00,-4.064018926789744190e-01,1.161234086461132353e+00,-3.669621702617922865e-01,1.739375798511208382e+00,-5.183686688943279358e-02,-5.183686688943279358e-02,-7.051398600435393460e-01,-1.040941436780788015e-01,-2.030901712371240009e-02,1.190279255419648408e+01,-3.271524934852403366e-01,-5.191945123345532709e-01,-7.103890521813077674e-01,-5.752567881263277033e-02,-3.801429606348526863e-02,-1.147078669352808861e-01,-1.711160802546210780e-01,-7.340709118518067011e-02,-7.197411700355742237e-02,-1.244624194945742751e-01,-7.051263942166730025e-02,-2.872721242393142319e-02,-2.030901712371240009e-02,-2.019004323808653023e-01,-1.435916317235476011e-02,-1.435916317235476011e-02,-5.183686688943279358e-02,-3.801429606348527557e-02,-3.801429606348527557e-02,-1.558271304830920190e-01,-4.064318733121485144e-02,-8.148853797899899276e-02,-1.210011918676099085e-01,-5.569323991926412171e-02,-7.051263942166730025e-02,-4.979810447122927364e-02,-3.212131358814808435e-02,-2.030901712371240009e-02,-3.801429606348527557e-02,-6.749673070628271765e-02,-3.519076715388935045e-02,-1.435916317235476185e-02,-3.524455202264515918e-01,-3.753330286669139260e-01,-2.907009498669055336e-01,-4.311306135592269523e-02,-3.519076715388935045e-02,-3.801429606348527557e-02,-1.435916317235476011e-02,-1.286658602907498339e-01,-4.767312946227962589e-02,5.913962991410492975e-01,-2.487592975524973576e-02,-4.967123990818995694e-01,-1.786283982422259831e-01,-4.979810447122926670e-02,-1.712050908829709783e+00,-2.030901712371240009e-02,2.043810449286999731e+00,-1.767766952966368654e-01
-1.459130086581136299e+00,-5.537123258831522232e-01,-5.507016019503075954e-01,-1.284019034700219164e+00,-6.328706631405850436e-01,-2.596410149397337386e-01,5.905777172739697933e-01,-4.963069089824175273e-01,-6.493539992246850634e-01,-6.302706439077716549e-01,5.158038577038931427e-01,-3.064091508042205425e-01,5.232818117343392972e-01,-7.683253843489967760e-01,-2.674394384688225657e-01,6.427588701975132102e-01,7.708740882331873712e-01,-1.801752323248414722e+00,-1.236479578871264806e+00,-1.298622809604889516e+00,-4.872757218968044035e-01,-6.292804948981121915e-02,-6.609925061552258951e-02,1.621851478297837490e+00,-3.668865257507094579e-01,5.628910554594662718e-01,-8.078231342445260088e-01,-1.773242088314630704e+00,-1.202811734101178587e+00,-2.436299481158024527e+00,-4.805784352658213909e-01,0.000000000000000000e+00,0.000000000000000000e+00,-2.392467030372219805e-01,-1.734114156426813935e-01,1.247180890325345903e-01,-1.847780983231274154e-01,-1.873232012194507634e+00,3.286421493562152185e-01,1.164017214678525258e+00,-3.774647335768301359e-01,-4.668062001933125371e-01,-9.241704559171570743e-01,-7.167944361002790421e-01,-3.669621702617922865e-01,-4.602362970513234064e-01,-5.183686688943279358e-02,-5.183686688943279358e-02,-7.051398600435393460e-01,-1.040941436780788015e-01,-2.030901712371240009e-02,-8.401389803667852485e-02,-3.271524934852403366e-01,1.926060419058570616e+00,-7.103890521813077674e-01,1.738354106619246764e+01,-3.801429606348526863e-02,-1.147078669352808861e-01,-1.711160802546210780e-01,-7.340709118518067011e-02,-7.197411700355742237e-02,-1.244624194945742751e-01,-7.051263942166730025e-02,-2.872721242393142319e-02,-2.030901712371240009e-02,-2.019004323808653023e-01,-1.435916317235476011e-02,-1.435916317235476011e-02,-5.183686688943279358e-02,-3.801429606348527557e-02,-3.801429606348527557e-02,-1.558271304830920190e-01,-4.064318733121485144e-02,-8.148853797899899276e-02,-1.210011918676099085e-01,-5.569323991926412171e-02,-7.051263942166730025e-02,-4.979810447122927364e-02,-3.212131358814808435e-02,-2.030901712371240009e-02,-3.801429606348527557e-02,-6.749673070628271765e-02,-3.519076715388935045e-02,-1.435916317235476185e-02,-3.524455202264515918e-01,-3.753330286669139260e-01,-2.907009498669055336e-01,-4.311306135592269523e-02,-3.519076715388935045e-02,-3.801429606348527557e-02,-1.435916317235476011e-02,-1.286658602907498339e-01,-4.767312946227962589e-02,5.913962991410492975e-01,-2.487592975524973576e-02,-4.967123990818995694e-01,-1.786283982422259831e-01,-4.979810447122926670e-02,5.840947806181536750e-01,-2.030901712371240009e-02,-4.892821642774447533e-01,-1.767766952966368654e-01
-3.451152005310058682e-04,-5.537123258831522232e-01,-5.507016019503075954e-01,7.082331122151057645e-01,1.304502999576092614e+00,-8.032969643048733233e-02,-4.966680157416004104e-01,-4.963069089824175273e-01,-6.493539992246850634e-01,5.575471080722594897e-01,-3.285358418772480471e-01,4.325644612047202520e-01,7.176273276118111388e-01,4.749481658208113966e-01,2.800805936106286476e-01,4.783278468974136999e-01,-8.087874538665257296e-01,1.280587160188143780e+00,-6.436277836187281887e-01,4.979617339522358077e-01,-6.362483984730694930e-02,-3.138334775838059199e-01,-1.494650146868760632e-01,-3.913445778516123630e-01,-2.739434719924614403e-01,4.786995064188634408e-01,-3.601578451718204787e-01,4.037751773655741672e-01,3.301451601230785959e-01,1.267651348618153095e+00,-5.809668599935657873e-02,0.000000000000000000e+00,0.000000000000000000e+00,1.473574796521728292e-01,1.213393822839661657e-01,-4.719362008065465242e-01,5.700680760509996281e-01,-1.536537572041308808e-01,1.069559787497829983e+00,1.399519884253765056e+00,-3.774647335768301359e-01,1.696017942249628430e+00,1.354011222330846920e+00,1.865494782421661668e+00,-3.669621702617922865e-01,-4.602362970513234064e-01,-5.183686688943279358e-02,-5.183686688943279358e-02,1.418158377741196352e+00,-1.040941436780788015e-01,-2.030901712371240009e-02,-8.401389803667852485e-02,-3.271524934852403366e-01,-5.191945123345532709e-01,-7.103890521813077674e-01,-5.752567881263277033e-02,-3.801429606348526863e-02,-1.147078669352808861e-01,-1.711160802546210780e-01,-7.340709118518067011e-02,-7.197411700355742237e-02,-1.244624194945742751e-01,-7.051263942166730025e-02,-2.872721242393142319e-02,-2.030901712371240009e-02,-2.019004323808653023e-01,-1.435916317235476011e-02,-1.435916317235476011e-02,-5.183686688943279358e-02,-3.801429606348527557e-02,-3.801429606348527557e-02,-1.558271304830920190e-01,-4.064318733121485144e-02,-8.148853797899899276e-02,8.264381404557756383e+00,-5.569323991926412171e-02,-7.051263942166730025e-02,-4.979810447122927364e-02,-3.212131358814808435e-02,-2.030901712371240009e-02,-3.801429606348527557e-02,-6.749673070628271765e-02,-3.519076715388935045e-02,-1.435916317235476185e-02,-3.524455202264515918e-01,-3.753330286669139260e-01,-2.907009498669055336e-01,-4.311306135592269523e-02,-3.519076715388935045e-02,-3.801429606348527557e-02,-1.435916317235476011e-02,-1.286658602907498339e-01,-4.767312946227962589e-02,-1.690913523558418063e+00,-2.487592975524973576e-02,2.013237442528823973e+00,-1.786283982422259831e-01,-4.979810447122926670e-02,5.840947806181536750e-01,-2.030901712371240009e-02,-4.892821642774447533e-01,-1.767766952966368654e-01
-4.329024006252144008e-01,-5.537123258831522232e-01,-4.977276807426366662e-02,7.082331122151057645e-01,2.416698991135666663e+00,1.031400478326840453e+00,-4.966680157416004104e-01,-4.963069089824175273e-01,-6.493539992246850634e-01,5.575471080722594897e-01,8.414777418280475763e-01,-5.527336881405341407e-01,1.020964981781364266e-02,1.264700546746287069e+00,1.888272549307201120e-01,2.316813119472644900e-01,-6.959544865736890795e-01,-6.341994886133547338e-01,-9.010502736625928266e-01,8.015137498546251460e-02,-6.362483984730694930e-02,9.406936628861676253e-01,5.629333328319633400e-01,-1.093404610369035218e-01,7.484301193482666426e-01,-3.632159839871641482e-01,3.113400884372377608e-01,3.111361447834378180e-01,-3.010723845574979629e-01,6.216134131920756367e-01,-5.809668599935657873e-02,0.000000000000000000e+00,0.000000000000000000e+00,1.473574796521728292e-01,-1.734114156426813935e-01,1.019699523791156359e+00,5.936365602465492053e-01,-9.553219413488286405e-01,1.175405164375203482e+00,1.635022553829005076e+00,-3.774647335768301359e-01,-4.668062001933125371e-01,-1.338385306507703376e+00,-9.515480014204554804e-01,-3.669621702617922865e-01,-4.602362970513234064e-01,-5.183686688943279358e-02,-5.183686688943279358e-02,-7.051398600435393460e-01,-1.040941436780788015e-01,-2.030901712371240009e-02,-8.401389803667852485e-02,3.056678521220304923e+00,-5.191945123345532709e-01,-7.103890521813077674e-01,-5.752567881263277033e-02,-3.801429606348526863e-02,-1.147078669352808861e-01,-1.711160802546210780e-01,-7.340709118518067011e-02,-7.197411700355742237e-02,-1.244624194945742751e-01,-7.051263942166730025e-02,-2.872721242393142319e-02,-2.030901712371240009e-02,-2.019004323808653023e-01,-1.435916317235476011e-02,-1.435916317235476011e-02,-5.183686688943279358e-02,-3.801429606348527557e-02,-3.801429606348527557e-02,-1.558271304830920190e-01,-4.064318733121485144e-02,-8.148853797899899276e-02,-1.210011918676099085e-01,-5.569323991926412171e-02,-7.051263942166730025e-02,-4.979810447122927364e-02,-3.212131358814808435e-02,-2.030901712371240009e-02,-3.801429606348527557e-02,-6.749673070628271765e-02,-3.519076715388935045e-02,-1.435916317235476185e-02,-3.524455202264515918e-01,-3.753330286669139260e-01,-2.907009498669055336e-01,-4.311306135592269523e-02,-3.519076715388935045e-02,-3.801429606348527557e-02,-1.435916317235476011e-02,-1.286658602907498339e-01,-4.767312946227962589e-02,5.913962991410492975e-01,-2.487592975524973576e-02,-4.967123990818995694e-01,-1.786283982422259831e-01,-4.979810447122926670e-02,5.840947806181536750e-01,-2.030901712371240009e-02,-4.892821642774447533e-01,-1.767766952966368654e-01
-5.606019128041266342e-01,1.363189363936059939e+00,-4.977276807426366662e-02,7.082331122151057645e-01,-2.023431825368789405e-01,1.707061494824576586e-01,5.905777172739697933e-01,-4.963069089824175273e-01,1.683127489289899970e+00,-6.302706439077716549e-01,8.414777418280475763e-01,-6.008461346790693741e-02,-7.360771311516780546e-01,-4.711908251889166399e-01,5.538406096503543097e-01,7.249743818475629098e-01,-3.574555846951790183e-01,-7.377412798852590881e-02,1.364403680293461429e-01,3.308375903655265127e-01,-4.872757218968044035e-01,-5.647389056778006067e-01,-4.222984243749421385e-01,2.353312372921851636e-01,2.837148505570266099e-01,4.786995064188634408e-01,-2.482415229036441240e-01,3.111361447834378180e-01,-3.236158682960900146e-01,2.770598476315010439e-01,-4.805784352658213909e-01,0.000000000000000000e+00,0.000000000000000000e+00,-2.392467030372219805e-01,-4.681622135693289666e-01,-4.719362008065465242e-01,-2.286416661315112120e-01,1.529849429499734459e+00,1.169513956014681527e-01,-7.200041419233935702e-01,9.257960654133498002e-01,1.696017942249628430e+00,5.255815211497544270e-01,-2.472873054599261933e-01,-3.669621702617922865e-01,-4.602362970513234064e-01,-5.183686688943279358e-02,-5.183686688943279358e-02,-7.051398600435393460e-01,-1.040941436780788015e-01,-2.030901712371240009e-02,-8.401389803667852485e-02,-3.271524934852403366e-01,-5.191945123345532709e-01,1.407679351095596942e+00,-5.752567881263277033e-02,-3.801429606348526863e-02,-1.147078669352808861e-01,-1.711160802546210780e-01,-7.340709118518067011e-02,-7.197411700355742237e-02,-1.244624194945742751e-01,-7.051263942166730025e-02,-2.872721242393142319e-02,-2.030901712371240009e-02,-2.019004323808653023e-01,-1.435916317235476011e-02,-1.435916317235476011e-02,-5.183686688943279358e-02,-3.801429606348527557e-02,-3.801429606348527557e-02,-1.558271304830920190e-01,-4.064318733121485144e-02,-8.148853797899899276e-02,-1.210011918676099085e-01,-5.569323991926412171e-02,-7.051263942166730025e-02,-4.979810447122927364e-02,-3.212131358814808435e-02,-2.030901712371240009e-02,-3.801429606348527557e-02,-6.749673070628271765e-02,-3.519076715388935045e-02,-1.435916317235476185e-02,-3.524455202264515918e-01,-3.753330286669139260e-01,-2.907009498669055336e-01,-4.311306135592269523e-02,-3.519076715388935045e-02,-3.801429606348527557e-02,-1.435916317235476011e-02,-1.286658602907498339e-01,-4.767312946227962589e-02,5.913962991410492975e-01,-2.487592975524973576e-02,-4.967123990818995694e-01,-1.786283982422259831e-01,-4.979810447122926670e-02,-1.712050908829709783e+00,-2.030901712371240009e-02,2.043810449286999731e+00,-1.767766952966368654e-01
1.008183286036292925e+00,-5.537123258831522232e-01,-5.507016019503075954e-01,-1.284019034700219164e+00,-1.027520853693982383e+00,-1.048610816380417976e+00,-4.966680157416004104e-01,4.118134519812421956e+00,-6.493539992246850634e-01,-6.302706439077716549e-01,5.097728598497421881e-01,-6.008461346790693741e-02,-1.054803777190731928e+00,-2.144527553090419314e+00,-2.092506212066993498e+00,-5.904738045532329505e-01,1.786370793868717222e+00,2.868459015291825676e+00,-6.436277836187281887e-01,1.219324108821398522e-01,-4.872757218968044035e-01,1.879773786041834815e-01,-8.542846563810471139e-01,-1.911033429575322184e+00,-1.482203170849685669e+00,-2.790244349465614282e-01,7.473984713600525964e+00,-1.032129827657539689e+00,-8.045435213860530066e-01,-1.015016023220653985e+00,-4.805784352658213909e-01,0.000000000000000000e+00,0.000000000000000000e+00,-2.392467030372219805e-01,4.160901802106137248e-01,4.230452339520751615e-01,-1.105258342182644071e+00,-1.851186137130528486e+00,-9.415023731722672595e-01,-9.555068114986333683e-01,-3.774647335768301359e-01,-4.668062001933125371e-01,-5.099556053266109945e-01,-1.186301566740631808e+00,-3.669621702617922865e-01,-4.602362970513234064e-01,-5.183686688943279358e-02,-5.183686688943279358e-02,-7.051398600435393460e-01,-1.040941436780788015e-01,-2.030901712371240009e-02,-8.401389803667852485e-02,-3.271524934852403366e-01,1.926060419058570616e+00,-7.103890521813077674e-01,-5.752567881263277033e-02,-3.801429606348526863e-02,-1.147078669352808861e-01,-1.711160802546210780e-01,-7.340709118518067011e-02,-7.197411700355742237e-02,-1.244624194945742751e-01,-7.051263942166730025e-02,-2.872721242393142319e-02,-2.030901712371240009e-02,-2.019004323808653023e-01,-1.435916317235476011e-02,-1.435916317235476011e-02,-5.183686688943279358e-02,-3.801429606348527557e-02,-3.801429606348527557e-02,-1.558271304830920190e-01,-4.064318733121485144e-02,-8.148853797899899276e-02,-1.210011918676099085e-01,-5.569323991926412171e-02,-7.051263942166730025e-02,-4.979810447122927364e-02,-3.212131358814808435e-02,-2.030901712371240009e-02,-3.801429606348527557e-02,-6.749673070628271765e-02,-3.519076715388935045e-02,-1.435916317235476185e-02,-3.524455202264515918e-01,-3.753330286669139260e-01,-2.907009498669055336e-01,-4.311306135592269523e-02,-3.519076715388935045e-02,-3.801429606348527557e-02,-1.435916317235476011e-02,7.772069434271623223e+00,-4.767312946227962589e-02,5.913962991410492975e-01,-2.487592975524973576e-02,-4.967123990818995694e-01,-1.786283982422259831e-01,-4.979810447122926670e-02,5.840947806181536750e-01,-2.030901712371240009e-02,-4.892821642774447533e-01,-1.767766952966368654e-01
-1.145174550161996985e+00,-5.537123258831522232e-01,1.953942567429912014e+00,7.082331122151057645e-01,-5.969933730902762248e-01,1.103125005730539065e+00,-4.966680157416004104e-01,-4.963069089824175273e-01,-6.493539992246850634e-01,1.745364860052290412e+00,-6.317193629460370052e-02,-1.291707300149474991e+00,1.345907799793956972e-01,4.488498808911660365e-02,-3.586927771487311012e-01,2.316813119472644900e-01,-8.087874538665257296e-01,-1.521539642936000414e+00,-1.064864585508688455e+00,-2.958779480846334686e-01,-1.052143564629467676e+00,-3.138334775838059199e-01,-1.195326418491129861e+00,9.481749770182548165e-01,7.484301193482666426e-01,1.236423447784288365e+00,1.994237661690613783e-01,-2.910175670004486737e-01,3.752321276002626438e-01,-2.397705007093609841e-01,-1.043887434287774418e+00,0.000000000000000000e+00,0.000000000000000000e+00,-1.012455068416011628e+00,-1.352414607349271769e+00,-1.068590490645627611e+00,4.803769000846029869e-01,-1.177784862448982173e+00,-1.047347750049640647e+00,-7.200041419233935702e-01,-3.774647335768301359e-01,-4.668062001933125371e-01,-9.574075473606477593e-02,-9.515480014204554804e-01,-3.669621702617922865e-01,-4.602362970513234064e-01,-5.183686688943279358e-02,-5.183686688943279358e-02,1.418158377741196352e+00,-1.040941436780788015e-01,-2.030901712371240009e-02,-8.401389803667852485e-02,-3.271524934852403366e-01,-5.191945123345532709e-01,-7.103890521813077674e-01,-5.752567881263277033e-02,-3.801429606348526863e-02,-1.147078669352808861e-01,-1.711160802546210780e-01,-7.340709118518067011e-02,-7.197411700355742237e-02,-1.244624194945742751e-01,-7.051263942166730025e-02,-2.872721242393142319e-02,-2.030901712371240009e-02,-2.019004323808653023e-01,-1.435916317235476011e-02,-1.435916317235476011e-02,-5.183686688943279358e-02,-3.801429606348527557e-02,-3.801429606348527557e-02,-1.558271304830920190e-01,-4.064318733121485144e-02,-8.148853797899899276e-02,-1.210011918676099085e-01,-5.569323991926412171e-02,-7.051263942166730025e-02,-4.979810447122927364e-02,-3.212131358814808435e-02,-2.030901712371240009e-02,-3.801429606348527557e-02,-6.749673070628271765e-02,-3.519076715388935045e-02,-1.435916317235476185e-02,-3.524455202264515918e-01,2.664300564093018409e+00,-2.907009498669055336e-01,-4.311306135592269523e-02,-3.519076715388935045e-02,-3.801429606348527557e-02,-1.435916317235476011e-02,-1.286658602907498339e-01,-4.767312946227962589e-02,5.913962991410492975e-01,-2.487592975524973576e-02,-4.967123990818995694e-01,-1.786283982422259831e-01,-4.979810447122926670e-02,5.840947806181536750e-01,-2.030901712371240009e-02,-4.892821642774447533e-01,-1.767766952966368654e-01
-1.024587834645899864e+00,-5.537123258831522232e-01,-4.977276807426366662e-02,-1.284019034700219164e+00,-7.046252432412027922e-01,-8.692994978711715559e-01,-4.966680157416004104e-01,-4.963069089824175273e-01,-6.493539992246850634e-01,-3.636176791775609651e-02,3.710599092042687341e-01,4.325644612047202520e-01,-5.975473589807609592e-02,9.128306740567186939e-01,3.713339322905371831e-01,1.053836428447761930e+00,-3.574555846951790183e-01,9.069702531049245176e-01,1.130383234799038766e-01,8.322100211256544533e-01,-6.362483984730694930e-02,1.442504519074156999e+00,-6.723957165890028786e-01,-8.926852299666506729e-01,4.885689282282582209e-03,5.774176121584963933e-02,-2.482415229036441240e-01,9.596093728583924287e-01,1.028993156019431199e+00,1.439928131398440447e+00,3.643850632671082335e-01,0.000000000000000000e+00,0.000000000000000000e+00,1.473574796521728292e-01,1.213393822839661657e-01,7.213723788716157603e-01,2.073752914861545782e-01,1.503120959507336929e-01,1.598786671884697697e+00,1.399519884253765056e+00,-3.774647335768301359e-01,-4.668062001933125371e-01,-4.064018926789744190e-01,-1.253374013974976713e-02,-3.669621702617922865e-01,-4.602362970513234064e-01,-5.183686688943279358e-02,-5.183686688943279358e-02,1.418158377741196352e+00,-1.040941436780788015e-01,-2.030901712371240009e-02,-8.401389803667852485e-02,-3.271524934852403366e-01,-5.191945123345532709e-01,-7.103890521813077674e-01,-5.752567881263277033e-02,-3.801429606348526863e-02,-1.147078669352808861e-01,-1.711160802546210780e-01,-7.340709118518067011e-02,1.389388354636672673e+01,-1.244624194945742751e-01,-7.051263942166730025e-02,-2.872721242393142319e-02,-2.030901712371240009e-02,-2.019004323808653023e-01,-1.435916317235476011e-02,-1.435916317235476011e-02,-5.183686688943279358e-02,-3.801429606348527557e-02,-3.801429606348527557e-02,-1.558271304830920190e-01,-4.064318733121485144e-02,-8.148853797899899276e-02,-1.210011918676099085e-01,-5.569323991926412171e-02,-7.051263942166730025e-02,-4.979810447122927364e-02,-3.212131358814808435e-02,-2.030901712371240009e-02,-3.801429606348527557e-02,-6.749673070628271765e-02,-3.519076715388935045e-02,-1.435916317235476185e-02,-3.524455202264515918e-01,-3.753330286669139260e-01,-2.907009498669055336e-01,-4.311306135592269523e-02,-3.519076715388935045e-02,-3.801429606348527557e-02,-1.435916317235476011e-02,-1.286658602907498339e-01,-4.767312946227962589e-02,5.913962991410492975e-01,-2.487592975524973576e-02,-4.967123990818995694e-01,-1.786283982422259831e-01,-4.979810447122926670e-02,-1.712050908829709783e+00,-2.030901712371240009e-02,2.043810449286999731e+00,-1.767766952966368654e-01
-7.954153490984328112e-03,-5.537123258831522232e-01,-5.507016019503075954e-01,-1.284019034700219164e+00,-1.135152723844908840e+00,-7.617127067656237482e-01,-4.966680157416004104e-01,-4.963069089824175273e-01,-6.493539992246850634e-01,-6.302706439077716549e-01,-1.956905262498020326e+00,-5.527336881405341407e-01,-2.774217136808447282e-01,6.860700894345523881e-01,-9.062128092281823699e-01,8.894054051476624201e-01,-4.702885519880157239e-01,-3.072846949155379481e-01,-5.578202869374400130e-01,3.308375903655265127e-01,-7.697096432631360674e-01,-1.066549761865789980e+00,-8.921781855043895426e-01,-7.505641076036477857e-03,-1.810004182342134504e-01,9.838488006624800386e-01,-5.839904897081731328e-01,1.144887438022665238e+00,-2.259274387621911795e-01,1.909214562413573679e-01,-4.805784352658213909e-01,0.000000000000000000e+00,0.000000000000000000e+00,-2.392467030372219805e-01,-1.352414607349271769e+00,-4.719362008065465242e-01,-7.610119897698248981e-02,-1.102294441775356626e+00,5.403329031109622704e-01,9.285145451032854602e-01,-3.774647335768301359e-01,1.696017942249628430e+00,3.114424337340667925e+00,1.865494782421661668e+00,3.475052551910771559e+00,3.938987894073740392e+00,-5.183686688943279358e-02,-5.183686688943279358e-02,1.418158377741196352e+00,-1.040941436780788015e-01,-2.030901712371240009e-02,-8.401389803667852485e-02,-3.271524934852403366e-01,-5.191945123345532709e-01,-7.103890521813077674e-01,-5.752567881263277033e-02,-3.801429606348526863e-02,-1.147078669352808861e-01,-1.711160802546210780e-01,-7.340709118518067011e-02,-7.197411700355742237e-02,-1.244624194945742751e-01,-7.051263942166730025e-02,-2.872721242393142319e-02,-2.030901712371240009e-02,-2.019004323808653023e-01,-1.435916317235476011e-02,-1.435916317235476011e-02,-5.183686688943279358e-02,-3.801429606348527557e-02,-3.801429606348527557e-02,-1.558271304830920190e-01,-4.064318733121485144e-02,-8.148853797899899276e-02,-1.210011918676099085e-01,-5.569323991926412171e-02,-7.051263942166730025e-02,-4.979810447122927364e-02,-3.212131358814808435e-02,-2.030901712371240009e-02,-3.801429606348527557e-02,-6.749673070628271765e-02,-3.519076715388935045e-02,-1.435916317235476185e-02,-3.524455202264515918e-01,2.664300564093018409e+00,-2.907009498669055336e-01,-4.311306135592269523e-02,-3.519076715388935045e-02,-3.801429606348527557e-02,-1.435916317235476011e-02,-1.286658602907498339e-01,-4.767312946227962589e-02,5.913962991410492975e-01,-2.487592975524973576e-02,-4.967123990818995694e-01,-1.786283982422259831e-01,-4.979810447122926670e-02,5.840947806181536750e-01,-2.030901712371240009e-02,-4.892821642774447533e-01,-1.767766952966368654e-01
-1.474678990913801835e+00,8.839639414812570095e-01,-5.507016019503075954e-01,7.082331122151057645e-01,1.412134869727019071e+00,-6.182636519582266343e-01,-4.966680157416004104e-01,-4.963069089824175273e-01,5.168867450326074531e-01,-6.302706439077716549e-01,8.414777418280475763e-01,-1.784356374822102298e+00,-1.996835073298559027e-01,1.491461131368453374e+00,1.101360641729805412e+00,3.961123352473639447e-01,-8.087874538665257296e-01,-8.677100555403667315e-01,-4.564114272231903913e-01,-6.301262352580521142e-01,-1.052143564629467676e+00,-6.292804948981121915e-02,1.290489092000140170e+00,-1.597695522003423019e+00,-1.946918439640925591e+00,-1.541897670555602895e+00,-8.078231342445260088e-01,-1.773242088314630704e+00,-1.202811734101178587e+00,6.216134131920756367e-01,-4.805784352658213909e-01,0.000000000000000000e+00,0.000000000000000000e+00,-6.258508857266168457e-01,-1.352414607349271769e+00,-1.068590490645627611e+00,-7.766089236780371330e-01,5.291003129591034249e-01,-9.415023731722672595e-01,-1.662014820224352984e+00,-3.774647335768301359e-01,-4.668062001933125371e-01,-9.241704559171570743e-01,-1.421055132060808246e+00,-3.669621702617922865e-01,-4.602362970513234064e-01,-5.183686688943279358e-02,-5.183686688943279358e-02,-7.051398600435393460e-01,-1.040941436780788015e-01,-2.030901712371240009e-02,-8.401389803667852485e-02,-3.271524934852403366e-01,-5.191945123345532709e-01,1.407679351095596942e+00,-5.752567881263277033e-02,-3.801429606348526863e-02,-1.147078669352808861e-01,-1.711160802546210780e-01,-7.340709118518067011e-02,-7.197411700355742237e-02,-1.244624194945742751e-01,-7.051263942166730025e-02,-2.872721242393142319e-02,-2.030901712371240009e-02,-2.019004323808653023e-01,-1.435916317235476011e-02,-1.435916317235476011e-02,-5.183686688943279358e-02,-3.801429606348527557e-02,-3.801429606348527557e-02,-1.558271304830920190e-01,-4.064318733121485144e-02,-8.148853797899899276e-02,-1.210011918676099085e-01,-5.569323991926412171e-02,-7.051263942166730025e-02,-4.979810447122927364e-02,-3.212131358814808435e-02,-2.030901712371240009e-02,-3.801429606348527557e-02,-6.749673070628271765e-02,-3.519076715388935045e-02,-1.435916317235476185e-02,-3.524455202264515918e-01,-3.753330286669139260e-01,-2.907009498669055336e-01,-4.311306135592269523e-02,-3.519076715388935045e-02,-3.801429606348527557e-02,-1.435916317235476011e-02,-1.286658602907498339e-01,-4.767312946227962589e-02,5.913962991410492975e-01,-2.487592975524973576e-02,-4.967123990818995694e-01,-1.786283982422259831e-01,-4.979810447122926670e-02,5.840947806181536750e-01,-2.030901712371240009e-02,-4.892821642774447533e-01,-1.767766952966368654e-01
2.836705096844331919e-01,4.047385190264539689e-01,-5.507016019503075954e-01,7.082331122151057645e-01,1.292055776497412142e-02,4.576042590972519419e-01,-4.966680157416004104e-01,-4.963069089824175273e-01,-6.623362709603883292e-02,-3.636176791775609651e-02,8.414777418280475763e-01,-5.527336881405341407e-01,-2.074573279649549740e-01,-2.366109100625379269e-01,6.320577570903027943e-03,2.316813119472644900e-01,7.708740882331873712e-01,1.280587160188143780e+00,-3.862052935748636062e-01,-2.123158762912787934e-01,-1.052143564629467676e+00,-2.321076902335763581e+00,-6.041873641669863737e-01,2.979988188065649801e-01,9.782874304053058856e-02,5.628910554594662718e-01,8.750744390088503744e-02,3.321904703702865946e-02,-3.687028357732738959e-01,1.864467346107001947e-02,-1.325541933798751071e+00,0.000000000000000000e+00,0.000000000000000000e+00,-1.012455068416011628e+00,-4.681622135693289666e-01,-2.261899070323790006e+00,-2.254876626832225117e+00,5.277580021312879011e-02,-9.473935815327891308e-02,-7.200041419233935702e-01,-3.774647335768301359e-01,-4.668062001933125371e-01,-9.574075473606477593e-02,2.222198251804266556e-01,-3.669621702617922865e-01,-4.602362970513234064e-01,-5.183686688943279358e-02,-5.183686688943279358e-02,-7.051398600435393460e-01,-1.040941436780788015e-01,-2.030901712371240009e-02,-8.401389803667852485e-02,3.056678521220304923e+00,-5.191945123345532709e-01,-7.103890521813077674e-01,-5.752567881263277033e-02,-3.801429606348526863e-02,-1.147078669352808861e-01,-1.711160802546210780e-01,-7.340709118518067011e-02,-7.197411700355742237e-02,-1.244624194945742751e-01,-7.051263942166730025e-02,-2.872721242393142319e-02,-2.030901712371240009e-02,-2.019004323808653023e-01,-1.435916317235476011e-02,-1.435916317235476011e-02,-5.183686688943279358e-02,-3.801429606348527557e-02,-3.801429606348527557e-02,-1.558271304830920190e-01,-4.064318733121485144e-02,-8.148853797899899276e-02,-1.210011918676099085e-01,-5.569323991926412171e-02,-7.051263942166730025e-02,-4.979810447122927364e-02,-3.212131358814808435e-02,-2.030901712371240009e-02,-3.801429606348527557e-02,-6.749673070628271765e-02,-3.519076715388935045e-02,-1.435916317235476185e-02,-3.524455202264515918e-01,-3.753330286669139260e-01,-2.907009498669055336e-01,-4.311306135592269523e-02,-3.519076715388935045e-02,-3.801429606348527557e-02,-1.435916317235476011e-02,-1.286658602907498339e-01,-4.767312946227962589e-02,5.913962991410492975e-01,-2.487592975524973576e-02,-4.967123990818995694e-01,-1.786283982422259831e-01,-4.979810447122926670e-02,-1.712050908829709783e+00,-2.030901712371240009e-02,2.043810449286999731e+00,-1.767766952966368654e-01
-1.474678990913801835e+00,-5.537123258831522232e-01,9.520848996778241702e-01,7.082331122151057645e-01,9.816073891233129123e-01,-1.520542238341859032e-01,5.905777172739697933e-01,-4.963069089824175273e-01,-6.493539992246850634e-01,4.121000364012353145e+00,8.414777418280475763e-01,-5.527336881405341407e-01,-9.537441089344464995e-01,7.329860724598281640e-01,9.188539643699884518e-01,5.605433585474633995e-01,3.195422190618408820e-01,-1.801752323248414722e+00,-1.236479578871264806e+00,-3.410696807892142027e-03,-4.872757218968044035e-01,-6.292804948981121915e-02,5.250398037086210223e-01,-1.033687288374005142e+00,-4.598295795089574756e-01,-6.999821801495752505e-01,-8.078231342445260088e-01,1.721775959102332110e-01,4.117450428206537616e+00,-2.436299481158024527e+00,-4.805784352658213909e-01,0.000000000000000000e+00,0.000000000000000000e+00,-2.392467030372219805e-01,-1.057663809422624057e+00,-4.719362008065465242e-01,-8.466596961481426264e-01,6.901020066081635651e-01,-5.181208656627730447e-01,-1.191009481073873166e+00,-3.774647335768301359e-01,-4.668062001933125371e-01,-1.131277881212430225e+00,-1.186301566740631808e+00,-3.669621702617922865e-01,-4.602362970513234064e-01,-5.183686688943279358e-02,-5.183686688943279358e-02,-7.051398600435393460e-01,9.606688375213465747e+00,-2.030901712371240009e-02,-8.401389803667852485e-02,-3.271524934852403366e-01,-5.191945123345532709e-01,-7.103890521813077674e-01,-5.752567881263277033e-02,-3.801429606348526863e-02,-1.147078669352808861e-01,-1.711160802546210780e-01,-7.340709118518067011e-02,-7.197411700355742237e-02,-1.244624194945742751e-01,-7.051263942166730025e-02,-2.872721242393142319e-02,-2.030901712371240009e-02,-2.019004323808653023e-01,-1.435916317235476011e-02,-1.435916317235476011e-02,-5.183686688943279358e-02,-3.801429606348527557e-02,-3.801429606348527557e-02,-1.558271304830920190e-01,-4.064318733121485144e-02,-8.148853797899899276e-02,-1.210011918676099085e-01,-5.569323991926412171e-02,-7.051263942166730025e-02,-4.979810447122927364e-02,-3.212131358814808435e-02,-2.030901712371240009e-02,-3.801429606348527557e-02,-6.749673070628271765e-02,-3.519076715388935045e-02,-1.435916317235476185e-02,-3.524455202264515918e-01,-3.753330286669139260e-01,-2.907009498669055336e-01,-4.311306135592269523e-02,-3.519076715388935045e-02,-3.801429606348527557e-02,-1.435916317235476011e-02,-1.286658602907498339e-01,-4.767312946227962589e-02,5.913962991410492975e-01,-2.487592975524973576e-02,-4.967123990818995694e-01,-1.786283982422259831e-01,-4.979810447122926670e-02,5.840947806181536750e-01,-2.030901712371240009e-02,-4.892821642774447533e-01,-1.767766952966368654e-01
-4.338948838804909114e-01,-7.448690342834912714e-02,-4.977276807426366662e-02,7.082331122151057645e-01,1.160993839374857117e+00,-3.313655423434322955e-01,-4.966680157416004104e-01,-4.963069089824175273e-01,-6.493539992246850634e-01,5.575471080722594897e-01,8.414777418280475763e-01,1.862399238684066816e-01,-2.074573279649549740e-01,6.626120979219143337e-01,6.450939483302627897e-01,8.071898934976127205e-01,9.387628447616762351e-02,1.700906180656765354e+00,-7.996414139483429828e-01,8.015137498546251460e-02,-7.697096432631360674e-01,-1.568360618053779465e+00,-1.722011321608817591e-01,-1.644696208139207805e+00,-1.761032332124429667e+00,-2.790244349465614282e-01,-2.482415229036441240e-01,-1.263727409112880729e+00,-7.563754717157776530e-02,-2.436299481158024527e+00,-1.043887434287774418e+00,0.000000000000000000e+00,0.000000000000000000e+00,-1.012455068416011628e+00,-1.734114156426813935e-01,-1.068590490645627611e+00,-1.291842175397410974e+00,-1.118327805458250612e+00,-4.122754887853995465e-01,1.164017214678525258e+00,-3.774647335768301359e-01,1.696017942249628430e+00,1.113666705592083056e-01,-2.472873054599261933e-01,4.755724125968292526e+00,-4.602362970513234064e-01,-5.183686688943279358e-02,-5.183686688943279358e-02,-7.051398600435393460e-01,-1.040941436780788015e-01,-2.030901712371240009e-02,-8.401389803667852485e-02,3.056678521220304923e+00,-5.191945123345532709e-01,-7.103890521813077674e-01,-5.752567881263277033e-02,-3.801429606348526863e-02,-1.147078669352808861e-01,-1.711160802546210780e-01,-7.340709118518067011e-02,-7.197411700355742237e-02,-1.244624194945742751e-01,-7.051263942166730025e-02,-2.872721242393142319e-02,-2.030901712371240009e-02,-2.019004323808653023e-01,-1.435916317235476011e-02,-1.435916317235476011e-02,-5.183686688943279358e-02,-3.801429606348527557e-02,-3.801429606348527557e-02,-1.558271304830920190e-01,-4.064318733121485144e-02,-8.148853797899899276e-02,-1.210011918676099085e-01,-5.569323991926412171e-02,-7.051263942166730025e-02,-4.979810447122927364e-02,-3.212131358814808435e-02,-2.030901712371240009e-02,-3.801429606348527557e-02,-6.749673070628271765e-02,-3.519076715388935045e-02,-1.435916317235476185e-02,-3.524455202264515918e-01,-3.753330286669139260e-01,-2.907009498669055336e-01,-4.311306135592269523e-02,-3.519076715388935045e-02,-3.801429606348527557e-02,-1.435916317235476011e-02,-1.286658602907498339e-01,-4.767312946227962589e-02,-1.690913523558418063e+00,-2.487592975524973576e-02,2.013237442528823973e+00,-1.786283982422259831e-01,-4.979810447122926670e-02,-1.712050908829709783e+00,-2.030901712371240009e-02,2.043810449286999731e+00,-1.767766952966368654e-01
5.352650148970310440e-01,8.839639414812570095e-01,4.511560658017802483e-01,7.082331122151057645e-01,8.467513786559180411e-02,-4.748145971508294649e-01,-4.966680157416004104e-01,6.573034482162921632e-01,-6.623362709603883292e-02,-3.636176791775609651e-02,8.414777418280475763e-01,-6.008461346790693741e-02,-8.682320819483589913e-01,-1.151472579055415446e+00,-8.493276110900550846e-02,-1.083766874453531370e+00,-8.087874538665257296e-01,-1.147922735852781262e+00,-4.096073381243058864e-01,-8.390314147414387191e-01,9.248938849348538049e-01,-6.292804948981121915e-02,-6.041873641669863737e-01,-1.676029998896397810e+00,4.885689282282582209e-03,-1.205131474393191793e+00,-3.601578451718204787e-01,2.858709540792188086e+00,-8.796884671813597345e-01,-1.105629136241454841e-01,2.617621059354920288e+00,0.000000000000000000e+00,0.000000000000000000e+00,1.307170027720357286e+00,1.005591776063908815e+00,4.230452339520751615e-01,2.397934961439172064e+00,1.171102917094982265e+00,-1.047347750049640647e+00,-4.845014723481537167e-01,-3.774647335768301359e-01,-4.668062001933125371e-01,-1.027724168564793761e+00,-1.253374013974976713e-02,-3.669621702617922865e-01,-4.602362970513234064e-01,-5.183686688943279358e-02,-5.183686688943279358e-02,-7.051398600435393460e-01,-1.040941436780788015e-01,-2.030901712371240009e-02,-8.401389803667852485e-02,-3.271524934852403366e-01,-5.191945123345532709e-01,1.407679351095596942e+00,-5.752567881263277033e-02,-3.801429606348526863e-02,-1.147078669352808861e-01,-1.711160802546210780e-01,-7.340709118518067011e-02,-7.197411700355742237e-02,-1.244624194945742751e-01,-7.051263942166730025e-02,-2.872721242393142319e-02,-2.030901712371240009e-02,-2.019004323808653023e-01,-1.435916317235476011e-02,-1.435916317235476011e-02,-5.183686688943279358e-02,-3.801429606348527557e-02,-3.801429606348527557e-02,-1.558271304830920190e-01,-4.064318733121485144e-02,-8.148853797899899276e-02,-1.210011918676099085e-01,-5.569323991926412171e-02,-7.051263942166730025e-02,-4.979810447122927364e-02,-3.212131358814808435e-02,-2.030901712371240009e-02,-3.801429606348527557e-02,-6.749673070628271765e-02,-3.519076715388935045e-02,-1.435916317235476185e-02,-3.524455202264515918e-01,-3.753330286669139260e-01,-2.907009498669055336e-01,-4.311306135592269523e-02,-3.519076715388935045e-02,-3.801429606348527557e-02,-1.435916317235476011e-02,-1.286658602907498339e-01,-4.767312946227962589e-02,-1.690913523558418063e+00,-2.487592975524973576e-02,-4.967123990818995694e-01,5.598214000911362120e+00,-4.979810447122926670e-02,5.840947806181536750e-01,-2.030901712371240009e-02,-4.892821642774447533e-01,-1.767766952966368654e-01
1.296334257818242630e+00,-5.537123258831522232e-01,-5.507016019503075954e-01,-1.284019034700219164e+00,-4.176069228387320198e-01,-7.617127067656237482e-01,-4.966680157416004104e-01,-4.963069089824175273e-01,-6.493539992246850634e-01,-6.302706439077716549e-01,-1.299526496395560393e+00,-5.527336881405341407e-01,8.653299196786893299e-01,1.045759292628333226e+00,-2.674394384688225657e-01,-9.718073465293448898e-02,-6.959544865736890795e-01,-1.007816395696573997e+00,-4.798134717726326159e-01,1.219324108821398522e-01,-4.872757218968044035e-01,4.388828066981781961e-01,1.233683950011900399e-01,-1.250073564154984829e-01,-2.739434719924614403e-01,4.786995064188634408e-01,5.351727329735904704e-01,-1.773242088314630704e+00,-1.202811734101178587e+00,-8.427392404403666326e-01,-4.805784352658213909e-01,0.000000000000000000e+00,0.000000000000000000e+00,-2.392467030372219805e-01,-7.629130114959765674e-01,1.019699523791156359e+00,-4.545063063388605773e-01,-7.936521908796478897e-01,2.227967724788416926e-01,4.575092059528056976e-01,-3.774647335768301359e-01,1.696017942249628430e+00,-7.170630306218840344e-01,-7.167944361002790421e-01,-3.669621702617922865e-01,-4.602362970513234064e-01,-5.183686688943279358e-02,-5.183686688943279358e-02,1.418158377741196352e+00,-1.040941436780788015e-01,-2.030901712371240009e-02,-8.401389803667852485e-02,-3.271524934852403366e-01,-5.191945123345532709e-01,-7.103890521813077674e-01,-5.752567881263277033e-02,-3.801429606348526863e-02,-1.147078669352808861e-01,-1.711160802546210780e-01,-7.340709118518067011e-02,-7.197411700355742237e-02,-1.244624194945742751e-01,-7.051263942166730025e-02,-2.872721242393142319e-02,-2.030901712371240009e-02,-2.019004323808653023e-01,-1.435916317235476011e-02,-1.435916317235476011e-02,-5.183686688943279358e-02,-3.801429606348527557e-02,-3.801429606348527557e-02,-1.558271304830920190e-01,-4.064318733121485144e-02,-8.148853797899899276e-02,-1.210011918676099085e-01,-5.569323991926412171e-02,-7.051263942166730025e-02,-4.979810447122927364e-02,-3.212131358814808435e-02,-2.030901712371240009e-02,-3.801429606348527557e-02,-6.749673070628271765e-02,-3.519076715388935045e-02,-1.435916317235476185e-02,2.837317947345407543e+00,-3.753330286669139260e-01,-2.907009498669055336e-01,-4.311306135592269523e-02,-3.519076715388935045e-02,-3.801429606348527557e-02,-1.435916317235476011e-02,-1.286658602907498339e-01,-4.767312946227962589e-02,-1.690913523558418063e+00,-2.487592975524973576e-02,2.013237442528823973e+00,-1.786283982422259831e-01,-4.979810447122926670e-02,-1.712050908829709783e+00,-2.030901712371240009e-02,2.043810449286999731e+00,-1.767766952966368654e-01
1.712350155654984052e+00,-5.537123258831522232e-01,4.511560658017802483e-01,-2.878929612425566442e-01,-2.295673228533472165e-02,-3.672278060452816018e-01,-4.966680157416004104e-01,-4.963069089824175273e-01,-6.493539992246850634e-01,-3.636176791775609651e-02,-9.256046294381979900e-01,1.862399238684066816e-01,-7.982676962324690706e-01,-1.081098604517501727e+00,-8.493276110900550846e-02,-6.726893162032826501e-01,-1.317896501095057737e-01,1.467395613729753467e+00,2.016404613501205034e+00,-5.047831275680201291e-01,-6.362483984730694930e-02,-5.647389056778006067e-01,-1.304830984284317992e-02,-7.751835146271885968e-01,-1.810004182342134504e-01,-2.644978782475312235e-02,-1.363252006354677692e-01,-3.836565995825850228e-01,2.324567305891797608e-01,-1.359569588781228688e+00,-1.144275859015518870e-01,0.000000000000000000e+00,0.000000000000000000e+00,1.473574796521728292e-01,4.160901802106137248e-01,-1.736090558870059808e-01,-2.450086690450872517e-01,5.010419265140390044e-01,5.403329031109622704e-01,1.164017214678525258e+00,-3.774647335768301359e-01,1.696017942249628430e+00,1.113666705592083056e-01,2.222198251804266556e-01,-3.669621702617922865e-01,-4.602362970513234064e-01,-5.183686688943279358e-02,-5.183686688943279358e-02,1.418158377741196352e+00,-1.040941436780788015e-01,-2.030901712371240009e-02,-8.401389803667852485e-02,-3.271524934852403366e-01,-5.191945123345532709e-01,-7.103890521813077674e-01,-5.752567881263277033e-02,-3.801429606348526863e-02,-1.147078669352808861e-01,-1.711160802546210780e-01,-7.340709118518067011e-02,-7.197411700355742237e-02,-1.244624194945742751e-01,-7.051263942166730025e-02,-2.872721242393142319e-02,-2.030901712371240009e-02,-2.019004323808653023e-01,-1.435916317235476011e-02,-1.435916317235476011e-02,-5.183686688943279358e-02,-3.801429606348527557e-02,-3.801429606348527557e-02,-1.558271304830920190e-01,-4.064318733121485144e-02,-8.148853797899899276e-02,-1.210011918676099085e-01,-5.569323991926412171e-02,-7.051263942166730025e-02,-4.979810447122927364e-02,-3.212131358814808435e-02,-2.030901712371240009e-02,-3.801429606348527557e-02,-6.749673070628271765e-02,-3.519076715388935045e-02,-1.435916317235476185e-02,2.837317947345407543e+00,-3.753330286669139260e-01,-2.907009498669055336e-01,-4.311306135592269523e-02,-3.519076715388935045e-02,-3.801429606348527557e-02,-1.435916317235476011e-02,-1.286658602907498339e-01,-4.767312946227962589e-02,5.913962991410492975e-01,-2.487592975524973576e-02,-4.967123990818995694e-01,-1.786283982422259831e-01,-4.979810447122926670e-02,5.840947806181536750e-01,-2.030901712371240009e-02,-4.892821642774447533e-01,-1.767766952966368654e-01
-7.936700639182294736e-01,-7.448690342834912714e-02,9.520848996778241702e-01,-2.878929612425566442e-01,6.587117786705333211e-01,4.576042590972519419e-01,-4.966680157416004104e-01,6.573034482162921632e-01,-6.493539992246850634e-01,-6.302706439077716549e-01,4.977108641414398904e-01,9.252135358773474483e-01,2.045551656952854513e-01,6.156961148966384467e-01,-8.493276110900550846e-02,-6.726893162032826501e-01,-8.087874538665257296e-01,-1.801752323248414722e+00,-1.236479578871264806e+00,-2.384929742918500128e+00,9.248938849348538049e-01,9.406936628861676253e-01,1.707317912356907774e+00,7.210049940286284986e-01,1.677860656930746819e+00,-1.205131474393191793e+00,-5.839904897081731328e-01,-1.124768860239676149e+00,-1.014949369612911712e+00,-1.488777175866444091e+00,9.276940622890612609e-01,0.000000000000000000e+00,0.000000000000000000e+00,9.205658450309623930e-01,1.300342573990556527e+00,1.318026668710696736e+00,1.938349519625956807e+00,-6.593727700354110599e-01,-4.122754887853995465e-01,-2.489988027729138353e-01,-3.774647335768301359e-01,-4.668062001933125371e-01,-4.064018926789744190e-01,-4.820408707801026038e-01,-3.669621702617922865e-01,-4.602362970513234064e-01,-5.183686688943279358e-02,-5.183686688943279358e-02,-7.051398600435393460e-01,-1.040941436780788015e-01,-2.030901712371240009e-02,-8.401389803667852485e-02,-3.271524934852403366e-01,1.926060419058570616e+00,-7.103890521813077674e-01,-5.752567881263277033e-02,-3.801429606348526863e-02,-1.147078669352808861e-01,5.843986132174123327e+00,-7.340709118518067011e-02,-7.197411700355742237e-02,-1.244624194945742751e-01,-7.051263942166730025e-02,-2.872721242393142319e-02,-2.030901712371240009e-02,-2.019004323808653023e-01,-1.435916317235476011e-02,-1.435916317235476011e-02,-5.183686688943279358e-02,-3.801429606348527557e-02,-3.801429606348527557e-02,-1.558271304830920190e-01,-4.064318733121485144e-02,-8.148853797899899276e-02,-1.210011918676099085e-01,-5.569323991926412171e-02,-7.051263942166730025e-02,-4.979810447122927364e-02,-3.212131358814808435e-02,-2.030901712371240009e-02,-3.801429606348527557e-02,-6.749673070628271765e-02,-3.519076715388935045e-02,-1.435916317235476185e-02,-3.524455202264515918e-01,-3.753330286669139260e-01,-2.907009498669055336e-01,-4.311306135592269523e-02,-3.519076715388935045e-02,-3.801429606348527557e-02,-1.435916317235476011e-02,-1.286658602907498339e-01,-4.767312946227962589e-02,5.913962991410492975e-01,-2.487592975524973576e-02,-4.967123990818995694e-01,-1.786283982422259831e-01,-4.979810447122926670e-02,5.840947806181536750e-01,-2.030901712371240009e-02,-4.892821642774447533e-01,-1.767766952966368654e-01
7.445135678844974070e-01,-5.537123258831522232e-01,-5.507016019503075954e-01,-1.284019034700219164e+00,1.292055776497412142e-02,-8.334372341693222497e-01,-4.966680157416004104e-01,-4.963069089824175273e-01,-6.493539992246850634e-01,-6.302706439077716549e-01,2.866259392461548150e-01,-6.008461346790693741e-02,-2.230049692351523671e-01,4.202128522913227693e-01,3.713339322905371831e-01,7.249743818475629098e-01,-6.959544865736890795e-01,1.597364389384861028e-01,-1.025861177926284507e+00,9.157720929190091841e-01,-6.362483984730694930e-02,1.944315375262146484e+00,-6.117660699916547262e-01,6.975046509607358836e-01,3.766579043152746276e-01,1.419333102564523941e-01,-4.720741674399969168e-01,3.574556610745059926e-01,7.659858457358575956e-01,1.478522605462855299e-01,-5.809668599935657873e-02,0.000000000000000000e+00,0.000000000000000000e+00,1.473574796521728292e-01,1.213393822839661657e-01,1.318026668710696736e+00,4.043186176767894074e-02,-1.797079731888335530e-01,1.110601872409461635e-02,-4.845014723481537167e-01,-3.774647335768301359e-01,1.696017942249628430e+00,3.184740958544813871e-01,2.222198251804266556e-01,-3.669621702617922865e-01,-4.602362970513234064e-01,-5.183686688943279358e-02,-5.183686688943279358e-02,1.418158377741196352e+00,-1.040941436780788015e-01,-2.030901712371240009e-02,-8.401389803667852485e-02,-3.271524934852403366e-01,-5.191945123345532709e-01,-7.103890521813077674e-01,-5.752567881263277033e-02,-3.801429606348526863e-02,-1.147078669352808861e-01,-1.711160802546210780e-01,-7.340709118518067011e-02,-7.197411700355742237e-02,8.034553755751097981e+00,-7.051263942166730025e-02,-2.872721242393142319e-02,-2.030901712371240009e-02,-2.019004323808653023e-01,-1.435916317235476011e-02,-1.435916317235476011e-02,-5.183686688943279358e-02,-3.801429606348527557e-02,-3.801429606348527557e-02,-1.558271304830920190e-01,-4.064318733121485144e-02,-8.148853797899899276e-02,-1.210011918676099085e-01,-5.569323991926412171e-02,-7.051263942166730025e-02,-4.979810447122927364e-02,-3.212131358814808435e-02,-2.030901712371240009e-02,-3.801429606348527557e-02,-6.749673070628271765e-02,-3.519076715388935045e-02,-1.435916317235476185e-02,-3.524455202264515918e-01,-3.753330286669139260e-01,-2.907009498669055336e-01,-4.311306135592269523e-02,-3.519076715388935045e-02,-3.801429606348527557e-02,-1.435916317235476011e-02,-1.286658602907498339e-01,-4.767312946227962589e-02,5.913962991410492975e-01,-2.487592975524973576e-02,-4.967123990818995694e-01,-1.786283982422259831e-01,-4.979810447122926670e-02,5.840947806181536750e-01,-2.030901712371240009e-02,-4.892821642774447533e-01,-1.767766952966368654e-01
9.800629271367915507e-01,-5.537123258831522232e-01,4.511560658017802483e-01,7.082331122151057645e-01,6.945890687208421399e-01,9.596759509231419516e-01,-4.966680157416004104e-01,-4.963069089824175273e-01,-6.493539992246850634e-01,1.745364860052290412e+00,8.414777418280475763e-01,-6.008461346790693741e-02,-8.449106200430623881e-01,-9.559893164500997687e-01,6.320577570903027943e-03,8.071898934976127205e-01,4.323751863546776431e-01,-6.341994886133547338e-01,7.604948893478056249e-01,3.308375903655265127e-01,-6.362483984730694930e-02,1.442504519074156999e+00,1.536832182998640883e-01,1.413298650206154250e-01,4.885689282282582209e-03,-2.790244349465614282e-01,3.113400884372377608e-01,6.353727588209151511e-01,1.622638227802354116e+00,7.077518045822193127e-01,3.643850632671082335e-01,0.000000000000000000e+00,0.000000000000000000e+00,5.339616623415676111e-01,7.108409781372613256e-01,1.019699523791156359e+00,1.059768803225194844e+00,-5.297697469320182817e-01,8.578690337430828761e-01,4.575092059528056976e-01,-3.774647335768301359e-01,-4.668062001933125371e-01,-4.064018926789744190e-01,-7.167944361002790421e-01,-3.669621702617922865e-01,-4.602362970513234064e-01,-5.183686688943279358e-02,-5.183686688943279358e-02,-7.051398600435393460e-01,-1.040941436780788015e-01,-2.030901712371240009e-02,-8.401389803667852485e-02,-3.271524934852403366e-01,-5.191945123345532709e-01,1.407679351095596942e+00,-5.752567881263277033e-02,-3.801429606348526863e-02,-1.147078669352808861e-01,-1.711160802546210780e-01,-7.340709118518067011e-02,-7.197411700355742237e-02,-1.244624194945742751e-01,-7.051263942166730025e-02,-2.872721242393142319e-02,-2.030901712371240009e-02,-2.019004323808653023e-01,-1.435916317235476011e-02,-1.435916317235476011e-02,-5.183686688943279358e-02,-3.801429606348527557e-02,-3.801429606348527557e-02,-1.558271304830920190e-01,-4.064318733121485144e-02,-8.148853797899899276e-02,-1.210011918676099085e-01,-5.569323991926412171e-02,-7.051263942166730025e-02,-4.979810447122927364e-02,-3.212131358814808435e-02,-2.030901712371240009e-02,-3.801429606348527557e-02,-6.749673070628271765e-02,-3.519076715388935045e-02,-1.435916317235476185e-02,-3.524455202264515918e-01,-3.753330286669139260e-01,-2.907009498669055336e-01,-4.311306135592269523e-02,-3.519076715388935045e-02,-3.801429606348527557e-02,-1.435916317235476011e-02,-1.286658602907498339e-01,-4.767312946227962589e-02,-1.690913523558418063e+00,-2.487592975524973576e-02,2.013237442528823973e+00,-1.786283982422259831e-01,-4.979810447122926670e-02,5.840947806181536750e-01,-2.030901712371240009e-02,-4.892821642774447533e-01,-1.767766952966368654e-01
-1.420754067377110852e+00,1.842414786390863091e+00,-5.507016019503075954e-01,-1.284019034700219164e+00,-7.405025332915116110e-01,-6.899881793619251358e-01,5.905777172739697933e-01,-4.963069089824175273e-01,1.100007117161253767e+00,-6.302706439077716549e-01,4.916798662872890469e-01,1.862399238684066816e-01,-7.982676962324690706e-01,-1.081098604517501727e+00,-8.493276110900550846e-02,-6.726893162032826501e-01,-1.317896501095057737e-01,1.467395613729753467e+00,2.016404613501205034e+00,-5.047831275680201291e-01,-6.362483984730694930e-02,-6.292804948981121915e-02,-5.208216000956329417e-01,-3.286769963372329073e-01,-1.810004182342134504e-01,-1.626089219596205560e+00,-8.078231342445260088e-01,-1.773242088314630704e+00,-1.202811734101178587e+00,-2.436299481158024527e+00,-5.809668599935657873e-02,0.000000000000000000e+00,0.000000000000000000e+00,1.473574796521728292e-01,4.160901802106137248e-01,1.019699523791156359e+00,-3.320811245453118010e-01,-1.116323634997888892e+00,5.403329031109622704e-01,1.164017214678525258e+00,-3.774647335768301359e-01,1.696017942249628430e+00,-1.234831593860066690e+00,-1.186301566740631808e+00,-3.669621702617922865e-01,-4.602362970513234064e-01,-5.183686688943279358e-02,-5.183686688943279358e-02,-7.051398600435393460e-01,-1.040941436780788015e-01,-2.030901712371240009e-02,-8.401389803667852485e-02,-3.271524934852403366e-01,1.926060419058570616e+00,-7.103890521813077674e-01,-5.752567881263277033e-02,-3.801429606348526863e-02,-1.147078669352808861e-01,-1.711160802546210780e-01,-7.340709118518067011e-02,-7.197411700355742237e-02,-1.244624194945742751e-01,-7.051263942166730025e-02,-2.872721242393142319e-02,-2.030901712371240009e-02,-2.019004323808653023e-01,-1.435916317235476011e-02,-1.435916317235476011e-02,-5.183686688943279358e-02,-3.801429606348527557e-02,-3.801429606348527557e-02,-1.558271304830920190e-01,-4.064318733121485144e-02,-8.148853797899899276e-02,-1.210011918676099085e-01,-5.569323991926412171e-02,-7.051263942166730025e-02,-4.979810447122927364e-02,-3.212131358814808435e-02,-2.030901712371240009e-02,-3.801429606348527557e-02,-6.749673070628271765e-02,-3.519076715388935045e-02,-1.435916317235476185e-02,-3.524455202264515918e-01,-3.753330286669139260e-01,3.439961240091715222e+00,-4.311306135592269523e-02,-3.519076715388935045e-02,-3.801429606348527557e-02,-1.435916317235476011e-02,-1.286658602907498339e-01,-4.767312946227962589e-02,5.913962991410492975e-01,-2.487592975524973576e-02,-4.967123990818995694e-01,-1.786283982422259831e-01,-4.979810447122926670e-02,5.840947806181536750e-01,-2.030901712371240009e-02,-4.892821642774447533e-01,-1.767766952966368654e-01
4.689340506693836508e-01,-7.448690342834912714e-02,-5.507016019503075954e-01,7.082331122151057645e-01,2.165557960783504932e+00,4.217419953954026357e-01,-4.966680157416004104e-01,-4.963069089824175273e-01,-6.623362709603883292e-02,-3.636176791775609651e-02,8.414777418280475763e-01,-2.030680912158415730e+00,1.734598831548899156e-01,4.671288353165986007e-01,-2.674394384688225657e-01,1.053836428447761930e+00,-8.087874538665257296e-01,-4.006889216863427361e-01,3.860621765567299746e-01,1.291801415989105140e+00,-1.334577485995799284e+00,-1.568360618053779465e+00,2.328771789979724893e+00,2.382814968115343560e-02,-1.110430955816693599e+00,2.261248592970551696e-01,-8.078231342445260088e-01,-7.078932136200624115e-01,4.459436610091294106e-02,1.138443761532937692e+00,-1.325541933798751071e+00,0.000000000000000000e+00,0.000000000000000000e+00,-1.399059251105406521e+00,-1.647165405275919259e+00,-1.665244780484708809e+00,-1.324036889996840771e-01,7.488910067787747371e-01,-5.181208656627730447e-01,-4.845014723481537167e-01,9.257960654133498002e-01,-4.668062001933125371e-01,9.397963717403006179e-01,4.569733905006030938e-01,9.137094037957288473e-01,1.739375798511208382e+00,-5.183686688943279358e-02,-5.183686688943279358e-02,-7.051398600435393460e-01,-1.040941436780788015e-01,-2.030901712371240009e-02,-8.401389803667852485e-02,-3.271524934852403366e-01,-5.191945123345532709e-01,1.407679351095596942e+00,-5.752567881263277033e-02,-3.801429606348526863e-02,-1.147078669352808861e-01,-1.711160802546210780e-01,-7.340709118518067011e-02,-7.197411700355742237e-02,-1.244624194945742751e-01,-7.051263942166730025e-02,-2.872721242393142319e-02,-2.030901712371240009e-02,-2.019004323808653023e-01,-1.435916317235476011e-02,-1.435916317235476011e-02,-5.183686688943279358e-02,-3.801429606348527557e-02,-3.801429606348527557e-02,-1.558271304830920190e-01,-4.064318733121485144e-02,-8.148853797899899276e-02,-1.210011918676099085e-01,-5.569323991926412171e-02,-7.051263942166730025e-02,-4.979810447122927364e-02,-3.212131358814808435e-02,-2.030901712371240009e-02,-3.801429606348527557e-02,-6.749673070628271765e-02,-3.519076715388935045e-02,-1.435916317235476185e-02,-3.524455202264515918e-01,-3.753330286669139260e-01,-2.907009498669055336e-01,-4.311306135592269523e-02,-3.519076715388935045e-02,-3.801429606348527557e-02,-1.435916317235476011e-02,-1.286658602907498339e-01,-4.767312946227962589e-02,5.913962991410492975e-01,-2.487592975524973576e-02,-4.967123990818995694e-01,-1.786283982422259831e-01,-4.979810447122926670e-02,5.840947806181536750e-01,-2.030901712371240009e-02,-4.892821642774447533e-01,-1.767766952966368654e-01
-3.394435607533420884e-01,-7.448690342834912714e-02,-5.507016019503075954e-01,7.082331122151057645e-01,-5.883402233564356820e-02,7.086401050101969190e-01,5.905777172739697933e-01,-4.963069089824175273e-01,5.168867450326074531e-01,-3.636176791775609651e-02,8.414777418280475763e-01,-5.527336881405341407e-01,8.794785616880243517e-02,-7.448673928363587216e-01,1.888272549307201120e-01,-9.718073465293448898e-02,9.387628447616762351e-02,-4.006889216863427361e-01,-7.762393693989008137e-01,-8.808124506381160845e-01,-7.697096432631360674e-01,-3.138334775838059199e-01,-4.336313314151688664e-02,6.191701740677610921e-01,1.907717967987786201e-01,-1.106413368653558910e-01,-8.078231342445260088e-01,1.283845986895869817e+00,-7.594565539088690143e-01,3.631982390216446643e-01,-7.622329347767978769e-01,0.000000000000000000e+00,0.000000000000000000e+00,-6.258508857266168457e-01,-1.057663809422624057e+00,-7.702633457260871230e-01,9.542499155729444738e-02,-3.834653033256109067e-01,-3.064301119080259928e-01,-1.349613319767399566e-02,-3.774647335768301359e-01,1.696017942249628430e+00,7.812957911571764835e-03,-2.472873054599261933e-01,-3.669621702617922865e-01,1.739375798511208382e+00,-5.183686688943279358e-02,-5.183686688943279358e-02,-7.051398600435393460e-01,-1.040941436780788015e-01,-2.030901712371240009e-02,-8.401389803667852485e-02,3.056678521220304923e+00,-5.191945123345532709e-01,-7.103890521813077674e-01,-5.752567881263277033e-02,-3.801429606348526863e-02,-1.147078669352808861e-01,-1.711160802546210780e-01,-7.340709118518067011e-02,-7.197411700355742237e-02,-1.244624194945742751e-01,-7.051263942166730025e-02,-2.872721242393142319e-02,-2.030901712371240009e-02,-2.019004323808653023e-01,-1.435916317235476011e-02,-1.435916317235476011e-02,-5.183686688943279358e-02,-3.801429606348527557e-02,-3.801429606348527557e-02,-1.558271304830920190e-01,-4.064318733121485144e-02,-8.148853797899899276e-02,-1.210011918676099085e-01,-5.569323991926412171e-02,-7.051263942166730025e-02,-4.979810447122927364e-02,-3.212131358814808435e-02,-2.030901712371240009e-02,-3.801429606348527557e-02,-6.749673070628271765e-02,-3.519076715388935045e-02,-1.435916317235476185e-02,-3.524455202264515918e-01,-3.753330286669139260e-01,-2.907009498669055336e-01,-4.311306135592269523e-02,-3.519076715388935045e-02,-3.801429606348527557e-02,-1.435916317235476011e-02,-1.286658602907498339e-01,-4.767312946227962589e-02,5.913962991410492975e-01,-2.487592975524973576e-02,-4.967123990818995694e-01,-1.786283982422259831e-01,-4.979810447122926670e-02,5.840947806181536750e-01,-2.030901712371240009e-02,-4.892821642774447533e-01,-1.767766952966368654e-01
-9.630538728187556519e-01,2.321640208845666020e+00,-5.507016019503075954e-01,2.700485259130430471e+00,3.170122082192152302e+00,3.254860827841496107e+00,5.905777172739697933e-01,6.573034482162921632e-01,-6.623362709603883292e-02,-6.302706439077716549e-01,8.414777418280475763e-01,-5.527336881405341407e-01,2.575729108801140185e-02,8.268180385103794938e-01,4.625872709704457186e-01,6.427588701975132102e-01,-6.959544865736890795e-01,-1.204762413739283167e-01,-8.308441400142659861e-01,1.124677272402395900e+00,-6.362483984730694930e-02,1.191599090980162368e+00,1.548165090038869263e+00,1.159678064629286798e+00,-8.805736447596543282e-02,-2.790244349465614282e-01,-5.839904897081731328e-01,2.858709540792188086e+00,-1.029978358771973079e+00,7.077518045822193127e-01,-5.809668599935657873e-02,0.000000000000000000e+00,0.000000000000000000e+00,1.473574796521728292e-01,-1.734114156426813935e-01,1.318026668710696736e+00,-5.893704103467272137e-01,-1.997496777924510081e-01,-2.005847350306524668e-01,-1.349613319767399566e-02,-3.774647335768301359e-01,-4.668062001933125371e-01,-5.099556053266109945e-01,-1.253374013974976713e-02,9.137094037957288473e-01,-4.602362970513234064e-01,-5.183686688943279358e-02,-5.183686688943279358e-02,-7.051398600435393460e-01,-1.040941436780788015e-01,-2.030901712371240009e-02,-8.401389803667852485e-02,-3.271524934852403366e-01,-5.191945123345532709e-01,1.407679351095596942e+00,-5.752567881263277033e-02,-3.801429606348526863e-02,-1.147078669352808861e-01,-1.711160802546210780e-01,-7.340709118518067011e-02,-7.197411700355742237e-02,-1.244624194945742751e-01,-7.051263942166730025e-02,-2.872721242393142319e-02,-2.030901712371240009e-02,-2.019004323808653023e-01,-1.435916317235476011e-02,-1.435916317235476011e-02,-5.183686688943279358e-02,-3.801429606348527557e-02,-3.801429606348527557e-02,-1.558271304830920190e-01,-4.064318733121485144e-02,-8.148853797899899276e-02,-1.210011918676099085e-01,-5.569323991926412171e-02,-7.051263942166730025e-02,-4.979810447122927364e-02,-3.212131358814808435e-02,-2.030901712371240009e-02,-3.801429606348527557e-02,-6.749673070628271765e-02,-3.519076715388935045e-02,-1.435916317235476185e-02,-3.524455202264515918e-01,-3.753330286669139260e-01,-2.907009498669055336e-01,-4.311306135592269523e-02,-3.519076715388935045e-02,-3.801429606348527557e-02,-1.435916317235476011e-02,-1.286658602907498339e-01,-4.767312946227962589e-02,-1.690913523558418063e+00,-2.487592975524973576e-02,-4.967123990818995694e-01,5.598214000911362120e+00,-4.979810447122926670e-02,5.840947806181536750e-01,-2.030901712371240009e-02,-4.892821642774447533e-01,-1.767766952966368654e-01
-3.946917952970683818e-01,3.759316476210075475e+00,9.520848996778241702e-01,7.082331122151057645e-01,-5.252387929896585872e-01,-6.899881793619251358e-01,3.852314916320680460e+00,-4.963069089824175273e-01,-6.623362709603883292e-02,1.151455984062275117e+00,5.459588469746480266e-01,4.325644612047202520e-01,-3.784813819371299348e-01,1.061397953636758151e+00,1.283867319089622594e+00,-1.496522300288474598e-02,2.237702663040064266e+00,2.868459015291825676e+00,-7.060332357505740841e-01,2.054944826754944998e-01,9.248938849348538049e-01,9.406936628861676253e-01,-1.570437205115447210e-01,-8.300176484522709952e-01,2.837148505570266099e-01,-7.841737291901780260e-01,8.709216997781196179e-01,-8.931712787843351098e-01,1.047103227371583706e-01,-2.828396964044327944e-01,9.276940622890612609e-01,0.000000000000000000e+00,0.000000000000000000e+00,9.205658450309623930e-01,1.005591776063908815e+00,1.318026668710696736e+00,-1.685959605556321961e+00,2.992887668376233434e-01,-8.356569962948936503e-01,-1.662014820224352984e+00,-3.774647335768301359e-01,-4.668062001933125371e-01,-7.170630306218840344e-01,-9.515480014204554804e-01,-3.669621702617922865e-01,-4.602362970513234064e-01,-5.183686688943279358e-02,-5.183686688943279358e-02,-7.051398600435393460e-01,-1.040941436780788015e-01,-2.030901712371240009e-02,-8.401389803667852485e-02,-3.271524934852403366e-01,1.926060419058570616e+00,-7.103890521813077674e-01,-5.752567881263277033e-02,-3.801429606348526863e-02,-1.147078669352808861e-01,-1.711160802546210780e-01,-7.340709118518067011e-02,-7.197411700355742237e-02,-1.244624194945742751e-01,-7.051263942166730025e-02,-2.872721242393142319e-02,-2.030901712371240009e-02,-2.019004323808653023e-01,-1.435916317235476011e-02,-1.435916317235476011e-02,-5.183686688943279358e-02,-3.801429606348527557e-02,-3.801429606348527557e-02,-1.558271304830920190e-01,-4.064318733121485144e-02,1.227166451627488009e+01,-1.210011918676099085e-01,-5.569323991926412171e-02,-7.051263942166730025e-02,-4.979810447122927364e-02,-3.212131358814808435e-02,-2.030901712371240009e-02,-3.801429606348527557e-02,-6.749673070628271765e-02,-3.519076715388935045e-02,-1.435916317235476185e-02,-3.524455202264515918e-01,-3.753330286669139260e-01,-2.907009498669055336e-01,-4.311306135592269523e-02,-3.519076715388935045e-02,-3.801429606348527557e-02,-1.435916317235476011e-02,-1.286658602907498339e-01,-4.767312946227962589e-02,5.913962991410492975e-01,-2.487592975524973576e-02,-4.967123990818995694e-01,-1.786283982422259831e-01,-4.979810447122926670e-02,5.840947806181536750e-01,-2.030901712371240009e-02,-4.892821642774447533e-01,-1.767766952966368654e-01
4.504076965708885827e-01,-5.537123258831522232e-01,9.520848996778241702e-01,-2.878929612425566442e-01,-1.099275433794600021e+00,-1.879164875360351816e-01,-4.966680157416004104e-01,6.573034482162921632e-01,-6.493539992246850634e-01,-6.302706439077716549e-01,-1.510611421290845691e+00,-5.527336881405341407e-01,-1.132541983541720532e+00,-1.464245799223920619e+00,9.188539643699884518e-01,-1.083766874453531370e+00,8.837070555260241322e-01,1.597364389384861028e-01,5.186737623369025441e-01,-7.136883070514067340e-01,-6.362483984730694930e-02,-5.647389056778006067e-01,2.522063940205545585e-01,5.800029356212739184e-01,-8.805736447596543282e-02,5.628910554594662718e-01,-4.720741674399969168e-01,1.237526470604801476e+00,-6.767971135340316025e-01,2.339906519364291781e-01,-5.809668599935657873e-02,0.000000000000000000e+00,0.000000000000000000e+00,1.473574796521728292e-01,4.160901802106137248e-01,-4.719362008065465242e-01,6.302986467729595477e-01,-1.596656488664586870e+00,-8.356569962948936503e-01,-7.200041419233935702e-01,-3.774647335768301359e-01,-4.668062001933125371e-01,1.043350084387937082e+00,1.395987651781308791e+00,-3.669621702617922865e-01,-4.602362970513234064e-01,-5.183686688943279358e-02,-5.183686688943279358e-02,1.418158377741196352e+00,-1.040941436780788015e-01,-2.030901712371240009e-02,-8.401389803667852485e-02,-3.271524934852403366e-01,-5.191945123345532709e-01,-7.103890521813077674e-01,-5.752567881263277033e-02,-3.801429606348526863e-02,-1.147078669352808861e-01,-1.711160802546210780e-01,-7.340709118518067011e-02,-7.197411700355742237e-02,-1.244624194945742751e-01,-7.051263942166730025e-02,-2.872721242393142319e-02,-2.030901712371240009e-02,-2.019004323808653023e-01,-1.435916317235476011e-02,-1.435916317235476011e-02,-5.183686688943279358e-02,-3.801429606348527557e-02,-3.801429606348527557e-02,-1.558271304830920190e-01,-4.064318733121485144e-02,-8.148853797899899276e-02,8.264381404557756383e+00,-5.569323991926412171e-02,-7.051263942166730025e-02,-4.979810447122927364e-02,-3.212131358814808435e-02,-2.030901712371240009e-02,-3.801429606348527557e-02,-6.749673070628271765e-02,-3.519076715388935045e-02,-1.435916317235476185e-02,-3.524455202264515918e-01,-3.753330286669139260e-01,-2.907009498669055336e-01,-4.311306135592269523e-02,-3.519076715388935045e-02,-3.801429606348527557e-02,-1.435916317235476011e-02,-1.286658602907498339e-01,-4.767312946227962589e-02,-1.690913523558418063e+00,-2.487592975524973576e-02,2.013237442528823973e+00,-1.786283982422259831e-01,-4.979810447122926670e-02,5.840947806181536750e-01,-2.030901712371240009e-02,-4.892821642774447533e-01,-1.767766952966368654e-01
-6.671284488704731785e-01,8.839639414812570095e-01,-5.507016019503075954e-01,-2.878929612425566442e-01,4.434480383686802418e-01,-1.879164875360351816e-01,5.905777172739697933e-01,-4.963069089824175273e-01,-6.623362709603883292e-02,-6.302706439077716549e-01,-8.170466680634796974e-01,1.171538073213661102e+00,-8.837797232185568008e-01,-1.036822914909232979e-01,1.888272549307201120e-01,3.961123352473639447e-01,-6.959544865736890795e-01,-7.377412798852590881e-02,-3.628032490254213815e-01,1.250020380092427885e+00,3.600260422021904771e-01,1.693409947168151630e+00,6.008268619553057688e-01,3.606664003209448244e-01,8.413731731065147157e-01,-1.948328859059586526e-01,-5.839904897081731328e-01,-1.310046925403953073e-02,-5.715941894206021390e-01,6.216134131920756367e-01,3.643850632671082335e-01,0.000000000000000000e+00,0.000000000000000000e+00,5.339616623415676111e-01,7.108409781372613256e-01,4.230452339520751615e-01,-4.106427385304767808e-01,8.156966887908327912e-01,1.169513956014681527e-01,-7.200041419233935702e-01,-3.774647335768301359e-01,-4.668062001933125371e-01,-3.028481800313378436e-01,4.569733905006030938e-01,-3.669621702617922865e-01,-4.602362970513234064e-01,-5.183686688943279358e-02,-5.183686688943279358e-02,1.418158377741196352e+00,-1.040941436780788015e-01,-2.030901712371240009e-02,-8.401389803667852485e-02,-3.271524934852403366e-01,-5.191945123345532709e-01,-7.103890521813077674e-01,-5.752567881263277033e-02,-3.801429606348526863e-02,-1.147078669352808861e-01,-1.711160802546210780e-01,-7.340709118518067011e-02,-7.197411700355742237e-02,-1.244624194945742751e-01,-7.051263942166730025e-02,-2.872721242393142319e-02,-2.030901712371240009e-02,-2.019004323808653023e-01,-1.435916317235476011e-02,-1.435916317235476011e-02,-5.183686688943279358e-02,-3.801429606348527557e-02,-3.801429606348527557e-02,-1.558271304830920190e-01,-4.064318733121485144e-02,-8.148853797899899276e-02,-1.210011918676099085e-01,-5.569323991926412171e-02,-7.051263942166730025e-02,-4.979810447122927364e-02,-3.212131358814808435e-02,-2.030901712371240009e-02,-3.801429606348527557e-02,-6.749673070628271765e-02,-3.519076715388935045e-02,-1.435916317235476185e-02,-3.524455202264515918e-01,2.664300564093018409e+00,-2.907009498669055336e-01,-4.311306135592269523e-02,-3.519076715388935045e-02,-3.801429606348527557e-02,-1.435916317235476011e-02,-1.286658602907498339e-01,-4.767312946227962589e-02,-1.690913523558418063e+00,-2.487592975524973576e-02,2.013237442528823973e+00,-1.786283982422259831e-01,-4.979810447122926670e-02,5.840947806181536750e-01,-2.030901712371240009e-02,-4.892821642774447533e-01,-1.767766952966368654e-01
-4.807070107543667814e-01,4.047385190264539689e-01,-5.507016019503075954e-01,-1.284019034700219164e+00,-4.893615029393497129e-01,-7.258504430637744420e-01,5.905777172739697933e-01,-4.963069089824175273e-01,5.168867450326074531e-01,-6.302706439077716549e-01,-7.929226766468756571e-01,9.252135358773474483e-01,9.586157672998758539e-01,-5.806614522478935614e-01,2.800805936106286476e-01,-1.165982386103581181e+00,-5.831215192808524295e-01,-4.473910350717451578e-01,-5.578202869374400130e-01,-2.540969121879561032e-01,9.248938849348538049e-01,6.897882347921728829e-01,6.311416852539798450e-01,-7.360162761807014231e-01,5.625440118317706073e-01,-1.626089219596205560e+00,-2.482415229036441240e-01,-1.773242088314630704e+00,-1.202811734101178587e+00,-8.858084361354384706e-01,9.276940622890612609e-01,0.000000000000000000e+00,0.000000000000000000e+00,9.205658450309623930e-01,4.160901802106137248e-01,1.019699523791156359e+00,4.266931305280735609e-01,5.123988924560888281e-01,1.069559787497829983e+00,1.399519884253765056e+00,-3.774647335768301359e-01,1.696017942249628430e+00,-3.028481800313378436e-01,4.569733905006030938e-01,-3.669621702617922865e-01,3.938987894073740392e+00,-5.183686688943279358e-02,-5.183686688943279358e-02,-7.051398600435393460e-01,-1.040941436780788015e-01,-2.030901712371240009e-02,-8.401389803667852485e-02,-3.271524934852403366e-01,1.926060419058570616e+00,-7.103890521813077674e-01,-5.752567881263277033e-02,-3.801429606348526863e-02,-1.147078669352808861e-01,-1.711160802546210780e-01,-7.340709118518067011e-02,-7.197411700355742237e-02,-1.244624194945742751e-01,-7.051263942166730025e-02,-2.872721242393142319e-02,-2.030901712371240009e-02,-2.019004323808653023e-01,-1.435916317235476011e-02,-1.435916317235476011e-02,-5.183686688943279358e-02,-3.801429606348527557e-02,-3.801429606348527557e-02,-1.558271304830920190e-01,-4.064318733121485144e-02,-8.148853797899899276e-02,-1.210011918676099085e-01,-5.569323991926412171e-02,-7.051263942166730025e-02,-4.979810447122927364e-02,-3.212131358814808435e-02,-2.030901712371240009e-02,-3.801429606348527557e-02,-6.749673070628271765e-02,-3.519076715388935045e-02,-1.435916317235476185e-02,-3.524455202264515918e-01,-3.753330286669139260e-01,3.439961240091715222e+00,-4.311306135592269523e-02,-3.519076715388935045e-02,-3.801429606348527557e-02,-1.435916317235476011e-02,-1.286658602907498339e-01,-4.767312946227962589e-02,5.913962991410492975e-01,-2.487592975524973576e-02,-4.967123990818995694e-01,-1.786283982422259831e-01,-4.979810447122926670e-02,5.840947806181536750e-01,-2.030901712371240009e-02,-4.892821642774447533e-01,-1.767766952966368654e-01
-1.139844479296925756e-01,-5.537123258831522232e-01,-5.507016019503075954e-01,-2.878929612425566442e-01,8.739755189723863449e-01,2.782929405880055218e-01,-4.966680157416004104e-01,-4.963069089824175273e-01,-6.493539992246850634e-01,2.339273736042306151e+00,4.916798662872890469e-01,1.862399238684066816e-01,1.075223076826359092e+00,7.955407164935289765e-01,1.888272549307201120e-01,-3.438272696030836850e-01,-8.087874538665257296e-01,-1.474837529550597992e+00,-1.119469356124053627e+00,-5.883451993613747488e-01,3.600260422021904771e-01,-3.138334775838059199e-01,1.790683676428260984e+00,2.823319234279700329e-01,9.782874304053058856e-02,-9.525568272713834661e-01,-8.078231342445260088e-01,1.258580796191650364e-01,8.787032644288176320e-01,-2.436299481158024527e+00,9.276940622890612609e-01,0.000000000000000000e+00,0.000000000000000000e+00,5.339616623415676111e-01,7.108409781372613256e-01,1.247180890325345903e-01,1.923176488056646261e-01,3.427124601454611397e-01,-9.473935815327891308e-02,4.575092059528056976e-01,-3.774647335768301359e-01,-4.668062001933125371e-01,-6.135093179742474589e-01,-1.186301566740631808e+00,-3.669621702617922865e-01,1.739375798511208382e+00,-5.183686688943279358e-02,-5.183686688943279358e-02,1.418158377741196352e+00,-1.040941436780788015e-01,-2.030901712371240009e-02,-8.401389803667852485e-02,-3.271524934852403366e-01,-5.191945123345532709e-01,-7.103890521813077674e-01,-5.752567881263277033e-02,-3.801429606348526863e-02,-1.147078669352808861e-01,-1.711160802546210780e-01,-7.340709118518067011e-02,-7.197411700355742237e-02,-1.244624194945742751e-01,-7.051263942166730025e-02,-2.872721242393142319e-02,-2.030901712371240009e-02,-2.019004323808653023e-01,-1.435916317235476011e-02,-1.435916317235476011e-02,-5.183686688943279358e-02,-3.801429606348527557e-02,-3.801429606348527557e-02,-1.558271304830920190e-01,-4.064318733121485144e-02,-8.148853797899899276e-02,8.264381404557756383e+00,-5.569323991926412171e-02,-7.051263942166730025e-02,-4.979810447122927364e-02,-3.212131358814808435e-02,-2.030901712371240009e-02,-3.801429606348527557e-02,-6.749673070628271765e-02,-3.519076715388935045e-02,-1.435916317235476185e-02,-3.524455202264515918e-01,-3.753330286669139260e-01,-2.907009498669055336e-01,-4.311306135592269523e-02,-3.519076715388935045e-02,-3.801429606348527557e-02,-1.435916317235476011e-02,-1.286658602907498339e-01,-4.767312946227962589e-02,5.913962991410492975e-01,-2.487592975524973576e-02,-4.967123990818995694e-01,-1.786283982422259831e-01,-4.979810447122926670e-02,5.840947806181536750e-01,-2.030901712371240009e-02,-4.892821642774447533e-01,-1.767766952966368654e-01
3.185728374949908237e-01,-7.448690342834912714e-02,-4.977276807426366662e-02,7.082331122151057645e-01,-3.099750526878054524e-01,1.354160851643483987e+00,2.765069183305110201e+00,1.810913805415002020e+00,-6.623362709603883292e-02,2.339273736042306151e+00,8.414777418280475763e-01,4.325644612047202520e-01,-9.862383907357066826e-02,-4.894697796143467755e-02,7.363472870101713808e-01,2.316813119472644900e-01,9.387628447616762351e-02,-2.138804681447331324e-01,-1.053807589815569518e-01,8.015137498546251460e-02,3.600260422021904771e-01,-6.292804948981121915e-02,-5.814512466929810941e-01,1.178295219527231708e-01,8.413731731065147157e-01,2.261248592970551696e-01,-1.363252006354677692e-01,-4.299761158736532529e-01,1.179283047610044433e+00,1.864467346107001947e-02,3.643850632671082335e-01,0.000000000000000000e+00,0.000000000000000000e+00,5.339616623415676111e-01,4.160901802106137248e-01,4.230452339520751615e-01,6.316080070060455798e-01,1.370851906311036039e+00,3.286421493562152185e-01,1.399519884253765056e+00,-3.774647335768301359e-01,-4.668062001933125371e-01,-4.064018926789744190e-01,-2.472873054599261933e-01,-3.669621702617922865e-01,-4.602362970513234064e-01,-5.183686688943279358e-02,-5.183686688943279358e-02,-7.051398600435393460e-01,-1.040941436780788015e-01,-2.030901712371240009e-02,-8.401389803667852485e-02,-3.271524934852403366e-01,-5.191945123345532709e-01,1.407679351095596942e+00,-5.752567881263277033e-02,-3.801429606348526863e-02,-1.147078669352808861e-01,-1.711160802546210780e-01,-7.340709118518067011e-02,-7.197411700355742237e-02,-1.244624194945742751e-01,-7.051263942166730025e-02,-2.872721242393142319e-02,-2.030901712371240009e-02,-2.019004323808653023e-01,-1.435916317235476011e-02,-1.435916317235476011e-02,-5.183686688943279358e-02,-3.801429606348527557e-02,-3.801429606348527557e-02,-1.558271304830920190e-01,-4.064318733121485144e-02,-8.148853797899899276e-02,-1.210011918676099085e-01,-5.569323991926412171e-02,-7.051263942166730025e-02,-4.979810447122927364e-02,-3.212131358814808435e-02,-2.030901712371240009e-02,-3.801429606348527557e-02,-6.749673070628271765e-02,-3.519076715388935045e-02,-1.435916317235476185e-02,-3.524455202264515918e-01,-3.753330286669139260e-01,-2.907009498669055336e-01,-4.311306135592269523e-02,-3.519076715388935045e-02,-3.801429606348527557e-02,-1.435916317235476011e-02,-1.286658602907498339e-01,-4.767312946227962589e-02,5.913962991410492975e-01,-2.487592975524973576e-02,-4.967123990818995694e-01,-1.786283982422259831e-01,-4.979810447122926670e-02,5.840947806181536750e-01,-2.030901712371240009e-02,-4.892821642774447533e-01,-1.767766952966368654e-01
-4.345565393840085666e-01,-5.537123258831522232e-01,-4.977276807426366662e-02,7.082331122151057645e-01,1.770907770230107481e+00,1.031400478326840453e+00,5.905777172739697933e-01,-4.963069089824175273e-01,-6.623362709603883292e-02,-3.636176791775609651e-02,8.414777418280475763e-01,-5.527336881405341407e-01,2.278766276005819158e-01,4.905868268292366552e-01,2.800805936106286476e-01,6.427588701975132102e-01,-1.895668281666913063e-02,6.633221216768130091e-02,2.924539983589609649e-01,3.837033908878519084e-02,-6.362483984730694930e-02,-5.647389056778006067e-01,2.484521928049954892e-02,8.463401570573877430e-01,4.696009580735226452e-01,6.470826045000689364e-01,-6.959068119763496263e-01,-1.057395018361759059e-01,-8.120580159655836905e-01,1.181512957228009419e+00,-5.809668599935657873e-02,0.000000000000000000e+00,0.000000000000000000e+00,1.473574796521728292e-01,-7.629130114959765674e-01,-1.736090558870059808e-01,6.807090157467737823e-01,2.425039371273739197e-01,1.069559787497829983e+00,9.285145451032854602e-01,-3.774647335768301359e-01,-4.668062001933125371e-01,-1.992944673837013236e-01,-1.253374013974976713e-02,-3.669621702617922865e-01,-4.602362970513234064e-01,-5.183686688943279358e-02,-5.183686688943279358e-02,-7.051398600435393460e-01,-1.040941436780788015e-01,-2.030901712371240009e-02,-8.401389803667852485e-02,-3.271524934852403366e-01,-5.191945123345532709e-01,1.407679351095596942e+00,-5.752567881263277033e-02,-3.801429606348526863e-02,-1.147078669352808861e-01,-1.711160802546210780e-01,-7.340709118518067011e-02,-7.197411700355742237e-02,-1.244624194945742751e-01,-7.051263942166730025e-02,-2.872721242393142319e-02,-2.030901712371240009e-02,-2.019004323808653023e-01,-1.435916317235476011e-02,-1.435916317235476011e-02,-5.183686688943279358e-02,-3.801429606348527557e-02,-3.801429606348527557e-02,-1.558271304830920190e-01,-4.064318733121485144e-02,-8.148853797899899276e-02,-1.210011918676099085e-01,-5.569323991926412171e-02,-7.051263942166730025e-02,-4.979810447122927364e-02,-3.212131358814808435e-02,-2.030901712371240009e-02,-3.801429606348527557e-02,-6.749673070628271765e-02,-3.519076715388935045e-02,-1.435916317235476185e-02,-3.524455202264515918e-01,-3.753330286669139260e-01,-2.907009498669055336e-01,-4.311306135592269523e-02,-3.519076715388935045e-02,-3.801429606348527557e-02,-1.435916317235476011e-02,-1.286658602907498339e-01,-4.767312946227962589e-02,-1.690913523558418063e+00,-2.487592975524973576e-02,2.013237442528823973e+00,-1.786283982422259831e-01,-4.979810447122926670e-02,-1.712050908829709783e+00,-2.030901712371240009e-02,-4.892821642774447533e-01,5.656854249492379694e+00
-1.682401992181423445e-01,1.842414786390863091e+00,-4.977276807426366662e-02,7.082331122151057645e-01,1.292055776497412142e-02,3.858797316935533850e-01,-4.966680157416004104e-01,-4.963069089824175273e-01,5.168867450326074531e-01,-6.302706439077716549e-01,8.414777418280475763e-01,9.252135358773474483e-01,-5.337991452384114807e-03,7.173474114514029054e-01,2.105147367208799469e+00,-7.549048278533324607e-01,-8.087874538665257296e-01,1.597364389384861028e-01,8.072989784466901853e-01,8.739910570223318187e-01,2.478280452449677540e+00,2.195220803356141115e+00,-8.770207738550525045e-01,-1.010186945306112749e+00,-3.668865257507094579e-01,-5.315990820683696993e-01,-3.601578451718204787e-01,-2.446980507093804713e-01,-8.947174563404211023e-01,6.171386915614185398e-02,2.195139310088455531e+00,0.000000000000000000e+00,0.000000000000000000e+00,1.307170027720357286e+00,1.889844169843851507e+00,1.914680958549777934e+00,1.865680026689679138e+00,-9.760317027725666783e-01,-3.064301119080259928e-01,4.575092059528056976e-01,-3.774647335768301359e-01,-4.668062001933125371e-01,-8.206167432695206099e-01,-1.186301566740631808e+00,-3.669621702617922865e-01,-4.602362970513234064e-01,-5.183686688943279358e-02,-5.183686688943279358e-02,-7.051398600435393460e-01,-1.040941436780788015e-01,-2.030901712371240009e-02,-8.401389803667852485e-02,-3.271524934852403366e-01,-5.191945123345532709e-01,1.407679351095596942e+00,-5.752567881263277033e-02,-3.801429606348526863e-02,-1.147078669352808861e-01,-1.711160802546210780e-01,-7.340709118518067011e-02,-7.197411700355742237e-02,-1.244624194945742751e-01,-7.051263942166730025e-02,-2.872721242393142319e-02,-2.030901712371240009e-02,-2.019004323808653023e-01,-1.435916317235476011e-02,-1.435916317235476011e-02,-5.183686688943279358e-02,-3.801429606348527557e-02,-3.801429606348527557e-02,-1.558271304830920190e-01,-4.064318733121485144e-02,-8.148853797899899276e-02,-1.210011918676099085e-01,-5.569323991926412171e-02,-7.051263942166730025e-02,-4.979810447122927364e-02,-3.212131358814808435e-02,-2.030901712371240009e-02,-3.801429606348527557e-02,-6.749673070628271765e-02,-3.519076715388935045e-02,-1.435916317235476185e-02,-3.524455202264515918e-01,-3.753330286669139260e-01,-2.907009498669055336e-01,-4.311306135592269523e-02,-3.519076715388935045e-02,-3.801429606348527557e-02,-1.435916317235476011e-02,-1.286658602907498339e-01,-4.767312946227962589e-02,5.913962991410492975e-01,-2.487592975524973576e-02,-4.967123990818995694e-01,-1.786283982422259831e-01,-4.979810447122926670e-02,5.840947806181536750e-01,-2.030901712371240009e-02,-4.892821642774447533e-01,-1.767766952966368654e-01
-4.345565393840085666e-01,-5.537123258831522232e-01,-4.977276807426366662e-02,7.082331122151057645e-01,1.017484679173621842e+00,7.803646324138955315e-01,-4.966680157416004104e-01,1.810913805415002020e+00,-6.493539992246850634e-01,-6.302706439077716549e-01,8.414777418280475763e-01,-6.008461346790693741e-02,1.362854440325017569e+00,7.095280809471901096e-01,-9.974661479080908499e-01,2.316813119472644900e-01,-8.087874538665257296e-01,-1.801752323248414722e+00,-1.236479578871264806e+00,-1.006155558328148070e+00,-1.334577485995799284e+00,-1.317455189959784834e+00,8.963963891173775123e-01,1.488682867579780744e+00,-3.668865257507094579e-01,-1.106413368653558910e-01,8.750744390088503744e-02,-1.773242088314630704e+00,-1.202811734101178587e+00,3.201290433265728819e-01,-1.325541933798751071e+00,0.000000000000000000e+00,0.000000000000000000e+00,-2.172267616484195862e+00,-1.057663809422624057e+00,-7.702633457260871230e-01,-5.094994361284761464e-01,-1.652773261554715711e+00,-1.047347750049640647e+00,-1.191009481073873166e+00,2.229056864403530014e+00,-4.668062001933125371e-01,-1.027724168564793761e+00,-7.167944361002790421e-01,-3.669621702617922865e-01,-4.602362970513234064e-01,-5.183686688943279358e-02,-5.183686688943279358e-02,-7.051398600435393460e-01,-1.040941436780788015e-01,-2.030901712371240009e-02,-8.401389803667852485e-02,-3.271524934852403366e-01,-5.191945123345532709e-01,1.407679351095596942e+00,-5.752567881263277033e-02,-3.801429606348526863e-02,-1.147078669352808861e-01,-1.711160802546210780e-01,-7.340709118518067011e-02,-7.197411700355742237e-02,-1.244624194945742751e-01,-7.051263942166730025e-02,-2.872721242393142319e-02,-2.030901712371240009e-02,-2.019004323808653023e-01,-1.435916317235476011e-02,-1.435916317235476011e-02,-5.183686688943279358e-02,-3.801429606348527557e-02,-3.801429606348527557e-02,-1.558271304830920190e-01,-4.064318733121485144e-02,-8.148853797899899276e-02,-1.210011918676099085e-01,-5.569323991926412171e-02,-7.051263942166730025e-02,-4.979810447122927364e-02,-3.212131358814808435e-02,-2.030901712371240009e-02,-3.801429606348527557e-02,-6.749673070628271765e-02,-3.519076715388935045e-02,-1.435916317235476185e-02,-3.524455202264515918e-01,-3.753330286669139260e-01,-2.907009498669055336e-01,-4.311306135592269523e-02,-3.519076715388935045e-02,-3.801429606348527557e-02,-1.435916317235476011e-02,-1.286658602907498339e-01,-4.767312946227962589e-02,5.913962991410492975e-01,-2.487592975524973576e-02,-4.967123990818995694e-01,-1.786283982422259831e-01,-4.979810447122926670e-02,5.840947806181536750e-01,-2.030901712371240009e-02,-4.892821642774447533e-01,-1.767766952966368654e-01
4.047534668281686510e-01,4.047385190264539689e-01,-5.507016019503075954e-01,7.082331122151057645e-01,3.528894982695240934e+00,2.716926872313756736e+00,-4.966680157416004104e-01,-4.963069089824175273e-01,-6.493539992246850634e-01,-3.636176791775609651e-02,8.414777418280475763e-01,-5.527336881405341407e-01,3.833530403025595112e-01,6.391541064092766122e-01,-8.493276110900550846e-02,4.783278468974136999e-01,9.387628447616762351e-02,1.233885046802741359e+00,-2.769957523441332614e-01,2.472755185721718374e-01,-4.872757218968044035e-01,-1.066549761865789980e+00,1.949836498746299496e+00,2.029190758141305562e+00,4.696009580735226452e-01,-7.841737291901780260e-01,-8.078231342445260088e-01,-1.217407892821812387e+00,-1.052521842510565131e+00,6.171386915614185398e-02,-4.805784352658213909e-01,0.000000000000000000e+00,0.000000000000000000e+00,-2.392467030372219805e-01,-1.057663809422624057e+00,-7.702633457260871230e-01,1.386454181380172734e+00,1.528513315859493238e+00,1.810477425639444693e+00,1.635022553829005076e+00,-3.774647335768301359e-01,1.696017942249628430e+00,-4.064018926789744190e-01,-2.472873054599261933e-01,9.137094037957288473e-01,-4.602362970513234064e-01,-5.183686688943279358e-02,-5.183686688943279358e-02,-7.051398600435393460e-01,-1.040941436780788015e-01,-2.030901712371240009e-02,-8.401389803667852485e-02,-3.271524934852403366e-01,-5.191945123345532709e-01,1.407679351095596942e+00,-5.752567881263277033e-02,-3.801429606348526863e-02,-1.147078669352808861e-01,-1.711160802546210780e-01,-7.340709118518067011e-02,-7.197411700355742237e-02,-1.244624194945742751e-01,-7.051263942166730025e-02,-2.872721242393142319e-02,-2.030901712371240009e-02,-2.019004323808653023e-01,-1.435916317235476011e-02,-1.435916317235476011e-02,-5.183686688943279358e-02,-3.801429606348527557e-02,-3.801429606348527557e-02,-1.558271304830920190e-01,-4.064318733121485144e-02,-8.148853797899899276e-02,-1.210011918676099085e-01,-5.569323991926412171e-02,-7.051263942166730025e-02,-4.979810447122927364e-02,-3.212131358814808435e-02,-2.030901712371240009e-02,-3.801429606348527557e-02,-6.749673070628271765e-02,-3.519076715388935045e-02,-1.435916317235476185e-02,-3.524455202264515918e-01,-3.753330286669139260e-01,-2.907009498669055336e-01,-4.311306135592269523e-02,-3.519076715388935045e-02,-3.801429606348527557e-02,-1.435916317235476011e-02,-1.286658602907498339e-01,-4.767312946227962589e-02,-1.690913523558418063e+00,-2.487592975524973576e-02,2.013237442528823973e+00,-1.786283982422259831e-01,-4.979810447122926670e-02,5.840947806181536750e-01,-2.030901712371240009e-02,-4.892821642774447533e-01,-1.767766952966368654e-01
-1.064948820360478443e+00,-5.537123258831522232e-01,1.453013733553867981e+00,-1.284019034700219164e+00,-9.557662735933646347e-01,-4.748145971508294649e-01,1.677823450289539942e+00,-4.963069089824175273e-01,-6.493539992246850634e-01,5.575471080722594897e-01,-2.035308234601983290e+00,-6.008461346790693741e-02,-2.353031823252243360e+00,-2.340010815695734880e+00,-3.826319646985255396e+00,-4.454602852105570499e+00,-8.087874538665257296e-01,-1.801752323248414722e+00,-1.236479578871264806e+00,-2.384929742918500128e+00,7.554335321150548177e-01,-6.292804948981121915e-02,-2.294238763068062958e+00,-2.326206157108087869e+00,-3.898722568564133795e+00,-4.572793436017302149e+00,-8.078231342445260088e-01,-1.773242088314630704e+00,-1.202811734101178587e+00,-2.436299481158024527e+00,7.587013625824753360e-01,0.000000000000000000e+00,0.000000000000000000e+00,5.339616623415676111e-01,1.213393822839661657e-01,-1.736090558870059808e-01,-1.366475708683317691e+00,-8.217105773247123102e-01,-7.298116194175201521e-01,-7.200041419233935702e-01,-3.774647335768301359e-01,-4.668062001933125371e-01,-1.441939019155339841e+00,-1.186301566740631808e+00,-3.669621702617922865e-01,-4.602362970513234064e-01,-5.183686688943279358e-02,-5.183686688943279358e-02,-7.051398600435393460e-01,-1.040941436780788015e-01,-2.030901712371240009e-02,-8.401389803667852485e-02,-3.271524934852403366e-01,1.926060419058570616e+00,-7.103890521813077674e-01,-5.752567881263277033e-02,-3.801429606348526863e-02,-1.147078669352808861e-01,5.843986132174123327e+00,-7.340709118518067011e-02,-7.197411700355742237e-02,-1.244624194945742751e-01,-7.051263942166730025e-02,-2.872721242393142319e-02,-2.030901712371240009e-02,-2.019004323808653023e-01,-1.435916317235476011e-02,-1.435916317235476011e-02,-5.183686688943279358e-02,-3.801429606348527557e-02,-3.801429606348527557e-02,-1.558271304830920190e-01,-4.064318733121485144e-02,-8.148853797899899276e-02,-1.210011918676099085e-01,-5.569323991926412171e-02,-7.051263942166730025e-02,-4.979810447122927364e-02,-3.212131358814808435e-02,-2.030901712371240009e-02,-3.801429606348527557e-02,-6.749673070628271765e-02,-3.519076715388935045e-02,-1.435916317235476185e-02,-3.524455202264515918e-01,-3.753330286669139260e-01,-2.907009498669055336e-01,-4.311306135592269523e-02,-3.519076715388935045e-02,-3.801429606348527557e-02,-1.435916317235476011e-02,-1.286658602907498339e-01,-4.767312946227962589e-02,5.913962991410492975e-01,-2.487592975524973576e-02,-4.967123990818995694e-01,-1.786283982422259831e-01,-4.979810447122926670e-02,-1.712050908829709783e+00,-2.030901712371240009e-02,-4.892821642774447533e-01,5.656854249492379694e+00
-5.369477285533695854e-01,-7.448690342834912714e-02,-4.977276807426366662e-02,7.082331122151057645e-01,-4.176069228387320198e-01,2.424306768861562156e-01,-4.966680157416004104e-01,2.964524162613712210e+00,2.266247861418546172e+00,1.151455984062275117e+00,8.414777418280475763e-01,-3.064091508042205425e-01,4.130493235820915932e-02,-6.588547572900199656e-01,7.363472870101713808e-01,-2.616117579530339854e-01,-3.574555846951790183e-01,4.866512326363029439e-01,8.697044305785360807e-01,-1.705348403946014557e-01,-6.362483984730694930e-02,6.897882347921728829e-01,-2.934604253555775921e-01,6.348370694463559838e-01,1.027259280623010751e+00,1.419333102564523941e-01,9.828380220462961114e-01,3.574556610745059926e-01,-2.303608511486300581e-02,2.770598476315010439e-01,-5.809668599935657873e-02,0.000000000000000000e+00,0.000000000000000000e+00,1.473574796521728292e-01,-1.057663809422624057e+00,4.230452339520751615e-01,-3.523762081581460759e-01,1.636732323531453204e-01,5.403329031109622704e-01,1.164017214678525258e+00,-3.774647335768301359e-01,-4.668062001933125371e-01,5.255815211497544270e-01,2.100248347741838106e+00,-3.669621702617922865e-01,-4.602362970513234064e-01,-5.183686688943279358e-02,-5.183686688943279358e-02,-7.051398600435393460e-01,-1.040941436780788015e-01,-2.030901712371240009e-02,-8.401389803667852485e-02,-3.271524934852403366e-01,-5.191945123345532709e-01,1.407679351095596942e+00,-5.752567881263277033e-02,-3.801429606348526863e-02,-1.147078669352808861e-01,-1.711160802546210780e-01,-7.340709118518067011e-02,-7.197411700355742237e-02,-1.244624194945742751e-01,-7.051263942166730025e-02,-2.872721242393142319e-02,-2.030901712371240009e-02,-2.019004323808653023e-01,-1.435916317235476011e-02,-1.435916317235476011e-02,-5.183686688943279358e-02,-3.801429606348527557e-02,-3.801429606348527557e-02,-1.558271304830920190e-01,-4.064318733121485144e-02,-8.148853797899899276e-02,-1.210011918676099085e-01,-5.569323991926412171e-02,-7.051263942166730025e-02,-4.979810447122927364e-02,-3.212131358814808435e-02,-2.030901712371240009e-02,-3.801429606348527557e-02,-6.749673070628271765e-02,-3.519076715388935045e-02,-1.435916317235476185e-02,-3.524455202264515918e-01,-3.753330286669139260e-01,-2.907009498669055336e-01,-4.311306135592269523e-02,-3.519076715388935045e-02,-3.801429606348527557e-02,-1.435916317235476011e-02,-1.286658602907498339e-01,-4.767312946227962589e-02,5.913962991410492975e-01,-2.487592975524973576e-02,-4.967123990818995694e-01,-1.786283982422259831e-01,-4.979810447122926670e-02,5.840947806181536750e-01,-2.030901712371240009e-02,-4.892821642774447533e-01,-1.767766952966368654e-01
5.013551703417499228e-01,4.047385190264539689e-01,-5.507016019503075954e-01,-1.284019034700219164e+00,-2.740977626374966336e-01,-1.084473080082267282e+00,5.905777172739697933e-01,-4.963069089824175273e-01,5.168867450326074531e-01,-6.302706439077716549e-01,-1.317619489958013590e+00,-1.291707300149474991e+00,-4.173504851126241810e-01,-4.320941726678536599e-01,4.625872709704457186e-01,3.138968235973142451e-01,-1.317896501095057737e-01,-1.204762413739283167e-01,1.969600524402320918e+00,-2.958779480846334686e-01,-6.362483984730694930e-02,-6.292804948981121915e-02,7.789616005317896719e-02,-2.190087286870682215e-01,9.782874304053058856e-02,-2.790244349465614282e-01,-4.720741674399969168e-01,-1.057395018361759059e-01,6.983553945200813295e-01,6.646826088871474747e-01,-5.809668599935657873e-02,0.000000000000000000e+00,0.000000000000000000e+00,-2.392467030372219805e-01,-1.352414607349271769e+00,-1.736090558870059808e-01,1.394965022895232165e+00,1.740287327837717557e+00,8.578690337430828761e-01,-9.555068114986333683e-01,-3.774647335768301359e-01,-4.668062001933125371e-01,1.146903797035573769e+00,2.335001913062014545e+00,-3.669621702617922865e-01,1.739375798511208382e+00,-5.183686688943279358e-02,-5.183686688943279358e-02,-7.051398600435393460e-01,-1.040941436780788015e-01,-2.030901712371240009e-02,-8.401389803667852485e-02,-3.271524934852403366e-01,1.926060419058570616e+00,-7.103890521813077674e-01,-5.752567881263277033e-02,-3.801429606348526863e-02,-1.147078669352808861e-01,-1.711160802546210780e-01,-7.340709118518067011e-02,-7.197411700355742237e-02,-1.244624194945742751e-01,-7.051263942166730025e-02,-2.872721242393142319e-02,-2.030901712371240009e-02,-2.019004323808653023e-01,-1.435916317235476011e-02,-1.435916317235476011e-02,-5.183686688943279358e-02,-3.801429606348527557e-02,-3.801429606348527557e-02,-1.558271304830920190e-01,-4.064318733121485144e-02,-8.148853797899899276e-02,-1.210011918676099085e-01,-5.569323991926412171e-02,-7.051263942166730025e-02,-4.979810447122927364e-02,3.113197712963312824e+01,-2.030901712371240009e-02,-3.801429606348527557e-02,-6.749673070628271765e-02,-3.519076715388935045e-02,-1.435916317235476185e-02,-3.524455202264515918e-01,-3.753330286669139260e-01,-2.907009498669055336e-01,-4.311306135592269523e-02,-3.519076715388935045e-02,-3.801429606348527557e-02,-1.435916317235476011e-02,-1.286658602907498339e-01,-4.767312946227962589e-02,5.913962991410492975e-01,-2.487592975524973576e-02,-4.967123990818995694e-01,-1.786283982422259831e-01,-4.979810447122926670e-02,5.840947806181536750e-01,-2.030901712371240009e-02,-4.892821642774447533e-01,-1.767766952966368654e-01
1.012649460685037361e+00,-5.537123258831522232e-01,2.955800235181999636e+00,7.082331122151057645e-01,-3.458523427381143267e-01,6.727778413083476128e-01,-4.966680157416004104e-01,6.573034482162921632e-01,-6.493539992246850634e-01,2.933182612032321668e+00,8.414777418280475763e-01,-2.277005449494729383e+00,-6.194698216251950385e-01,2.794649032154956636e-01,9.757391625081156261e-02,5.605433585474633995e-01,9.387628447616762351e-02,1.963009878227889651e-02,-3.706039305419021046e-01,-3.410696807892142027e-03,-1.334577485995799284e+00,-2.070171474241768728e+00,-3.237752486542516683e-01,4.625012202818118423e-01,9.782874304053058856e-02,1.068040349703082814e+00,-6.959068119763496263e-01,-1.520590181272440944e-01,5.255220191908759331e-01,1.353789740008296771e+00,-1.325541933798751071e+00,0.000000000000000000e+00,0.000000000000000000e+00,-1.399059251105406521e+00,-2.236667001129214238e+00,-1.963571925404249408e+00,9.569840249279373268e-01,-4.135278602310371032e-01,-9.473935815327891308e-02,2.220065363775658440e-01,-3.774647335768301359e-01,-4.668062001933125371e-01,-4.064018926789744190e-01,-1.186301566740631808e+00,-3.669621702617922865e-01,-4.602362970513234064e-01,-5.183686688943279358e-02,-5.183686688943279358e-02,-7.051398600435393460e-01,-1.040941436780788015e-01,-2.030901712371240009e-02,-8.401389803667852485e-02,-3.271524934852403366e-01,-5.191945123345532709e-01,1.407679351095596942e+00,-5.752567881263277033e-02,-3.801429606348526863e-02,-1.147078669352808861e-01,-1.711160802546210780e-01,-7.340709118518067011e-02,-7.197411700355742237e-02,-1.244624194945742751e-01,-7.051263942166730025e-02,-2.872721242393142319e-02,-2.030901712371240009e-02,-2.019004323808653023e-01,-1.435916317235476011e-02,-1.435916317235476011e-02,-5.183686688943279358e-02,-3.801429606348527557e-02,-3.801429606348527557e-02,-1.558271304830920190e-01,-4.064318733121485144e-02,-8.148853797899899276e-02,-1.210011918676099085e-01,-5.569323991926412171e-02,-7.051263942166730025e-02,-4.979810447122927364e-02,-3.212131358814808435e-02,-2.030901712371240009e-02,-3.801429606348527557e-02,-6.749673070628271765e-02,-3.519076715388935045e-02,-1.435916317235476185e-02,-3.524455202264515918e-01,-3.753330286669139260e-01,-2.907009498669055336e-01,-4.311306135592269523e-02,-3.519076715388935045e-02,-3.801429606348527557e-02,-1.435916317235476011e-02,-1.286658602907498339e-01,-4.767312946227962589e-02,-1.690913523558418063e+00,-2.487592975524973576e-02,2.013237442528823973e+00,-1.786283982422259831e-01,-4.979810447122926670e-02,5.840947806181536750e-01,-2.030901712371240009e-02,-4.892821642774447533e-01,-1.767766952966368654e-01
4.082271582216364658e-01,8.839639414812570095e-01,-5.507016019503075954e-01,-2.878929612425566442e-01,-6.328706631405850436e-01,-5.824013882563773281e-01,5.905777172739697933e-01,-4.963069089824175273e-01,5.168867450326074531e-01,-6.302706439077716549e-01,-9.075116358757447932e-01,1.910511685222601841e+00,-1.763620454245594382e-01,-2.913462235920262211e-01,4.625872709704457186e-01,-8.371203395033821604e-01,-1.317896501095057737e-01,6.633221216768130091e-02,-1.989889371793257811e-01,3.308375903655265127e-01,9.248938849348538049e-01,1.879773786041834815e-01,-1.949372496348871220e-01,1.178295219527231708e-01,2.235518979480235036e+00,-6.999821801495752505e-01,-8.078231342445260088e-01,-4.762956321647214275e-01,-8.646594780222983667e-01,1.310720544313225044e+00,9.276940622890612609e-01,0.000000000000000000e+00,0.000000000000000000e+00,9.205658450309623930e-01,1.300342573990556527e+00,7.213723788716157603e-01,3.324191937458755297e-01,6.734005861051489683e-01,5.403329031109622704e-01,1.399519884253765056e+00,-3.774647335768301359e-01,-4.668062001933125371e-01,1.113666705592083056e-01,-4.820408707801026038e-01,-3.669621702617922865e-01,-4.602362970513234064e-01,-5.183686688943279358e-02,-5.183686688943279358e-02,1.418158377741196352e+00,-1.040941436780788015e-01,-2.030901712371240009e-02,-8.401389803667852485e-02,-3.271524934852403366e-01,-5.191945123345532709e-01,-7.103890521813077674e-01,-5.752567881263277033e-02,-3.801429606348526863e-02,-1.147078669352808861e-01,-1.711160802546210780e-01,-7.340709118518067011e-02,-7.197411700355742237e-02,-1.244624194945742751e-01,-7.051263942166730025e-02,-2.872721242393142319e-02,-2.030901712371240009e-02,-2.019004323808653023e-01,-1.435916317235476011e-02,-1.435916317235476011e-02,-5.183686688943279358e-02,-3.801429606348527557e-02,-3.801429606348527557e-02,-1.558271304830920190e-01,-4.064318733121485144e-02,-8.148853797899899276e-02,-1.210011918676099085e-01,-5.569323991926412171e-02,-7.051263942166730025e-02,-4.979810447122927364e-02,-3.212131358814808435e-02,-2.030901712371240009e-02,-3.801429606348527557e-02,-6.749673070628271765e-02,-3.519076715388935045e-02,-1.435916317235476185e-02,-3.524455202264515918e-01,-3.753330286669139260e-01,-2.907009498669055336e-01,-4.311306135592269523e-02,-3.519076715388935045e-02,-3.801429606348527557e-02,-1.435916317235476011e-02,-1.286658602907498339e-01,-4.767312946227962589e-02,-1.690913523558418063e+00,-2.487592975524973576e-02,2.013237442528823973e+00,-1.786283982422259831e-01,-4.979810447122926670e-02,5.840947806181536750e-01,-2.030901712371240009e-02,-4.892821642774447533e-01,-1.767766952966368654e-01
-6.588577550765021273e-01,-5.537123258831522232e-01,4.511560658017802483e-01,-2.878929612425566442e-01,-5.252387929896585872e-01,-5.106768608526787157e-01,-4.966680157416004104e-01,6.573034482162921632e-01,-6.493539992246850634e-01,-6.302706439077716549e-01,-1.534735412707449731e+00,1.862399238684066816e-01,6.165676593555254881e-01,9.050113435525062311e-01,-4.499461158286396367e-01,3.138968235973142451e-01,-6.959544865736890795e-01,2.998427790946933125e-01,-7.996414139483429828e-01,8.739910570223318187e-01,-7.697096432631360674e-01,-3.138334775838059199e-01,-8.088124214330361106e-01,-3.130101009586379601e-01,4.885689282282582209e-03,6.470826045000689364e-01,-5.839904897081731328e-01,-1.310046925403953073e-02,1.013964166860369831e+00,2.770598476315010439e-01,-4.805784352658213909e-01,0.000000000000000000e+00,0.000000000000000000e+00,-2.392467030372219805e-01,-1.734114156426813935e-01,-4.719362008065465242e-01,-8.263646125353082406e-01,8.123564046902299607e-01,2.227967724788416926e-01,1.635022553829005076e+00,-3.774647335768301359e-01,-4.668062001933125371e-01,-9.574075473606477593e-02,6.917269558207794766e-01,-3.669621702617922865e-01,-4.602362970513234064e-01,-5.183686688943279358e-02,-5.183686688943279358e-02,1.418158377741196352e+00,-1.040941436780788015e-01,-2.030901712371240009e-02,-8.401389803667852485e-02,-3.271524934852403366e-01,-5.191945123345532709e-01,-7.103890521813077674e-01,-5.752567881263277033e-02,-3.801429606348526863e-02,-1.147078669352808861e-01,-1.711160802546210780e-01,-7.340709118518067011e-02,-7.197411700355742237e-02,-1.244624194945742751e-01,-7.051263942166730025e-02,-2.872721242393142319e-02,-2.030901712371240009e-02,-2.019004323808653023e-01,-1.435916317235476011e-02,-1.435916317235476011e-02,-5.183686688943279358e-02,-3.801429606348527557e-02,-3.801429606348527557e-02,-1.558271304830920190e-01,-4.064318733121485144e-02,-8.148853797899899276e-02,-1.210011918676099085e-01,-5.569323991926412171e-02,-7.051263942166730025e-02,-4.979810447122927364e-02,-3.212131358814808435e-02,-2.030901712371240009e-02,-3.801429606348527557e-02,-6.749673070628271765e-02,-3.519076715388935045e-02,-1.435916317235476185e-02,2.837317947345407543e+00,-3.753330286669139260e-01,-2.907009498669055336e-01,-4.311306135592269523e-02,-3.519076715388935045e-02,-3.801429606348527557e-02,-1.435916317235476011e-02,-1.286658602907498339e-01,-4.767312946227962589e-02,-1.690913523558418063e+00,-2.487592975524973576e-02,2.013237442528823973e+00,-1.786283982422259831e-01,-4.979810447122926670e-02,5.840947806181536750e-01,-2.030901712371240009e-02,-4.892821642774447533e-01,-1.767766952966368654e-01
-2.569020366895115037e-01,-5.537123258831522232e-01,-5.507016019503075954e-01,-2.878929612425566442e-01,-2.023431825368789405e-01,9.898162207875908780e-02,-4.966680157416004104e-01,-4.963069089824175273e-01,-6.493539992246850634e-01,-6.302706439077716549e-01,-1.570921399832355903e+00,6.788889985410339056e-01,-6.116960009900960227e-01,-4.711908251889166399e-01,-7.237061318683652988e-01,4.783278468974136999e-01,9.387628447616762351e-02,2.531406657092908907e-01,-7.060332357505740841e-01,2.472755185721718374e-01,9.248938849348538049e-01,6.897882347921728829e-01,1.915767474232064616e-01,1.569967603992103999e-01,2.837148505570266099e-01,5.774176121584963933e-02,-6.959068119763496263e-01,-8.468517624932668797e-01,-1.127666788305871748e+00,1.181512957228009419e+00,9.276940622890612609e-01,0.000000000000000000e+00,0.000000000000000000e+00,9.205658450309623930e-01,1.005591776063908815e+00,1.019699523791156359e+00,2.991729827143711162e+00,6.333171768979141136e-01,5.403329031109622704e-01,2.220065363775658440e-01,-3.774647335768301359e-01,-4.668062001933125371e-01,1.561118647626119849e+00,1.161234086461132353e+00,-3.669621702617922865e-01,1.739375798511208382e+00,-5.183686688943279358e-02,-5.183686688943279358e-02,1.418158377741196352e+00,-1.040941436780788015e-01,-2.030901712371240009e-02,-8.401389803667852485e-02,-3.271524934852403366e-01,-5.191945123345532709e-01,-7.103890521813077674e-01,-5.752567881263277033e-02,-3.801429606348526863e-02,-1.147078669352808861e-01,-1.711160802546210780e-01,-7.340709118518067011e-02,-7.197411700355742237e-02,-1.244624194945742751e-01,-7.051263942166730025e-02,-2.872721242393142319e-02,-2.030901712371240009e-02,-2.019004323808653023e-01,-1.435916317235476011e-02,-1.435916317235476011e-02,-5.183686688943279358e-02,-3.801429606348527557e-02,-3.801429606348527557e-02,-1.558271304830920190e-01,-4.064318733121485144e-02,-8.148853797899899276e-02,-1.210011918676099085e-01,-5.569323991926412171e-02,-7.051263942166730025e-02,-4.979810447122927364e-02,-3.212131358814808435e-02,-2.030901712371240009e-02,-3.801429606348527557e-02,-6.749673070628271765e-02,-3.519076715388935045e-02,-1.435916317235476185e-02,2.837317947345407543e+00,-3.753330286669139260e-01,-2.907009498669055336e-01,-4.311306135592269523e-02,-3.519076715388935045e-02,-3.801429606348527557e-02,-1.435916317235476011e-02,-1.286658602907498339e-01,-4.767312946227962589e-02,-1.690913523558418063e+00,-2.487592975524973576e-02,2.013237442528823973e+00,-1.786283982422259831e-01,-4.979810447122926670e-02,-1.712050908829709783e+00,-2.030901712371240009e-02,2.043810449286999731e+00,-1.767766952966368654e-01
1.323462133462467438e+00,-5.537123258831522232e-01,9.520848996778241702e-01,7.082331122151057645e-01,2.309067120984740207e+00,6.369155776064983066e-01,-4.966680157416004104e-01,-4.963069089824175273e-01,-6.493539992246850634e-01,5.575471080722594897e-01,8.414777418280475763e-01,-2.030680912158415730e+00,2.201028069654832053e-01,1.640028410948492832e+00,3.713339322905371831e-01,6.725028864716499355e-02,-1.895668281666913063e-02,6.633221216768130091e-02,-9.712564073109193341e-01,9.575531288156864385e-01,-1.617011407362130893e+00,-2.321076902335763581e+00,1.260174268701466094e+00,2.039974465349952693e-01,4.885689282282582209e-03,1.419333102564523941e-01,1.994237661690613783e-01,4.037751773655741672e-01,1.592580249484231603e+00,6.171386915614185398e-02,-1.607196433309727501e+00,0.000000000000000000e+00,0.000000000000000000e+00,-2.945475981862985648e+00,-1.647165405275919259e+00,-1.963571925404249408e+00,7.697455115966274075e-01,5.277580021312879011e-02,-8.356569962948936503e-01,-4.845014723481537167e-01,-3.774647335768301359e-01,-4.668062001933125371e-01,-1.992944673837013236e-01,-7.167944361002790421e-01,-3.669621702617922865e-01,-4.602362970513234064e-01,-5.183686688943279358e-02,-5.183686688943279358e-02,-7.051398600435393460e-01,-1.040941436780788015e-01,-2.030901712371240009e-02,-8.401389803667852485e-02,-3.271524934852403366e-01,-5.191945123345532709e-01,1.407679351095596942e+00,-5.752567881263277033e-02,-3.801429606348526863e-02,-1.147078669352808861e-01,-1.711160802546210780e-01,-7.340709118518067011e-02,-7.197411700355742237e-02,-1.244624194945742751e-01,-7.051263942166730025e-02,-2.872721242393142319e-02,-2.030901712371240009e-02,-2.019004323808653023e-01,-1.435916317235476011e-02,-1.435916317235476011e-02,-5.183686688943279358e-02,-3.801429606348527557e-02,-3.801429606348527557e-02,-1.558271304830920190e-01,-4.064318733121485144e-02,-8.148853797899899276e-02,-1.210011918676099085e-01,-5.569323991926412171e-02,-7.051263942166730025e-02,-4.979810447122927364e-02,-3.212131358814808435e-02,-2.030901712371240009e-02,-3.801429606348527557e-02,-6.749673070628271765e-02,-3.519076715388935045e-02,-1.435916317235476185e-02,-3.524455202264515918e-01,-3.753330286669139260e-01,-2.907009498669055336e-01,-4.311306135592269523e-02,-3.519076715388935045e-02,-3.801429606348527557e-02,-1.435916317235476011e-02,-1.286658602907498339e-01,-4.767312946227962589e-02,5.913962991410492975e-01,-2.487592975524973576e-02,-4.967123990818995694e-01,-1.786283982422259831e-01,-4.979810447122926670e-02,5.840947806181536750e-01,-2.030901712371240009e-02,-4.892821642774447533e-01,-1.767766952966368654e-01
1.239762712267481026e+00,8.839639414812570095e-01,-5.507016019503075954e-01,7.082331122151057645e-01,-4.893615029393497129e-01,6.727778413083476128e-01,-4.966680157416004104e-01,1.810913805415002020e+00,2.849368233547192375e+00,-3.636176791775609651e-02,8.414777418280475763e-01,-7.990582254768477943e-01,7.487226101522066468e-01,3.889355302744725851e-01,2.800805936106286476e-01,-9.718073465293448898e-02,-4.702885519880157239e-01,3.465448924800957342e-01,1.751181441940859784e+00,2.472755185721718374e-01,3.600260422021904771e-01,1.944315375262146484e+00,-6.117660699916547262e-01,6.975046509607358836e-01,3.766579043152746276e-01,1.419333102564523941e-01,-4.720741674399969168e-01,3.574556610745059926e-01,7.659858457358575956e-01,1.478522605462855299e-01,-5.809668599935657873e-02,0.000000000000000000e+00,0.000000000000000000e+00,1.473574796521728292e-01,-4.681622135693289666e-01,1.318026668710696736e+00,8.384869238336467578e-01,-9.152447293291680885e-02,1.110601872409461635e-02,2.220065363775658440e-01,-3.774647335768301359e-01,-4.668062001933125371e-01,3.184740958544813871e-01,2.222198251804266556e-01,-3.669621702617922865e-01,-4.602362970513234064e-01,-5.183686688943279358e-02,-5.183686688943279358e-02,-7.051398600435393460e-01,-1.040941436780788015e-01,-2.030901712371240009e-02,-8.401389803667852485e-02,-3.271524934852403366e-01,-5.191945123345532709e-01,1.407679351095596942e+00,-5.752567881263277033e-02,-3.801429606348526863e-02,-1.147078669352808861e-01,-1.711160802546210780e-01,-7.340709118518067011e-02,-7.197411700355742237e-02,-1.244624194945742751e-01,-7.051263942166730025e-02,-2.872721242393142319e-02,-2.030901712371240009e-02,-2.019004323808653023e-01,-1.435916317235476011e-02,-1.435916317235476011e-02,-5.183686688943279358e-02,-3.801429606348527557e-02,-3.801429606348527557e-02,-1.558271304830920190e-01,-4.064318733121485144e-02,-8.148853797899899276e-02,-1.210011918676099085e-01,-5.569323991926412171e-02,-7.051263942166730025e-02,-4.979810447122927364e-02,-3.212131358814808435e-02,-2.030901712371240009e-02,-3.801429606348527557e-02,-6.749673070628271765e-02,-3.519076715388935045e-02,-1.435916317235476185e-02,-3.524455202264515918e-01,-3.753330286669139260e-01,-2.907009498669055336e-01,-4.311306135592269523e-02,-3.519076715388935045e-02,-3.801429606348527557e-02,-1.435916317235476011e-02,-1.286658602907498339e-01,-4.767312946227962589e-02,-1.690913523558418063e+00,-2.487592975524973576e-02,2.013237442528823973e+00,-1.786283982422259831e-01,-4.979810447122926670e-02,5.840947806181536750e-01,-2.030901712371240009e-02,-4.892821642774447533e-01,-1.767766952966368654e-01
-3.394435607533420884e-01,-5.537123258831522232e-01,-5.507016019503075954e-01,-1.284019034700219164e+00,-8.840116934927469972e-01,-1.012748552678568670e+00,-4.966680157416004104e-01,-4.963069089824175273e-01,-6.493539992246850634e-01,-6.302706439077716549e-01,-2.053401228164436265e+00,6.788889985410339056e-01,-3.240646374914379901e-01,4.358515132997480279e-01,1.101360641729805412e+00,-1.496522300288474598e-02,9.387628447616762351e-02,1.000374479875729250e+00,-6.280264205857667426e-01,-8.808124506381160845e-01,2.280576707493245703e+00,-6.292804948981121915e-02,-9.073355971537265807e-01,-1.409692777460283875e+00,-1.296317063333189523e+00,1.068040349703082814e+00,-8.078231342445260088e-01,-1.773242088314630704e+00,-1.202811734101178587e+00,1.870620088349158827e+00,3.643850632671082335e-01,0.000000000000000000e+00,0.000000000000000000e+00,1.307170027720357286e+00,7.108409781372613256e-01,1.019699523791156359e+00,-2.063825421690477779e-01,9.285920942036368642e-02,-2.005847350306524668e-01,-1.349613319767399566e-02,9.257960654133498002e-01,-4.668062001933125371e-01,-1.131277881212430225e+00,-7.167944361002790421e-01,-3.669621702617922865e-01,-4.602362970513234064e-01,-5.183686688943279358e-02,-5.183686688943279358e-02,1.418158377741196352e+00,-1.040941436780788015e-01,-2.030901712371240009e-02,-8.401389803667852485e-02,-3.271524934852403366e-01,-5.191945123345532709e-01,-7.103890521813077674e-01,-5.752567881263277033e-02,-3.801429606348526863e-02,-1.147078669352808861e-01,-1.711160802546210780e-01,-7.340709118518067011e-02,-7.197411700355742237e-02,-1.244624194945742751e-01,-7.051263942166730025e-02,-2.872721242393142319e-02,-2.030901712371240009e-02,-2.019004323808653023e-01,-1.435916317235476011e-02,-1.435916317235476011e-02,-5.183686688943279358e-02,-3.801429606348527557e-02,-3.801429606348527557e-02,-1.558271304830920190e-01,-4.064318733121485144e-02,-8.148853797899899276e-02,-1.210011918676099085e-01,-5.569323991926412171e-02,-7.051263942166730025e-02,-4.979810447122927364e-02,-3.212131358814808435e-02,-2.030901712371240009e-02,-3.801429606348527557e-02,-6.749673070628271765e-02,-3.519076715388935045e-02,-1.435916317235476185e-02,2.837317947345407543e+00,-3.753330286669139260e-01,-2.907009498669055336e-01,-4.311306135592269523e-02,-3.519076715388935045e-02,-3.801429606348527557e-02,-1.435916317235476011e-02,-1.286658602907498339e-01,-4.767312946227962589e-02,5.913962991410492975e-01,-2.487592975524973576e-02,-4.967123990818995694e-01,-1.786283982422259831e-01,-4.979810447122926670e-02,5.840947806181536750e-01,-2.030901712371240009e-02,-4.892821642774447533e-01,-1.767766952966368654e-01
5.928290437030692139e-01,1.842414786390863091e+00,1.453013733553867981e+00,7.082331122151057645e-01,3.358161682177537299e-01,-8.334372341693222497e-01,-4.966680157416004104e-01,-4.963069089824175273e-01,-6.493539992246850634e-01,2.339273736042306151e+00,-1.480456432020090807e+00,1.664187147886288409e+00,-5.028625120987120223e-01,-2.366109100625379269e-01,7.363472870101713808e-01,-8.371203395033821604e-01,-8.087874538665257296e-01,-7.276037153841595773e-01,-8.698475475966698234e-01,-1.705348403946014557e-01,2.478280452449677540e+00,1.191599090980162368e+00,-3.692474836022627271e-01,-1.088521422199087318e+00,-5.527726332672054932e-01,1.419333102564523941e-01,-8.078231342445260088e-01,-4.762956321647214275e-01,1.269456982564412639e+00,1.870620088349158827e+00,1.913484810577479101e+00,0.000000000000000000e+00,0.000000000000000000e+00,1.307170027720357286e+00,1.300342573990556527e+00,1.318026668710696736e+00,2.047565710199824029e-01,-1.114319464537526949e+00,3.286421493562152185e-01,-1.349613319767399566e-02,-3.774647335768301359e-01,1.696017942249628430e+00,-8.206167432695206099e-01,-7.167944361002790421e-01,-3.669621702617922865e-01,-4.602362970513234064e-01,-5.183686688943279358e-02,-5.183686688943279358e-02,1.418158377741196352e+00,-1.040941436780788015e-01,-2.030901712371240009e-02,-8.401389803667852485e-02,-3.271524934852403366e-01,-5.191945123345532709e-01,-7.103890521813077674e-01,-5.752567881263277033e-02,-3.801429606348526863e-02,-1.147078669352808861e-01,-1.711160802546210780e-01,-7.340709118518067011e-02,-7.197411700355742237e-02,-1.244624194945742751e-01,-7.051263942166730025e-02,-2.872721242393142319e-02,-2.030901712371240009e-02,-2.019004323808653023e-01,-1.435916317235476011e-02,-1.435916317235476011e-02,-5.183686688943279358e-02,-3.801429606348527557e-02,-3.801429606348527557e-02,-1.558271304830920190e-01,-4.064318733121485144e-02,-8.148853797899899276e-02,-1.210011918676099085e-01,-5.569323991926412171e-02,-7.051263942166730025e-02,-4.979810447122927364e-02,-3.212131358814808435e-02,-2.030901712371240009e-02,-3.801429606348527557e-02,-6.749673070628271765e-02,-3.519076715388935045e-02,-1.435916317235476185e-02,-3.524455202264515918e-01,2.664300564093018409e+00,-2.907009498669055336e-01,-4.311306135592269523e-02,-3.519076715388935045e-02,-3.801429606348527557e-02,-1.435916317235476011e-02,-1.286658602907498339e-01,-4.767312946227962589e-02,5.913962991410492975e-01,-2.487592975524973576e-02,-4.967123990818995694e-01,-1.786283982422259831e-01,-4.979810447122926670e-02,5.840947806181536750e-01,-2.030901712371240009e-02,-4.892821642774447533e-01,-1.767766952966368654e-01
2.970690336306662238e-01,-7.448690342834912714e-02,-5.507016019503075954e-01,2.700485259130430471e+00,1.519766739877945527e+00,6.010533139046491113e-01,-4.966680157416004104e-01,-4.963069089824175273e-01,-6.493539992246850634e-01,1.745364860052290412e+00,8.414777418280475763e-01,1.862399238684066816e-01,4.844127085588447179e-01,1.428906487334752340e+00,-1.761860997889140579e-01,5.605433585474633995e-01,-8.087874538665257296e-01,8.602681397195220958e-01,-9.478543627614772760e-01,1.124677272402395900e+00,3.600260422021904771e-01,1.879773786041834815e-01,-1.949372496348871220e-01,2.431646849814824707e-01,7.484301193482666426e-01,7.312741535406717119e-01,-8.078231342445260088e-01,-2.910175670004486737e-01,1.948842576915265357e-01,9.230977830575785026e-01,3.643850632671082335e-01,0.000000000000000000e+00,0.000000000000000000e+00,5.339616623415676111e-01,4.160901802106137248e-01,4.230452339520751615e-01,-7.759542435614941169e-01,2.538615227881812597e+00,3.286421493562152185e-01,-7.200041419233935702e-01,-3.774647335768301359e-01,-4.668062001933125371e-01,-5.099556053266109945e-01,-9.515480014204554804e-01,-3.669621702617922865e-01,-4.602362970513234064e-01,-5.183686688943279358e-02,-5.183686688943279358e-02,-7.051398600435393460e-01,-1.040941436780788015e-01,-2.030901712371240009e-02,-8.401389803667852485e-02,-3.271524934852403366e-01,-5.191945123345532709e-01,1.407679351095596942e+00,-5.752567881263277033e-02,-3.801429606348526863e-02,-1.147078669352808861e-01,-1.711160802546210780e-01,-7.340709118518067011e-02,-7.197411700355742237e-02,-1.244624194945742751e-01,-7.051263942166730025e-02,-2.872721242393142319e-02,-2.030901712371240009e-02,-2.019004323808653023e-01,-1.435916317235476011e-02,-1.435916317235476011e-02,-5.183686688943279358e-02,-3.801429606348527557e-02,-3.801429606348527557e-02,-1.558271304830920190e-01,-4.064318733121485144e-02,-8.148853797899899276e-02,-1.210011918676099085e-01,-5.569323991926412171e-02,-7.051263942166730025e-02,-4.979810447122927364e-02,-3.212131358814808435e-02,-2.030901712371240009e-02,-3.801429606348527557e-02,-6.749673070628271765e-02,-3.519076715388935045e-02,-1.435916317235476185e-02,-3.524455202264515918e-01,-3.753330286669139260e-01,-2.907009498669055336e-01,-4.311306135592269523e-02,-3.519076715388935045e-02,-3.801429606348527557e-02,-1.435916317235476011e-02,-1.286658602907498339e-01,-4.767312946227962589e-02,5.913962991410492975e-01,-2.487592975524973576e-02,-4.967123990818995694e-01,-1.786283982422259831e-01,-4.979810447122926670e-02,-1.712050908829709783e+00,-2.030901712371240009e-02,2.043810449286999731e+00,-1.767766952966368654e-01
8.596416254965737469e-01,8.839639414812570095e-01,2.955800235181999636e+00,2.700485259130430471e+00,1.017484679173621842e+00,1.533472170152730518e+00,2.765069183305110201e+00,-4.963069089824175273e-01,1.100007117161253767e+00,5.575471080722594897e-01,8.414777418280475763e-01,4.325644612047202520e-01,-2.541002517755479029e-01,-4.320941726678536599e-01,4.625872709704457186e-01,-2.616117579530339854e-01,-4.702885519880157239e-01,6.267575727925100981e-01,-5.077598836619170303e-02,-3.410696807892142027e-03,3.600260422021904771e-01,1.879773786041834815e-01,-3.919836010762684508e-01,2.196643419135902164e-01,1.120202334381258824e+00,5.774176121584963933e-02,-6.959068119763496263e-01,8.206508239851878495e-01,-6.060855801251639752e-02,7.077518045822193127e-01,9.276940622890612609e-01,0.000000000000000000e+00,0.000000000000000000e+00,9.205658450309623930e-01,1.213393822839661657e-01,7.213723788716157603e-01,1.732779963031441772e+00,-1.382884503413575050e-01,1.492941295007324198e+00,1.870525223404244874e+00,-3.774647335768301359e-01,-4.668062001933125371e-01,1.871779785569029464e+00,9.264805211409559149e-01,-3.669621702617922865e-01,-4.602362970513234064e-01,-5.183686688943279358e-02,-5.183686688943279358e-02,-7.051398600435393460e-01,-1.040941436780788015e-01,-2.030901712371240009e-02,-8.401389803667852485e-02,-3.271524934852403366e-01,-5.191945123345532709e-01,1.407679351095596942e+00,-5.752567881263277033e-02,-3.801429606348526863e-02,-1.147078669352808861e-01,-1.711160802546210780e-01,-7.340709118518067011e-02,-7.197411700355742237e-02,-1.244624194945742751e-01,-7.051263942166730025e-02,-2.872721242393142319e-02,-2.030901712371240009e-02,-2.019004323808653023e-01,-1.435916317235476011e-02,-1.435916317235476011e-02,-5.183686688943279358e-02,-3.801429606348527557e-02,-3.801429606348527557e-02,-1.558271304830920190e-01,-4.064318733121485144e-02,-8.148853797899899276e-02,-1.210011918676099085e-01,-5.569323991926412171e-02,-7.051263942166730025e-02,-4.979810447122927364e-02,-3.212131358814808435e-02,-2.030901712371240009e-02,-3.801429606348527557e-02,-6.749673070628271765e-02,-3.519076715388935045e-02,-1.435916317235476185e-02,-3.524455202264515918e-01,-3.753330286669139260e-01,-2.907009498669055336e-01,-4.311306135592269523e-02,-3.519076715388935045e-02,-3.801429606348527557e-02,-1.435916317235476011e-02,-1.286658602907498339e-01,-4.767312946227962589e-02,5.913962991410492975e-01,-2.487592975524973576e-02,-4.967123990818995694e-01,-1.786283982422259831e-01,-4.979810447122926670e-02,5.840947806181536750e-01,-2.030901712371240009e-02,-4.892821642774447533e-01,-1.767766952966368654e-01
-6.481058531443398829e-01,-5.537123258831522232e-01,1.453013733553867981e+00,-2.878929612425566442e-01,6.945890687208421399e-01,5.651910502027998051e-01,-4.966680157416004104e-01,-4.963069089824175273e-01,-6.493539992246850634e-01,-3.636176791775609651e-02,-5.110994058630166648e-02,9.252135358773474483e-01,5.854723768151299801e-01,1.554015775402154409e+00,1.648880673809256736e+00,-5.082582929031832508e-01,-8.087874538665257296e-01,2.868459015291825676e+00,-7.417803291563394852e-02,3.837033908878519084e-02,1.969899393990280689e+00,2.947937087638125231e+00,6.538778027279855687e-01,3.166159737045073919e-02,2.837148505570266099e-01,-6.157906311089724749e-01,1.206670666582648543e+00,6.816922751119832702e-01,-7.444275647498076465e-01,-1.105629136241454841e-01,2.617621059354920288e+00,0.000000000000000000e+00,0.000000000000000000e+00,1.307170027720357286e+00,1.595093371917204017e+00,3.704643828067021083e+00,-5.802048887151245449e-01,-1.413608919951547582e+00,3.286421493562152185e-01,-2.489988027729138353e-01,-3.774647335768301359e-01,-4.668062001933125371e-01,1.561118647626119849e+00,9.264805211409559149e-01,-3.669621702617922865e-01,-4.602362970513234064e-01,-5.183686688943279358e-02,-5.183686688943279358e-02,1.418158377741196352e+00,-1.040941436780788015e-01,-2.030901712371240009e-02,-8.401389803667852485e-02,-3.271524934852403366e-01,-5.191945123345532709e-01,-7.103890521813077674e-01,-5.752567881263277033e-02,-3.801429606348526863e-02,-1.147078669352808861e-01,-1.711160802546210780e-01,-7.340709118518067011e-02,-7.197411700355742237e-02,-1.244624194945742751e-01,-7.051263942166730025e-02,-2.872721242393142319e-02,-2.030901712371240009e-02,-2.019004323808653023e-01,-1.435916317235476011e-02,-1.435916317235476011e-02,-5.183686688943279358e-02,-3.801429606348527557e-02,-3.801429606348527557e-02,-1.558271304830920190e-01,-4.064318733121485144e-02,-8.148853797899899276e-02,-1.210011918676099085e-01,-5.569323991926412171e-02,-7.051263942166730025e-02,-4.979810447122927364e-02,-3.212131358814808435e-02,-2.030901712371240009e-02,-3.801429606348527557e-02,-6.749673070628271765e-02,-3.519076715388935045e-02,-1.435916317235476185e-02,-3.524455202264515918e-01,2.664300564093018409e+00,-2.907009498669055336e-01,-4.311306135592269523e-02,-3.519076715388935045e-02,-3.801429606348527557e-02,-1.435916317235476011e-02,-1.286658602907498339e-01,-4.767312946227962589e-02,5.913962991410492975e-01,-2.487592975524973576e-02,-4.967123990818995694e-01,-1.786283982422259831e-01,-4.979810447122926670e-02,5.840947806181536750e-01,-2.030901712371240009e-02,-4.892821642774447533e-01,-1.767766952966368654e-01
-5.617598099352826280e-01,-5.537123258831522232e-01,-5.507016019503075954e-01,-1.284019034700219164e+00,-9.198889835430558160e-01,-7.975749704674730545e-01,-4.966680157416004104e-01,-4.963069089824175273e-01,-6.493539992246850634e-01,-6.302706439077716549e-01,-7.748296830844227934e-01,1.171538073213661102e+00,-5.495054359093053398e-01,1.014481970611482708e+00,5.538406096503543097e-01,3.138968235973142451e-01,5.452081536475141821e-01,6.633221216768130091e-02,-6.826311912011319150e-01,4.561806980555584978e-01,3.600260422021904771e-01,4.388828066981781961e-01,-1.494650146868760632e-01,-1.080687974509789928e+00,3.766579043152746276e-01,-3.632159839871641482e-01,-1.363252006354677692e-01,1.005928889149460659e+00,-4.363332869890499954e-01,-1.536321093192173082e-01,3.643850632671082335e-01,0.000000000000000000e+00,0.000000000000000000e+00,5.339616623415676111e-01,1.300342573990556527e+00,4.230452339520751615e-01,-2.895269169700140921e-01,1.547886963642990166e+00,-2.005847350306524668e-01,-7.200041419233935702e-01,-3.774647335768301359e-01,-4.668062001933125371e-01,8.362426590926641534e-01,1.630741217101485230e+00,-3.669621702617922865e-01,1.739375798511208382e+00,-5.183686688943279358e-02,-5.183686688943279358e-02,1.418158377741196352e+00,-1.040941436780788015e-01,-2.030901712371240009e-02,-8.401389803667852485e-02,-3.271524934852403366e-01,-5.191945123345532709e-01,-7.103890521813077674e-01,-5.752567881263277033e-02,-3.801429606348526863e-02,-1.147078669352808861e-01,-1.711160802546210780e-01,-7.340709118518067011e-02,-7.197411700355742237e-02,-1.244624194945742751e-01,-7.051263942166730025e-02,-2.872721242393142319e-02,-2.030901712371240009e-02,-2.019004323808653023e-01,-1.435916317235476011e-02,-1.435916317235476011e-02,-5.183686688943279358e-02,-3.801429606348527557e-02,-3.801429606348527557e-02,6.417367738851512016e+00,-4.064318733121485144e-02,-8.148853797899899276e-02,-1.210011918676099085e-01,-5.569323991926412171e-02,-7.051263942166730025e-02,-4.979810447122927364e-02,-3.212131358814808435e-02,-2.030901712371240009e-02,-3.801429606348527557e-02,-6.749673070628271765e-02,-3.519076715388935045e-02,-1.435916317235476185e-02,-3.524455202264515918e-01,-3.753330286669139260e-01,-2.907009498669055336e-01,-4.311306135592269523e-02,-3.519076715388935045e-02,-3.801429606348527557e-02,-1.435916317235476011e-02,-1.286658602907498339e-01,-4.767312946227962589e-02,-1.690913523558418063e+00,-2.487592975524973576e-02,2.013237442528823973e+00,-1.786283982422259831e-01,-4.979810447122926670e-02,-1.712050908829709783e+00,-2.030901712371240009e-02,2.043810449286999731e+00,-1.767766952966368654e-01
7.263923089922315508e-03,4.047385190264539689e-01,-5.507016019503075954e-01,7.082331122151057645e-01,1.232748419475474755e+00,4.576042590972519419e-01,-4.966680157416004104e-01,6.573034482162921632e-01,1.683127489289899970e+00,-6.302706439077716549e-01,8.414777418280475763e-01,-1.538031837485788644e+00,9.572167680390113176e-02,7.642633944766786813e-01,3.713339322905371831e-01,-1.496522300288474598e-02,-6.959544865736890795e-01,-3.072846949155379481e-01,1.442410495458268938e-01,2.054944826754944998e-01,-1.052143564629467676e+00,-8.156443337717953490e-01,1.252595562876797075e+00,3.920001910781347187e-01,4.885689282282582209e-03,-1.106413368653558910e-01,-1.363252006354677692e-01,-1.773242088314630704e+00,-1.202811734101178587e+00,-1.967013050142891462e-01,-1.043887434287774418e+00,0.000000000000000000e+00,0.000000000000000000e+00,-1.012455068416011628e+00,-1.352414607349271769e+00,-7.702633457260871230e-01,1.906270193915347910e+00,1.899952907846536476e+00,-5.181208656627730447e-01,-2.489988027729138353e-01,-3.774647335768301359e-01,-4.668062001933125371e-01,1.113666705592083056e-01,2.222198251804266556e-01,9.137094037957288473e-01,-4.602362970513234064e-01,-5.183686688943279358e-02,-5.183686688943279358e-02,-7.051398600435393460e-01,-1.040941436780788015e-01,-2.030901712371240009e-02,-8.401389803667852485e-02,-3.271524934852403366e-01,-5.191945123345532709e-01,1.407679351095596942e+00,-5.752567881263277033e-02,-3.801429606348526863e-02,-1.147078669352808861e-01,-1.711160802546210780e-01,-7.340709118518067011e-02,-7.197411700355742237e-02,-1.244624194945742751e-01,-7.051263942166730025e-02,-2.872721242393142319e-02,-2.030901712371240009e-02,-2.019004323808653023e-01,-1.435916317235476011e-02,-1.435916317235476011e-02,-5.183686688943279358e-02,-3.801429606348527557e-02,-3.801429606348527557e-02,-1.558271304830920190e-01,-4.064318733121485144e-02,-8.148853797899899276e-02,-1.210011918676099085e-01,-5.569323991926412171e-02,-7.051263942166730025e-02,-4.979810447122927364e-02,-3.212131358814808435e-02,-2.030901712371240009e-02,-3.801429606348527557e-02,-6.749673070628271765e-02,-3.519076715388935045e-02,-1.435916317235476185e-02,-3.524455202264515918e-01,-3.753330286669139260e-01,-2.907009498669055336e-01,-4.311306135592269523e-02,-3.519076715388935045e-02,-3.801429606348527557e-02,-1.435916317235476011e-02,-1.286658602907498339e-01,-4.767312946227962589e-02,5.913962991410492975e-01,-2.487592975524973576e-02,-4.967123990818995694e-01,-1.786283982422259831e-01,-4.979810447122926670e-02,-1.712050908829709783e+00,-2.030901712371240009e-02,-4.892821642774447533e-01,-1.767766952966368654e-01
-7.657151188946075271e-01,-7.448690342834912714e-02,-5.507016019503075954e-01,-1.284019034700219164e+00,-1.135152723844908840e+00,-1.120335343784116588e+00,5.905777172739697933e-01,-4.963069089824175273e-01,-6.623362709603883292e-02,-6.302706439077716549e-01,-1.516642419144996756e+00,4.325644612047202520e-01,1.579122418846921616e-01,-9.794473079627376011e-01,1.888272549307201120e-01,-1.248197897753630770e+00,3.591698270554103622e+00,1.280587160188143780e+00,9.743696044694237501e-02,-1.716433168571662726e+00,-6.362483984730694930e-02,1.879773786041834815e-01,-4.601919534982848448e-01,4.390008772139192827e-01,-2.739434719924614403e-01,2.261248592970551696e-01,-2.440887836729143182e-02,-8.468517624932668797e-01,-1.733259767054764200e-01,-7.996700447452947946e-01,-5.809668599935657873e-02,0.000000000000000000e+00,0.000000000000000000e+00,1.473574796521728292e-01,1.005591776063908815e+00,4.230452339520751615e-01,-7.661340418133484320e-01,1.870558407761230946e+00,-1.364883880681761363e+00,-1.191009481073873166e+00,-3.774647335768301359e-01,-4.668062001933125371e-01,-9.574075473606477593e-02,-1.253374013974976713e-02,-3.669621702617922865e-01,1.739375798511208382e+00,-5.183686688943279358e-02,-5.183686688943279358e-02,-7.051398600435393460e-01,-1.040941436780788015e-01,-2.030901712371240009e-02,-8.401389803667852485e-02,-3.271524934852403366e-01,1.926060419058570616e+00,-7.103890521813077674e-01,-5.752567881263277033e-02,-3.801429606348526863e-02,-1.147078669352808861e-01,-1.711160802546210780e-01,-7.340709118518067011e-02,-7.197411700355742237e-02,-1.244624194945742751e-01,-7.051263942166730025e-02,-2.872721242393142319e-02,-2.030901712371240009e-02,-2.019004323808653023e-01,-1.435916317235476011e-02,-1.435916317235476011e-02,-5.183686688943279358e-02,-3.801429606348527557e-02,-3.801429606348527557e-02,-1.558271304830920190e-01,-4.064318733121485144e-02,-8.148853797899899276e-02,-1.210011918676099085e-01,-5.569323991926412171e-02,-7.051263942166730025e-02,-4.979810447122927364e-02,-3.212131358814808435e-02,-2.030901712371240009e-02,-3.801429606348527557e-02,-6.749673070628271765e-02,-3.519076715388935045e-02,-1.435916317235476185e-02,-3.524455202264515918e-01,-3.753330286669139260e-01,3.439961240091715222e+00,-4.311306135592269523e-02,-3.519076715388935045e-02,-3.801429606348527557e-02,-1.435916317235476011e-02,-1.286658602907498339e-01,-4.767312946227962589e-02,-1.690913523558418063e+00,-2.487592975524973576e-02,-4.967123990818995694e-01,5.598214000911362120e+00,-4.979810447122926670e-02,5.840947806181536750e-01,-2.030901712371240009e-02,-4.892821642774447533e-01,-1.767766952966368654e-01
8.776717379674305874e-01,-5.537123258831522232e-01,-4.977276807426366662e-02,-1.284019034700219164e+00,-9.916435636436735646e-01,1.707061494824576586e-01,-4.966680157416004104e-01,2.964524162613712210e+00,-6.493539992246850634e-01,-6.302706439077716549e-01,4.012148984750236735e-01,-5.527336881405341407e-01,3.833530403025595112e-01,6.391541064092766122e-01,-8.493276110900550846e-02,4.783278468974136999e-01,9.387628447616762351e-02,1.233885046802741359e+00,-2.769957523441332614e-01,2.472755185721718374e-01,-4.872757218968044035e-01,9.406936628861676253e-01,5.023036862346152986e-01,1.308513570725938546e+00,1.907717967987786201e-01,-2.644978782475312235e-02,7.590053775099431244e-01,-3.836565995825850228e-01,-3.236158682960900146e-01,-4.981856748797919843e-01,-5.809668599935657873e-02,0.000000000000000000e+00,0.000000000000000000e+00,-2.392467030372219805e-01,-1.057663809422624057e+00,4.230452339520751615e-01,7.677814712469982483e-01,-8.163661227637477591e-01,1.810477425639444693e+00,1.635022553829005076e+00,-3.774647335768301359e-01,1.696017942249628430e+00,2.149203832068448394e-01,9.264805211409559149e-01,-3.669621702617922865e-01,-4.602362970513234064e-01,-5.183686688943279358e-02,-5.183686688943279358e-02,-7.051398600435393460e-01,-1.040941436780788015e-01,-2.030901712371240009e-02,-8.401389803667852485e-02,-3.271524934852403366e-01,1.926060419058570616e+00,-7.103890521813077674e-01,-5.752567881263277033e-02,-3.801429606348526863e-02,-1.147078669352808861e-01,5.843986132174123327e+00,-7.340709118518067011e-02,-7.197411700355742237e-02,-1.244624194945742751e-01,-7.051263942166730025e-02,-2.872721242393142319e-02,-2.030901712371240009e-02,-2.019004323808653023e-01,-1.435916317235476011e-02,-1.435916317235476011e-02,-5.183686688943279358e-02,-3.801429606348527557e-02,-3.801429606348527557e-02,-1.558271304830920190e-01,-4.064318733121485144e-02,-8.148853797899899276e-02,-1.210011918676099085e-01,-5.569323991926412171e-02,-7.051263942166730025e-02,-4.979810447122927364e-02,-3.212131358814808435e-02,-2.030901712371240009e-02,-3.801429606348527557e-02,-6.749673070628271765e-02,-3.519076715388935045e-02,-1.435916317235476185e-02,-3.524455202264515918e-01,-3.753330286669139260e-01,-2.907009498669055336e-01,-4.311306135592269523e-02,-3.519076715388935045e-02,-3.801429606348527557e-02,-1.435916317235476011e-02,-1.286658602907498339e-01,-4.767312946227962589e-02,-1.690913523558418063e+00,-2.487592975524973576e-02,2.013237442528823973e+00,-1.786283982422259831e-01,-4.979810447122926670e-02,-1.712050908829709783e+00,-2.030901712371240009e-02,2.043810449286999731e+00,-1.767766952966368654e-01
-4.828573911407992303e-01,-5.537123258831522232e-01,-5.507016019503075954e-01,7.082331122151057645e-01,1.591521319978563165e+00,1.820370279767524746e+00,-4.966680157416004104e-01,-4.963069089824175273e-01,-6.493539992246850634e-01,-6.302706439077716549e-01,8.414777418280475763e-01,1.910511685222601841e+00,-1.763620454245594382e-01,-2.913462235920262211e-01,4.625872709704457186e-01,-8.371203395033821604e-01,-1.317896501095057737e-01,6.633221216768130091e-02,-1.989889371793257811e-01,3.308375903655265127e-01,9.248938849348538049e-01,6.897882347921728829e-01,9.646047415393940172e-01,1.379014599929616391e+00,3.766579043152746276e-01,5.774176121584963933e-02,-8.078231342445260088e-01,-7.542127299111305305e-01,-7.744855430679303820e-01,7.938901959723629886e-01,9.276940622890612609e-01,0.000000000000000000e+00,0.000000000000000000e+00,9.205658450309623930e-01,1.300342573990556527e+00,1.019699523791156359e+00,9.648401863264538525e-01,-5.872226334623882327e-01,5.403329031109622704e-01,1.399519884253765056e+00,-3.774647335768301359e-01,-4.668062001933125371e-01,-3.028481800313378436e-01,-7.167944361002790421e-01,-3.669621702617922865e-01,-4.602362970513234064e-01,-5.183686688943279358e-02,-5.183686688943279358e-02,-7.051398600435393460e-01,-1.040941436780788015e-01,-2.030901712371240009e-02,-8.401389803667852485e-02,3.056678521220304923e+00,-5.191945123345532709e-01,-7.103890521813077674e-01,-5.752567881263277033e-02,-3.801429606348526863e-02,-1.147078669352808861e-01,-1.711160802546210780e-01,-7.340709118518067011e-02,-7.197411700355742237e-02,-1.244624194945742751e-01,-7.051263942166730025e-02,-2.872721242393142319e-02,-2.030901712371240009e-02,-2.019004323808653023e-01,-1.435916317235476011e-02,-1.435916317235476011e-02,-5.183686688943279358e-02,-3.801429606348527557e-02,-3.801429606348527557e-02,-1.558271304830920190e-01,-4.064318733121485144e-02,-8.148853797899899276e-02,-1.210011918676099085e-01,-5.569323991926412171e-02,-7.051263942166730025e-02,-4.979810447122927364e-02,-3.212131358814808435e-02,-2.030901712371240009e-02,-3.801429606348527557e-02,-6.749673070628271765e-02,-3.519076715388935045e-02,-1.435916317235476185e-02,-3.524455202264515918e-01,-3.753330286669139260e-01,-2.907009498669055336e-01,-4.311306135592269523e-02,-3.519076715388935045e-02,-3.801429606348527557e-02,-1.435916317235476011e-02,-1.286658602907498339e-01,-4.767312946227962589e-02,-1.690913523558418063e+00,-2.487592975524973576e-02,2.013237442528823973e+00,-1.786283982422259831e-01,-4.979810447122926670e-02,5.840947806181536750e-01,-2.030901712371240009e-02,-4.892821642774447533e-01,-1.767766952966368654e-01
1.170950539901642218e+00,-5.537123258831522232e-01,-4.977276807426366662e-02,7.082331122151057645e-01,8.467513786559180411e-02,-8.605169026788763234e-03,1.677823450289539942e+00,-4.963069089824175273e-01,-6.493539992246850634e-01,5.575471080722594897e-01,8.414777418280475763e-01,-3.064091508042205425e-01,-3.240646374914379901e-01,-9.586296098671048815e-02,2.800805936106286476e-01,3.961123352473639447e-01,3.195422190618408820e-01,-3.072846949155379481e-01,5.843355286453862790e-02,-4.212210557746654538e-01,-7.697096432631360674e-01,-5.647389056778006067e-01,-1.218062535965135362e+00,-3.883943183322639131e-02,3.766579043152746276e-01,6.470826045000689364e-01,-3.601578451718204787e-01,6.816922751119832702e-01,1.494891819950332712e+00,1.870620088349158827e+00,-7.622329347767978769e-01,0.000000000000000000e+00,0.000000000000000000e+00,-6.258508857266168457e-01,-7.629130114959765674e-01,-7.702633457260871230e-01,1.496440440959403650e+00,-6.039240539654028295e-01,1.169513956014681527e-01,-1.349613319767399566e-02,-3.774647335768301359e-01,-4.668062001933125371e-01,-5.099556053266109945e-01,-1.421055132060808246e+00,-3.669621702617922865e-01,-4.602362970513234064e-01,-5.183686688943279358e-02,-5.183686688943279358e-02,-7.051398600435393460e-01,-1.040941436780788015e-01,-2.030901712371240009e-02,-8.401389803667852485e-02,3.056678521220304923e+00,-5.191945123345532709e-01,-7.103890521813077674e-01,-5.752567881263277033e-02,-3.801429606348526863e-02,-1.147078669352808861e-01,-1.711160802546210780e-01,-7.340709118518067011e-02,-7.197411700355742237e-02,-1.244624194945742751e-01,-7.051263942166730025e-02,-2.872721242393142319e-02,-2.030901712371240009e-02,-2.019004323808653023e-01,-1.435916317235476011e-02,-1.435916317235476011e-02,-5.183686688943279358e-02,-3.801429606348527557e-02,-3.801429606348527557e-02,-1.558271304830920190e-01,-4.064318733121485144e-02,-8.148853797899899276e-02,-1.210011918676099085e-01,-5.569323991926412171e-02,-7.051263942166730025e-02,-4.979810447122927364e-02,-3.212131358814808435e-02,-2.030901712371240009e-02,-3.801429606348527557e-02,-6.749673070628271765e-02,-3.519076715388935045e-02,-1.435916317235476185e-02,-3.524455202264515918e-01,-3.753330286669139260e-01,-2.907009498669055336e-01,-4.311306135592269523e-02,-3.519076715388935045e-02,-3.801429606348527557e-02,-1.435916317235476011e-02,-1.286658602907498339e-01,-4.767312946227962589e-02,5.913962991410492975e-01,-2.487592975524973576e-02,-4.967123990818995694e-01,-1.786283982422259831e-01,-4.979810447122926670e-02,5.840947806181536750e-01,-2.030901712371240009e-02,-4.892821642774447533e-01,-1.767766952966368654e-01
6.201591600601034926e-02,-5.537123258831522232e-01,-4.977276807426366662e-02,-1.284019034700219164e+00,-4.176069228387320198e-01,-7.617127067656237482e-01,-4.966680157416004104e-01,-4.963069089824175273e-01,-6.493539992246850634e-01,-3.636176791775609651e-02,4.796178705789873042e-01,-6.008461346790693741e-02,-6.894342073410847371e-01,1.014481970611482708e+00,4.021467479486878993e+00,-4.454602852105570499e+00,-8.087874538665257296e-01,-1.801752323248414722e+00,-1.236479578871264806e+00,7.486479493322998335e-01,2.054629570400180238e+00,-6.292804948981121915e-02,1.851313323025609137e+00,-1.331358300567309083e+00,1.491974549414250673e+00,-1.962855415758616662e+00,-8.078231342445260088e-01,-8.468517624932668797e-01,2.324567305891797608e-01,-2.436299481158024527e+00,2.195139310088455531e+00,0.000000000000000000e+00,0.000000000000000000e+00,1.307170027720357286e+00,1.300342573990556527e+00,1.318026668710696736e+00,-1.553174930786905272e-01,-8.891843161568910858e-01,-8.356569962948936503e-01,-4.845014723481537167e-01,-3.774647335768301359e-01,-4.668062001933125371e-01,-7.170630306218840344e-01,-1.186301566740631808e+00,-3.669621702617922865e-01,-4.602362970513234064e-01,-5.183686688943279358e-02,-5.183686688943279358e-02,1.418158377741196352e+00,-1.040941436780788015e-01,-2.030901712371240009e-02,-8.401389803667852485e-02,-3.271524934852403366e-01,-5.191945123345532709e-01,-7.103890521813077674e-01,-5.752567881263277033e-02,-3.801429606348526863e-02,-1.147078669352808861e-01,-1.711160802546210780e-01,-7.340709118518067011e-02,-7.197411700355742237e-02,-1.244624194945742751e-01,-7.051263942166730025e-02,-2.872721242393142319e-02,-2.030901712371240009e-02,-2.019004323808653023e-01,-1.435916317235476011e-02,-1.435916317235476011e-02,-5.183686688943279358e-02,-3.801429606348527557e-02,-3.801429606348527557e-02,-1.558271304830920190e-01,-4.064318733121485144e-02,-8.148853797899899276e-02,-1.210011918676099085e-01,-5.569323991926412171e-02,-7.051263942166730025e-02,-4.979810447122927364e-02,-3.212131358814808435e-02,-2.030901712371240009e-02,-3.801429606348527557e-02,-6.749673070628271765e-02,-3.519076715388935045e-02,-1.435916317235476185e-02,-3.524455202264515918e-01,2.664300564093018409e+00,-2.907009498669055336e-01,-4.311306135592269523e-02,-3.519076715388935045e-02,-3.801429606348527557e-02,-1.435916317235476011e-02,-1.286658602907498339e-01,-4.767312946227962589e-02,5.913962991410492975e-01,-2.487592975524973576e-02,-4.967123990818995694e-01,-1.786283982422259831e-01,-4.979810447122926670e-02,-1.712050908829709783e+00,-2.030901712371240009e-02,2.043810449286999731e+00,-1.767766952966368654e-01
9.421831495604043871e-01,-7.448690342834912714e-02,-4.977276807426366662e-02,-1.284019034700219164e+00,-9.198889835430558160e-01,-8.692994978711715559e-01,-4.966680157416004104e-01,-4.963069089824175273e-01,-6.623362709603883292e-02,-3.636176791775609651e-02,5.097728598497421881e-01,-6.008461346790693741e-02,-1.608144041543616842e-01,-5.806614522478935614e-01,-9.062128092281823699e-01,8.894054051476624201e-01,-8.087874538665257296e-01,-7.276037153841595773e-01,8.229003414796516314e-01,-1.716433168571662726e+00,3.600260422021904771e-01,6.897882347921728829e-01,3.734656872152507523e-01,4.732849274904569331e-02,3.766579043152746276e-01,-1.948328859059586526e-01,-2.440887836729143182e-02,-9.394907950754033399e-01,-8.721739726018290506e-01,3.631982390216446643e-01,3.643850632671082335e-01,0.000000000000000000e+00,0.000000000000000000e+00,5.339616623415676111e-01,-1.734114156426813935e-01,1.318026668710696736e+00,-3.163688017482788051e-01,-4.910224513650245370e-01,-7.298116194175201521e-01,-7.200041419233935702e-01,-3.774647335768301359e-01,-4.668062001933125371e-01,-4.064018926789744190e-01,-7.167944361002790421e-01,-3.669621702617922865e-01,-4.602362970513234064e-01,-5.183686688943279358e-02,-5.183686688943279358e-02,1.418158377741196352e+00,-1.040941436780788015e-01,-2.030901712371240009e-02,-8.401389803667852485e-02,-3.271524934852403366e-01,-5.191945123345532709e-01,-7.103890521813077674e-01,-5.752567881263277033e-02,-3.801429606348526863e-02,-1.147078669352808861e-01,-1.711160802546210780e-01,-7.340709118518067011e-02,-7.197411700355742237e-02,-1.244624194945742751e-01,-7.051263942166730025e-02,-2.872721242393142319e-02,-2.030901712371240009e-02,-2.019004323808653023e-01,-1.435916317235476011e-02,-1.435916317235476011e-02,-5.183686688943279358e-02,-3.801429606348527557e-02,-3.801429606348527557e-02,-1.558271304830920190e-01,-4.064318733121485144e-02,-8.148853797899899276e-02,-1.210011918676099085e-01,-5.569323991926412171e-02,-7.051263942166730025e-02,-4.979810447122927364e-02,-3.212131358814808435e-02,-2.030901712371240009e-02,-3.801429606348527557e-02,-6.749673070628271765e-02,-3.519076715388935045e-02,-1.435916317235476185e-02,2.837317947345407543e+00,-3.753330286669139260e-01,-2.907009498669055336e-01,-4.311306135592269523e-02,-3.519076715388935045e-02,-3.801429606348527557e-02,-1.435916317235476011e-02,-1.286658602907498339e-01,-4.767312946227962589e-02,5.913962991410492975e-01,-2.487592975524973576e-02,-4.967123990818995694e-01,-1.786283982422259831e-01,-4.979810447122926670e-02,-1.712050908829709783e+00,-2.030901712371240009e-02,2.043810449286999731e+00,-1.767766952966368654e-01
-1.432627039603499020e-01,-5.537123258831522232e-01,-5.507016019503075954e-01,-1.284019034700219164e+00,-1.099275433794600021e+00,-9.410240252748701684e-01,-4.966680157416004104e-01,-4.963069089824175273e-01,-6.493539992246850634e-01,-6.302706439077716549e-01,-2.017215241039530760e+00,-3.064091508042205425e-01,1.681581086364071442e+00,2.382864808848692562e+00,-4.499461158286396367e-01,-3.438272696030836850e-01,-8.087874538665257296e-01,-2.605825815301355264e-01,3.314574059413645246e-01,1.166458308299073154e+00,-7.697096432631360674e-01,-6.292804948981121915e-02,1.661845677408896327e+00,-5.245131885696696639e-01,-2.739434719924614403e-01,-1.289323023433794457e+00,1.994237661690613783e-01,1.283845986895869817e+00,2.023987522710571918e-01,6.216134131920756367e-01,-7.622329347767978769e-01,0.000000000000000000e+00,0.000000000000000000e+00,-6.258508857266168457e-01,-7.629130114959765674e-01,1.247180890325345903e-01,-1.416231397540588910e+00,-1.675487193438815581e+00,-6.239662425401465429e-01,-1.191009481073873166e+00,-3.774647335768301359e-01,-4.668062001933125371e-01,-4.064018926789744190e-01,-2.472873054599261933e-01,-3.669621702617922865e-01,1.739375798511208382e+00,-5.183686688943279358e-02,-5.183686688943279358e-02,1.418158377741196352e+00,-1.040941436780788015e-01,-2.030901712371240009e-02,-8.401389803667852485e-02,-3.271524934852403366e-01,-5.191945123345532709e-01,-7.103890521813077674e-01,-5.752567881263277033e-02,-3.801429606348526863e-02,-1.147078669352808861e-01,-1.711160802546210780e-01,-7.340709118518067011e-02,-7.197411700355742237e-02,-1.244624194945742751e-01,-7.051263942166730025e-02,-2.872721242393142319e-02,-2.030901712371240009e-02,-2.019004323808653023e-01,-1.435916317235476011e-02,-1.435916317235476011e-02,-5.183686688943279358e-02,-3.801429606348527557e-02,-3.801429606348527557e-02,6.417367738851512016e+00,-4.064318733121485144e-02,-8.148853797899899276e-02,-1.210011918676099085e-01,-5.569323991926412171e-02,-7.051263942166730025e-02,-4.979810447122927364e-02,-3.212131358814808435e-02,-2.030901712371240009e-02,-3.801429606348527557e-02,-6.749673070628271765e-02,-3.519076715388935045e-02,-1.435916317235476185e-02,-3.524455202264515918e-01,-3.753330286669139260e-01,-2.907009498669055336e-01,-4.311306135592269523e-02,-3.519076715388935045e-02,-3.801429606348527557e-02,-1.435916317235476011e-02,-1.286658602907498339e-01,-4.767312946227962589e-02,-1.690913523558418063e+00,-2.487592975524973576e-02,2.013237442528823973e+00,-1.786283982422259831e-01,-4.979810447122926670e-02,-1.712050908829709783e+00,-2.030901712371240009e-02,2.043810449286999731e+00,-1.767766952966368654e-01
-3.324961779664064587e-01,-7.448690342834912714e-02,-5.507016019503075954e-01,7.082331122151057645e-01,1.205524279159006507e-01,4.576042590972519419e-01,-4.966680157416004104e-01,-4.963069089824175273e-01,-6.623362709603883292e-02,-6.302706439077716549e-01,8.414777418280475763e-01,-6.008461346790693741e-02,1.890075244250876974e-01,-4.008168506510030871e-01,9.757391625081156261e-02,7.249743818475629098e-01,-2.446226174023423960e-01,6.633221216768130091e-02,-1.989889371793257811e-01,7.486479493322998335e-01,-6.362483984730694930e-02,-6.292804948981121915e-02,-2.252520729335611704e-01,-2.660094148228530631e-01,-5.527726332672054932e-01,3.103164083376579452e-01,-3.601578451718204787e-01,-4.299761158736532529e-01,-4.739057598867034149e-01,1.864467346107001947e-02,-5.809668599935657873e-02,0.000000000000000000e+00,0.000000000000000000e+00,1.473574796521728292e-01,4.160901802106137248e-01,1.247180890325345903e-01,1.083991967537287326e+00,3.072992514914960407e-02,-4.122754887853995465e-01,-4.845014723481537167e-01,9.257960654133498002e-01,-4.668062001933125371e-01,-9.574075473606477593e-02,-1.253374013974976713e-02,-3.669621702617922865e-01,-4.602362970513234064e-01,-5.183686688943279358e-02,-5.183686688943279358e-02,-7.051398600435393460e-01,-1.040941436780788015e-01,-2.030901712371240009e-02,-8.401389803667852485e-02,3.056678521220304923e+00,-5.191945123345532709e-01,-7.103890521813077674e-01,-5.752567881263277033e-02,-3.801429606348526863e-02,-1.147078669352808861e-01,-1.711160802546210780e-01,-7.340709118518067011e-02,-7.197411700355742237e-02,-1.244624194945742751e-01,-7.051263942166730025e-02,-2.872721242393142319e-02,-2.030901712371240009e-02,-2.019004323808653023e-01,-1.435916317235476011e-02,-1.435916317235476011e-02,-5.183686688943279358e-02,-3.801429606348527557e-02,-3.801429606348527557e-02,-1.558271304830920190e-01,-4.064318733121485144e-02,-8.148853797899899276e-02,-1.210011918676099085e-01,-5.569323991926412171e-02,-7.051263942166730025e-02,-4.979810447122927364e-02,-3.212131358814808435e-02,-2.030901712371240009e-02,-3.801429606348527557e-02,-6.749673070628271765e-02,-3.519076715388935045e-02,-1.435916317235476185e-02,-3.524455202264515918e-01,-3.753330286669139260e-01,-2.907009498669055336e-01,-4.311306135592269523e-02,-3.519076715388935045e-02,-3.801429606348527557e-02,-1.435916317235476011e-02,-1.286658602907498339e-01,-4.767312946227962589e-02,5.913962991410492975e-01,-2.487592975524973576e-02,-4.967123990818995694e-01,-1.786283982422259831e-01,-4.979810447122926670e-02,5.840947806181536750e-01,-2.030901712371240009e-02,-4.892821642774447533e-01,-1.767766952966368654e-01
4.082271582216364658e-01,-5.537123258831522232e-01,-5.507016019503075954e-01,7.082331122151057645e-01,-2.740977626374966336e-01,9.955382146249911468e-01,-4.966680157416004104e-01,-4.963069089824175273e-01,-6.493539992246850634e-01,-6.302706439077716549e-01,8.414777418280475763e-01,1.664187147886288409e+00,6.321153006257232976e-01,-6.353967657773818001e-01,4.625872709704457186e-01,-1.330413409403680580e+00,1.447871891990207383e+00,6.633221216768130091e-02,3.392580874578454697e-01,-1.287538044979241458e-01,2.591254020996210272e+00,-6.292804948981121915e-02,-4.298771301996108241e-01,6.818377555821408809e-01,6.554870655900186804e-01,3.103164083376579452e-01,-2.482415229036441240e-01,3.111361447834378180e-01,3.301451601230785959e-01,9.230977830575785026e-01,1.772657560821990774e+00,0.000000000000000000e+00,0.000000000000000000e+00,1.307170027720357286e+00,1.300342573990556527e+00,1.247180890325345903e-01,9.838259097062020953e-01,1.049516575833036258e+00,1.110601872409461635e-02,9.285145451032854602e-01,-3.774647335768301359e-01,-4.668062001933125371e-01,4.220278085021179071e-01,-1.421055132060808246e+00,-3.669621702617922865e-01,1.739375798511208382e+00,-5.183686688943279358e-02,-5.183686688943279358e-02,-7.051398600435393460e-01,-1.040941436780788015e-01,-2.030901712371240009e-02,-8.401389803667852485e-02,-3.271524934852403366e-01,-5.191945123345532709e-01,1.407679351095596942e+00,-5.752567881263277033e-02,-3.801429606348526863e-02,-1.147078669352808861e-01,-1.711160802546210780e-01,-7.340709118518067011e-02,-7.197411700355742237e-02,-1.244624194945742751e-01,-7.051263942166730025e-02,-2.872721242393142319e-02,-2.030901712371240009e-02,-2.019004323808653023e-01,-1.435916317235476011e-02,-1.435916317235476011e-02,-5.183686688943279358e-02,-3.801429606348527557e-02,-3.801429606348527557e-02,-1.558271304830920190e-01,-4.064318733121485144e-02,-8.148853797899899276e-02,-1.210011918676099085e-01,-5.569323991926412171e-02,-7.051263942166730025e-02,-4.979810447122927364e-02,-3.212131358814808435e-02,-2.030901712371240009e-02,-3.801429606348527557e-02,-6.749673070628271765e-02,-3.519076715388935045e-02,-1.435916317235476185e-02,-3.524455202264515918e-01,-3.753330286669139260e-01,-2.907009498669055336e-01,-4.311306135592269523e-02,-3.519076715388935045e-02,-3.801429606348527557e-02,-1.435916317235476011e-02,-1.286658602907498339e-01,-4.767312946227962589e-02,-1.690913523558418063e+00,-2.487592975524973576e-02,2.013237442528823973e+00,-1.786283982422259831e-01,-4.979810447122926670e-02,5.840947806181536750e-01,-2.030901712371240009e-02,-4.892821642774447533e-01,-1.767766952966368654e-01
-9.630538728187556519e-01,-5.537123258831522232e-01,-5.507016019503075954e-01,-2.878929612425566442e-01,4.879784781528296450e-02,1.533472170152730518e+00,-4.966680157416004104e-01,-4.963069089824175273e-01,-6.493539992246850634e-01,-6.302706439077716549e-01,-8.049846723551776773e-01,9.252135358773474483e-01,5.366372067400936530e+00,1.123952597670459186e+00,-1.362479502627724992e+00,-6.726893162032826501e-01,-8.087874538665257296e-01,-1.801752323248414722e+00,-1.236479578871264806e+00,-2.384929742918500128e+00,-7.697096432631360674e-01,-8.156443337717953490e-01,9.873408590133997409e-01,3.102373091575059583e+00,2.837148505570266099e-01,7.312741535406717119e-01,-2.482415229036441240e-01,2.071277763844029174e+00,-9.848913912947890870e-01,1.138443761532937692e+00,-4.805784352658213909e-01,0.000000000000000000e+00,0.000000000000000000e+00,-6.258508857266168457e-01,1.595093371917204017e+00,1.247180890325345903e-01,-1.547167420849197228e+00,-1.878576466755472296e+00,1.169513956014681527e-01,-2.489988027729138353e-01,-3.774647335768301359e-01,-4.668062001933125371e-01,2.149203832068448394e-01,-7.167944361002790421e-01,-3.669621702617922865e-01,-4.602362970513234064e-01,-5.183686688943279358e-02,-5.183686688943279358e-02,1.418158377741196352e+00,-1.040941436780788015e-01,-2.030901712371240009e-02,-8.401389803667852485e-02,-3.271524934852403366e-01,-5.191945123345532709e-01,-7.103890521813077674e-01,-5.752567881263277033e-02,-3.801429606348526863e-02,-1.147078669352808861e-01,-1.711160802546210780e-01,-7.340709118518067011e-02,-7.197411700355742237e-02,-1.244624194945742751e-01,-7.051263942166730025e-02,-2.872721242393142319e-02,-2.030901712371240009e-02,-2.019004323808653023e-01,-1.435916317235476011e-02,-1.435916317235476011e-02,-5.183686688943279358e-02,-3.801429606348527557e-02,-3.801429606348527557e-02,-1.558271304830920190e-01,-4.064318733121485144e-02,-8.148853797899899276e-02,-1.210011918676099085e-01,-5.569323991926412171e-02,-7.051263942166730025e-02,-4.979810447122927364e-02,-3.212131358814808435e-02,-2.030901712371240009e-02,-3.801429606348527557e-02,-6.749673070628271765e-02,-3.519076715388935045e-02,-1.435916317235476185e-02,2.837317947345407543e+00,-3.753330286669139260e-01,-2.907009498669055336e-01,-4.311306135592269523e-02,-3.519076715388935045e-02,-3.801429606348527557e-02,-1.435916317235476011e-02,-1.286658602907498339e-01,-4.767312946227962589e-02,-1.690913523558418063e+00,-2.487592975524973576e-02,-4.967123990818995694e-01,5.598214000911362120e+00,-4.979810447122926670e-02,5.840947806181536750e-01,-2.030901712371240009e-02,-4.892821642774447533e-01,-1.767766952966368654e-01
8.881296389847638528e-02,-5.537123258831522232e-01,-5.507016019503075954e-01,2.700485259130430471e+00,9.457300990730040935e-01,2.178992916786017364e+00,-4.966680157416004104e-01,-4.963069089824175273e-01,-6.623362709603883292e-02,1.151455984062275117e+00,8.414777418280475763e-01,-6.008461346790693741e-02,-4.406719470179210063e-01,6.626120979219143337e-01,6.450939483302627897e-01,3.138968235973142451e-01,-2.446226174023423960e-01,2.998427790946933125e-01,3.548594504908069713e-01,8.739910570223318187e-01,1.772195649033848630e+00,2.947937087638125231e+00,-7.406040690110196056e-01,1.183178407697179413e+00,1.399031495656002821e+00,8.154657025812744875e-01,-2.482415229036441240e-01,4.037751773655741672e-01,3.526886438616704256e-01,1.655274109873799748e+00,9.276940622890612609e-01,0.000000000000000000e+00,0.000000000000000000e+00,9.205658450309623930e-01,1.213393822839661657e-01,1.616353813630237335e+00,1.434245829887814683e+00,-5.671809288587708053e-01,4.344875262335887722e-01,-1.426512150649113186e+00,-3.774647335768301359e-01,1.696017942249628430e+00,6.291352337973910025e-01,-1.421055132060808246e+00,-3.669621702617922865e-01,1.739375798511208382e+00,-5.183686688943279358e-02,-5.183686688943279358e-02,-7.051398600435393460e-01,-1.040941436780788015e-01,-2.030901712371240009e-02,-8.401389803667852485e-02,-3.271524934852403366e-01,-5.191945123345532709e-01,1.407679351095596942e+00,-5.752567881263277033e-02,-3.801429606348526863e-02,-1.147078669352808861e-01,-1.711160802546210780e-01,-7.340709118518067011e-02,-7.197411700355742237e-02,-1.244624194945742751e-01,-7.051263942166730025e-02,-2.872721242393142319e-02,-2.030901712371240009e-02,-2.019004323808653023e-01,-1.435916317235476011e-02,-1.435916317235476011e-02,-5.183686688943279358e-02,-3.801429606348527557e-02,-3.801429606348527557e-02,-1.558271304830920190e-01,-4.064318733121485144e-02,-8.148853797899899276e-02,-1.210011918676099085e-01,-5.569323991926412171e-02,-7.051263942166730025e-02,-4.979810447122927364e-02,-3.212131358814808435e-02,-2.030901712371240009e-02,-3.801429606348527557e-02,-6.749673070628271765e-02,-3.519076715388935045e-02,-1.435916317235476185e-02,-3.524455202264515918e-01,-3.753330286669139260e-01,-2.907009498669055336e-01,-4.311306135592269523e-02,-3.519076715388935045e-02,-3.801429606348527557e-02,-1.435916317235476011e-02,-1.286658602907498339e-01,-4.767312946227962589e-02,5.913962991410492975e-01,-2.487592975524973576e-02,-4.967123990818995694e-01,-1.786283982422259831e-01,-4.979810447122926670e-02,5.840947806181536750e-01,-2.030901712371240009e-02,-4.892821642774447533e-01,-1.767766952966368654e-01
-4.236023967390369765e-02,-7.448690342834912714e-02,2.955800235181999636e+00,7.082331122151057645e-01,6.945890687208421399e-01,-8.032969643048733233e-02,-4.966680157416004104e-01,-4.963069089824175273e-01,-6.623362709603883292e-02,2.933182612032321668e+00,8.414777418280475763e-01,-5.527336881405341407e-01,4.130493235820915932e-02,4.202128522913227693e-01,9.757391625081156261e-02,-3.438272696030836850e-01,-4.702885519880157239e-01,-2.605825815301355264e-01,-9.868577703438808912e-01,8.015137498546251460e-02,-4.872757218968044035e-01,-3.138334775838059199e-01,-6.609925061552258951e-02,-3.678442347837201365e-01,-2.739434719924614403e-01,-1.948328859059586526e-01,-8.078231342445260088e-01,7.953856332809684793e-02,5.480655029294680958e-01,-1.445707980171372364e+00,-4.805784352658213909e-01,0.000000000000000000e+00,0.000000000000000000e+00,-2.392467030372219805e-01,1.213393822839661657e-01,1.247180890325345903e-01,1.550008821627112399e-01,-2.251358369570330975e-01,-2.005847350306524668e-01,-7.200041419233935702e-01,-3.774647335768301359e-01,-4.668062001933125371e-01,-6.135093179742474589e-01,-7.167944361002790421e-01,-3.669621702617922865e-01,-4.602362970513234064e-01,-5.183686688943279358e-02,-5.183686688943279358e-02,-7.051398600435393460e-01,-1.040941436780788015e-01,-2.030901712371240009e-02,-8.401389803667852485e-02,3.056678521220304923e+00,-5.191945123345532709e-01,-7.103890521813077674e-01,-5.752567881263277033e-02,-3.801429606348526863e-02,-1.147078669352808861e-01,-1.711160802546210780e-01,-7.340709118518067011e-02,-7.197411700355742237e-02,-1.244624194945742751e-01,-7.051263942166730025e-02,-2.872721242393142319e-02,-2.030901712371240009e-02,-2.019004323808653023e-01,-1.435916317235476011e-02,-1.435916317235476011e-02,-5.183686688943279358e-02,-3.801429606348527557e-02,-3.801429606348527557e-02,-1.558271304830920190e-01,-4.064318733121485144e-02,-8.148853797899899276e-02,-1.210011918676099085e-01,-5.569323991926412171e-02,-7.051263942166730025e-02,-4.979810447122927364e-02,-3.212131358814808435e-02,-2.030901712371240009e-02,-3.801429606348527557e-02,-6.749673070628271765e-02,-3.519076715388935045e-02,-1.435916317235476185e-02,-3.524455202264515918e-01,-3.753330286669139260e-01,-2.907009498669055336e-01,-4.311306135592269523e-02,-3.519076715388935045e-02,-3.801429606348527557e-02,-1.435916317235476011e-02,-1.286658602907498339e-01,-4.767312946227962589e-02,5.913962991410492975e-01,-2.487592975524973576e-02,-4.967123990818995694e-01,-1.786283982422259831e-01,-4.979810447122926670e-02,5.840947806181536750e-01,-2.030901712371240009e-02,-4.892821642774447533e-01,-1.767766952966368654e-01
7.235060056478110901e-01,-5.537123258831522232e-01,-5.507016019503075954e-01,-1.284019034700219164e+00,-9.916435636436735646e-01,-6.899881793619251358e-01,5.905777172739697933e-01,-4.963069089824175273e-01,-6.493539992246850634e-01,-3.636176791775609651e-02,-1.281433502833107418e+00,-1.538031837485788644e+00,2.295712916536882364e+00,1.577473766914791797e+00,2.800805936106286476e-01,-1.496522300288474598e-02,-1.317896501095057737e-01,-5.874973752279523120e-01,-2.613943893111717598e-01,1.124677272402395900e+00,-1.052143564629467676e+00,-3.138334775838059199e-01,-1.797798379855501116e-01,-1.955083856191756064e-01,2.837148505570266099e-01,-4.474075330277669238e-01,8.750744390088503744e-02,1.098567921731596897e+00,-1.207245146487618270e-01,1.478522605462855299e-01,-1.043887434287774418e+00,0.000000000000000000e+00,0.000000000000000000e+00,-1.012455068416011628e+00,-1.352414607349271769e+00,-4.719362008065465242e-01,2.381452569636775263e-01,1.718909509593858909e+00,1.169513956014681527e-01,6.930118755280455511e-01,-3.774647335768301359e-01,-4.668062001933125371e-01,1.768226072921393000e+00,6.917269558207794766e-01,-3.669621702617922865e-01,1.739375798511208382e+00,-5.183686688943279358e-02,-5.183686688943279358e-02,-7.051398600435393460e-01,-1.040941436780788015e-01,-2.030901712371240009e-02,-8.401389803667852485e-02,-3.271524934852403366e-01,1.926060419058570616e+00,-7.103890521813077674e-01,-5.752567881263277033e-02,-3.801429606348526863e-02,-1.147078669352808861e-01,-1.711160802546210780e-01,-7.340709118518067011e-02,-7.197411700355742237e-02,-1.244624194945742751e-01,-7.051263942166730025e-02,-2.872721242393142319e-02,-2.030901712371240009e-02,4.952936396459016066e+00,-1.435916317235476011e-02,-1.435916317235476011e-02,-5.183686688943279358e-02,-3.801429606348527557e-02,-3.801429606348527557e-02,-1.558271304830920190e-01,-4.064318733121485144e-02,-8.148853797899899276e-02,-1.210011918676099085e-01,-5.569323991926412171e-02,-7.051263942166730025e-02,-4.979810447122927364e-02,-3.212131358814808435e-02,-2.030901712371240009e-02,-3.801429606348527557e-02,-6.749673070628271765e-02,-3.519076715388935045e-02,-1.435916317235476185e-02,-3.524455202264515918e-01,-3.753330286669139260e-01,-2.907009498669055336e-01,-4.311306135592269523e-02,-3.519076715388935045e-02,-3.801429606348527557e-02,-1.435916317235476011e-02,-1.286658602907498339e-01,-4.767312946227962589e-02,-1.690913523558418063e+00,-2.487592975524973576e-02,-4.967123990818995694e-01,5.598214000911362120e+00,-4.979810447122926670e-02,-1.712050908829709783e+00,-2.030901712371240009e-02,2.043810449286999731e+00,-1.767766952966368654e-01
-1.329611021767550305e+00,4.047385190264539689e-01,1.453013733553867981e+00,7.082331122151057645e-01,-4.893615029393497129e-01,3.141552042898547725e-01,3.852314916320680460e+00,1.810913805415002020e+00,1.100007117161253767e+00,-6.302706439077716549e-01,8.414777418280475763e-01,-6.008461346790693741e-02,-2.774217136808447282e-01,-1.401691155190219584e+00,8.276006256900798608e-01,-2.234784037554227609e+00,3.704531237846941050e+00,1.000374479875729250e+00,1.103724876072958327e+00,-2.384929742918500128e+00,-6.362483984730694930e-02,-6.292804948981121915e-02,-1.165011595192455784e+00,-6.028476654626441222e-01,1.120202334381258824e+00,-1.106413368653558910e-01,1.542419633387178024e+00,2.858709540792188086e+00,-9.698624021357277192e-01,-1.144223610305869387e+00,3.643850632671082335e-01,0.000000000000000000e+00,0.000000000000000000e+00,5.339616623415676111e-01,4.160901802106137248e-01,1.019699523791156359e+00,-1.729823173364705813e+00,-1.943377978307168741e+00,-1.259038503804387865e+00,-1.426512150649113186e+00,-3.774647335768301359e-01,-4.668062001933125371e-01,-3.028481800313378436e-01,-4.820408707801026038e-01,-3.669621702617922865e-01,-4.602362970513234064e-01,-5.183686688943279358e-02,-5.183686688943279358e-02,-7.051398600435393460e-01,-1.040941436780788015e-01,-2.030901712371240009e-02,-8.401389803667852485e-02,-3.271524934852403366e-01,-5.191945123345532709e-01,1.407679351095596942e+00,-5.752567881263277033e-02,-3.801429606348526863e-02,-1.147078669352808861e-01,-1.711160802546210780e-01,-7.340709118518067011e-02,-7.197411700355742237e-02,-1.244624194945742751e-01,-7.051263942166730025e-02,-2.872721242393142319e-02,-2.030901712371240009e-02,-2.019004323808653023e-01,-1.435916317235476011e-02,-1.435916317235476011e-02,-5.183686688943279358e-02,-3.801429606348527557e-02,-3.801429606348527557e-02,-1.558271304830920190e-01,-4.064318733121485144e-02,-8.148853797899899276e-02,-1.210011918676099085e-01,-5.569323991926412171e-02,-7.051263942166730025e-02,-4.979810447122927364e-02,-3.212131358814808435e-02,-2.030901712371240009e-02,-3.801429606348527557e-02,-6.749673070628271765e-02,-3.519076715388935045e-02,-1.435916317235476185e-02,-3.524455202264515918e-01,-3.753330286669139260e-01,-2.907009498669055336e-01,-4.311306135592269523e-02,-3.519076715388935045e-02,-3.801429606348527557e-02,-1.435916317235476011e-02,-1.286658602907498339e-01,-4.767312946227962589e-02,5.913962991410492975e-01,-2.487592975524973576e-02,-4.967123990818995694e-01,-1.786283982422259831e-01,-4.979810447122926670e-02,5.840947806181536750e-01,-2.030901712371240009e-02,-4.892821642774447533e-01,-1.767766952966368654e-01
7.524534339267096028e-01,-5.537123258831522232e-01,-5.507016019503075954e-01,-2.878929612425566442e-01,3.062490212041225845e+00,-1.520542238341859032e-01,-4.966680157416004104e-01,-4.963069089824175273e-01,-6.493539992246850634e-01,-6.302706439077716549e-01,-6.300857345847984403e-01,-2.523329986831043037e+00,1.564973776837587982e+00,2.805108656076174878e+00,8.276006256900798608e-01,-2.616117579530339854e-01,-2.446226174023423960e-01,9.069702531049245176e-01,1.259738506402573233e+00,7.486479493322998335e-01,-1.617011407362130893e+00,-1.317455189959784834e+00,1.290489092000140170e+00,-3.991780255409100309e-01,-8.316017945419494906e-01,-5.315990820683696993e-01,-1.363252006354677692e-01,-6.152541810379259513e-01,-1.552159053533232538e-02,-1.574915567256587767e+00,-1.607196433309727501e+00,0.000000000000000000e+00,0.000000000000000000e+00,-2.945475981862985648e+00,-2.826168596982509662e+00,-1.665244780484708809e+00,-1.219827362577676322e+00,8.684731775803588016e-01,1.169513956014681527e-01,-2.489988027729138353e-01,-3.774647335768301359e-01,-4.668062001933125371e-01,-6.135093179742474589e-01,-2.472873054599261933e-01,-3.669621702617922865e-01,-4.602362970513234064e-01,-5.183686688943279358e-02,-5.183686688943279358e-02,1.418158377741196352e+00,-1.040941436780788015e-01,-2.030901712371240009e-02,-8.401389803667852485e-02,-3.271524934852403366e-01,-5.191945123345532709e-01,-7.103890521813077674e-01,-5.752567881263277033e-02,-3.801429606348526863e-02,-1.147078669352808861e-01,-1.711160802546210780e-01,-7.340709118518067011e-02,-7.197411700355742237e-02,-1.244624194945742751e-01,-7.051263942166730025e-02,-2.872721242393142319e-02,-2.030901712371240009e-02,-2.019004323808653023e-01,-1.435916317235476011e-02,-1.435916317235476011e-02,-5.183686688943279358e-02,-3.801429606348527557e-02,-3.801429606348527557e-02,-1.558271304830920190e-01,-4.064318733121485144e-02,-8.148853797899899276e-02,-1.210011918676099085e-01,-5.569323991926412171e-02,-7.051263942166730025e-02,-4.979810447122927364e-02,-3.212131358814808435e-02,-2.030901712371240009e-02,-3.801429606348527557e-02,-6.749673070628271765e-02,-3.519076715388935045e-02,-1.435916317235476185e-02,-3.524455202264515918e-01,2.664300564093018409e+00,-2.907009498669055336e-01,-4.311306135592269523e-02,-3.519076715388935045e-02,-3.801429606348527557e-02,-1.435916317235476011e-02,-1.286658602907498339e-01,-4.767312946227962589e-02,5.913962991410492975e-01,-2.487592975524973576e-02,-4.967123990818995694e-01,-1.786283982422259831e-01,-4.979810447122926670e-02,-1.712050908829709783e+00,-2.030901712371240009e-02,-4.892821642774447533e-01,-1.767766952966368654e-01
-1.129919646744160511e-01,-5.537123258831522232e-01,-5.507016019503075954e-01,-1.284019034700219164e+00,-1.135152723844908840e+00,-9.410240252748701684e-01,-4.966680157416004104e-01,-4.963069089824175273e-01,-6.493539992246850634e-01,-6.302706439077716549e-01,-3.044118504606439513e-01,-6.008461346790693741e-02,-5.961483597198985462e-01,9.962030161860523092e-02,8.276006256900798608e-01,2.316813119472644900e-01,-1.317896501095057737e-01,-4.473910350717451578e-01,1.236336461853130952e+00,-3.410696807892142027e-03,3.600260422021904771e-01,4.388828066981781961e-01,-1.104381948595107632e+00,-2.973432055800430129e-01,1.027259280623010751e+00,5.628910554594662718e-01,-3.601578451718204787e-01,1.237526470604801476e+00,-2.935578899779672790e-01,7.938901959723629886e-01,3.643850632671082335e-01,0.000000000000000000e+00,0.000000000000000000e+00,5.339616623415676111e-01,4.160901802106137248e-01,7.213723788716157603e-01,1.414605426391523535e+00,1.372188019951277260e+00,-4.122754887853995465e-01,-2.489988027729138353e-01,-3.774647335768301359e-01,-4.668062001933125371e-01,6.291352337973910025e-01,2.222198251804266556e-01,-3.669621702617922865e-01,-4.602362970513234064e-01,-5.183686688943279358e-02,-5.183686688943279358e-02,1.418158377741196352e+00,-1.040941436780788015e-01,-2.030901712371240009e-02,-8.401389803667852485e-02,-3.271524934852403366e-01,-5.191945123345532709e-01,-7.103890521813077674e-01,-5.752567881263277033e-02,-3.801429606348526863e-02,-1.147078669352808861e-01,-1.711160802546210780e-01,-7.340709118518067011e-02,-7.197411700355742237e-02,-1.244624194945742751e-01,-7.051263942166730025e-02,-2.872721242393142319e-02,-2.030901712371240009e-02,-2.019004323808653023e-01,-1.435916317235476011e-02,-1.435916317235476011e-02,-5.183686688943279358e-02,-3.801429606348527557e-02,-3.801429606348527557e-02,6.417367738851512016e+00,-4.064318733121485144e-02,-8.148853797899899276e-02,-1.210011918676099085e-01,-5.569323991926412171e-02,-7.051263942166730025e-02,-4.979810447122927364e-02,-3.212131358814808435e-02,-2.030901712371240009e-02,-3.801429606348527557e-02,-6.749673070628271765e-02,-3.519076715388935045e-02,-1.435916317235476185e-02,-3.524455202264515918e-01,-3.753330286669139260e-01,-2.907009498669055336e-01,-4.311306135592269523e-02,-3.519076715388935045e-02,-3.801429606348527557e-02,-1.435916317235476011e-02,-1.286658602907498339e-01,-4.767312946227962589e-02,5.913962991410492975e-01,-2.487592975524973576e-02,-4.967123990818995694e-01,-1.786283982422259831e-01,-4.979810447122926670e-02,-1.712050908829709783e+00,-2.030901712371240009e-02,2.043810449286999731e+00,-1.767766952966368654e-01
-8.877905592936194967e-01,3.280091053755272323e+00,-4.977276807426366662e-02,7.082331122151057645e-01,8.467513786559180411e-02,6.311935837690980933e-02,5.905777172739697933e-01,-4.963069089824175273e-01,1.100007117161253767e+00,-6.302706439077716549e-01,8.414777418280475763e-01,-3.064091508042205425e-01,-6.039221803549972289e-01,-5.650227912394683027e-01,3.713339322905371831e-01,-7.549048278533324607e-01,1.335038924697370621e+00,-3.539868083009403144e-01,1.244137143369611787e+00,-2.958779480846334686e-01,-6.362483984730694930e-02,4.388828066981781961e-01,-8.845994796797210791e-01,-4.853459501231821016e-01,6.554870655900186804e-01,5.774176121584963933e-02,-2.482415229036441240e-01,-3.373370832915168482e-01,-2.033839550235991278e-01,4.493366304117883403e-01,-5.809668599935657873e-02,0.000000000000000000e+00,0.000000000000000000e+00,1.473574796521728292e-01,1.213393822839661657e-01,4.230452339520751615e-01,5.687587158179135960e-01,-1.605341227326154474e+00,-5.181208656627730447e-01,-1.426512150649113186e+00,-3.774647335768301359e-01,-4.668062001933125371e-01,-9.574075473606477593e-02,-9.515480014204554804e-01,-3.669621702617922865e-01,-4.602362970513234064e-01,-5.183686688943279358e-02,-5.183686688943279358e-02,-7.051398600435393460e-01,-1.040941436780788015e-01,-2.030901712371240009e-02,-8.401389803667852485e-02,3.056678521220304923e+00,-5.191945123345532709e-01,-7.103890521813077674e-01,-5.752567881263277033e-02,-3.801429606348526863e-02,-1.147078669352808861e-01,-1.711160802546210780e-01,-7.340709118518067011e-02,-7.197411700355742237e-02,-1.244624194945742751e-01,-7.051263942166730025e-02,-2.872721242393142319e-02,-2.030901712371240009e-02,-2.019004323808653023e-01,-1.435916317235476011e-02,-1.435916317235476011e-02,-5.183686688943279358e-02,-3.801429606348527557e-02,-3.801429606348527557e-02,-1.558271304830920190e-01,-4.064318733121485144e-02,-8.148853797899899276e-02,-1.210011918676099085e-01,-5.569323991926412171e-02,-7.051263942166730025e-02,-4.979810447122927364e-02,-3.212131358814808435e-02,-2.030901712371240009e-02,-3.801429606348527557e-02,-6.749673070628271765e-02,-3.519076715388935045e-02,-1.435916317235476185e-02,-3.524455202264515918e-01,-3.753330286669139260e-01,-2.907009498669055336e-01,-4.311306135592269523e-02,-3.519076715388935045e-02,-3.801429606348527557e-02,-1.435916317235476011e-02,-1.286658602907498339e-01,-4.767312946227962589e-02,-1.690913523558418063e+00,-2.487592975524973576e-02,2.013237442528823973e+00,-1.786283982422259831e-01,-4.979810447122926670e-02,-1.712050908829709783e+00,-2.030901712371240009e-02,2.043810449286999731e+00,-1.767766952966368654e-01
-1.432627039603499020e-01,1.842414786390863091e+00,-4.977276807426366662e-02,7.082331122151057645e-01,4.793253284189891161e-01,1.174849533134237678e+00,-4.966680157416004104e-01,-4.963069089824175273e-01,1.683127489289899970e+00,-6.302706439077716549e-01,8.414777418280475763e-01,-2.277005449494729383e+00,1.112693180740988996e-01,-5.676630846564748728e-02,-8.493276110900550846e-02,5.605433585474633995e-01,-4.702885519880157239e-01,-4.940931484571475241e-01,6.623423438101938565e-02,-1.705348403946014557e-01,-1.617011407362130893e+00,-1.568360618053779465e+00,4.000263092983657315e-02,1.198845303075774194e+00,4.885689282282582209e-03,1.068040349703082814e+00,-4.720741674399969168e-01,5.427337262387786909e-01,-9.698624021357277192e-01,2.770598476315010439e-01,-1.607196433309727501e+00,0.000000000000000000e+00,0.000000000000000000e+00,-2.945475981862985648e+00,-1.941916203202566749e+00,-1.665244780484708809e+00,5.242404678929867279e-01,-1.414276976771668082e+00,-9.415023731722672595e-01,-1.349613319767399566e-02,9.257960654133498002e-01,-4.668062001933125371e-01,-8.206167432695206099e-01,-1.186301566740631808e+00,-3.669621702617922865e-01,-4.602362970513234064e-01,-5.183686688943279358e-02,-5.183686688943279358e-02,-7.051398600435393460e-01,-1.040941436780788015e-01,-2.030901712371240009e-02,-8.401389803667852485e-02,3.056678521220304923e+00,-5.191945123345532709e-01,-7.103890521813077674e-01,-5.752567881263277033e-02,-3.801429606348526863e-02,-1.147078669352808861e-01,-1.711160802546210780e-01,-7.340709118518067011e-02,-7.197411700355742237e-02,-1.244624194945742751e-01,-7.051263942166730025e-02,-2.872721242393142319e-02,-2.030901712371240009e-02,-2.019004323808653023e-01,-1.435916317235476011e-02,-1.435916317235476011e-02,-5.183686688943279358e-02,-3.801429606348527557e-02,-3.801429606348527557e-02,-1.558271304830920190e-01,-4.064318733121485144e-02,-8.148853797899899276e-02,-1.210011918676099085e-01,-5.569323991926412171e-02,-7.051263942166730025e-02,-4.979810447122927364e-02,-3.212131358814808435e-02,-2.030901712371240009e-02,-3.801429606348527557e-02,-6.749673070628271765e-02,-3.519076715388935045e-02,-1.435916317235476185e-02,-3.524455202264515918e-01,-3.753330286669139260e-01,-2.907009498669055336e-01,-4.311306135592269523e-02,-3.519076715388935045e-02,-3.801429606348527557e-02,-1.435916317235476011e-02,-1.286658602907498339e-01,-4.767312946227962589e-02,5.913962991410492975e-01,-2.487592975524973576e-02,-4.967123990818995694e-01,-1.786283982422259831e-01,-4.979810447122926670e-02,5.840947806181536750e-01,-2.030901712371240009e-02,-4.892821642774447533e-01,-1.767766952966368654e-01
6.178065389608616842e-01,-5.537123258831522232e-01,-5.507016019503075954e-01,-1.284019034700219164e+00,-9.557662735933646347e-01,-1.048610816380417976e+00,-4.966680157416004104e-01,-4.963069089824175273e-01,-6.493539992246850634e-01,-6.302706439077716549e-01,-1.908657279664812245e+00,1.910511685222601841e+00,3.911268609376581940e-01,1.084855945149396206e+00,4.625872709704457186e-01,-9.718073465293448898e-02,-8.087874538665257296e-01,-2.605825815301355264e-01,-1.287828035309991903e-01,-6.301262352580521142e-01,2.619497413132843455e+00,1.191599090980162368e+00,9.687807631162524691e-03,1.178295219527231708e-01,-1.389260117091437596e+00,1.419333102564523941e-01,5.351727329735904704e-01,1.721775959102332110e-01,-2.860433953984365951e-01,-4.981856748797919843e-01,1.744492110870893287e+00,0.000000000000000000e+00,0.000000000000000000e+00,1.307170027720357286e+00,1.005591776063908815e+00,1.019699523791156359e+00,8.587820074464810327e-01,7.101437112117809924e-01,-6.239662425401465429e-01,-1.191009481073873166e+00,-3.774647335768301359e-01,-4.668062001933125371e-01,-1.027724168564793761e+00,-4.820408707801026038e-01,-3.669621702617922865e-01,-4.602362970513234064e-01,-5.183686688943279358e-02,-5.183686688943279358e-02,1.418158377741196352e+00,-1.040941436780788015e-01,-2.030901712371240009e-02,-8.401389803667852485e-02,-3.271524934852403366e-01,-5.191945123345532709e-01,-7.103890521813077674e-01,-5.752567881263277033e-02,-3.801429606348526863e-02,-1.147078669352808861e-01,-1.711160802546210780e-01,-7.340709118518067011e-02,-7.197411700355742237e-02,-1.244624194945742751e-01,-7.051263942166730025e-02,-2.872721242393142319e-02,-2.030901712371240009e-02,-2.019004323808653023e-01,-1.435916317235476011e-02,-1.435916317235476011e-02,-5.183686688943279358e-02,-3.801429606348527557e-02,-3.801429606348527557e-02,-1.558271304830920190e-01,-4.064318733121485144e-02,-8.148853797899899276e-02,-1.210011918676099085e-01,-5.569323991926412171e-02,-7.051263942166730025e-02,-4.979810447122927364e-02,-3.212131358814808435e-02,-2.030901712371240009e-02,-3.801429606348527557e-02,-6.749673070628271765e-02,-3.519076715388935045e-02,-1.435916317235476185e-02,2.837317947345407543e+00,-3.753330286669139260e-01,-2.907009498669055336e-01,-4.311306135592269523e-02,-3.519076715388935045e-02,-3.801429606348527557e-02,-1.435916317235476011e-02,-1.286658602907498339e-01,-4.767312946227962589e-02,5.913962991410492975e-01,-2.487592975524973576e-02,-4.967123990818995694e-01,-1.786283982422259831e-01,-4.979810447122926670e-02,5.840947806181536750e-01,-2.030901712371240009e-02,-4.892821642774447533e-01,-1.767766952966368654e-01
-9.668583919639822666e-01,-5.537123258831522232e-01,-5.507016019503075954e-01,-1.284019034700219164e+00,-3.817296327884231455e-01,-7.617127067656237482e-01,-4.966680157416004104e-01,-4.963069089824175273e-01,-6.493539992246850634e-01,-6.302706439077716549e-01,-6.481787281472516371e-01,-1.784356374822102298e+00,3.911268609376581940e-01,4.202128522913227693e-01,-4.499461158286396367e-01,8.071898934976127205e-01,-8.087874538665257296e-01,-2.605825815301355264e-01,-5.032155163220748406e-01,1.793173846749233080e+00,-1.052143564629467676e+00,-5.647389056778006067e-01,1.229859445402792018e+00,2.107525235034280797e+00,2.837148505570266099e-01,8.154657025812744875e-01,-8.078231342445260088e-01,-1.773242088314630704e+00,-1.202811734101178587e+00,7.938901959723629886e-01,-1.043887434287774418e+00,0.000000000000000000e+00,0.000000000000000000e+00,-1.012455068416011628e+00,-7.629130114959765674e-01,-1.068590490645627611e+00,-1.171381033953491357e+00,-1.209183532994649646e+00,-7.298116194175201521e-01,-9.555068114986333683e-01,-3.774647335768301359e-01,-4.668062001933125371e-01,4.220278085021179071e-01,-9.515480014204554804e-01,-3.669621702617922865e-01,-4.602362970513234064e-01,-5.183686688943279358e-02,-5.183686688943279358e-02,1.418158377741196352e+00,-1.040941436780788015e-01,-2.030901712371240009e-02,-8.401389803667852485e-02,-3.271524934852403366e-01,-5.191945123345532709e-01,-7.103890521813077674e-01,-5.752567881263277033e-02,-3.801429606348526863e-02,-1.147078669352808861e-01,-1.711160802546210780e-01,-7.340709118518067011e-02,-7.197411700355742237e-02,-1.244624194945742751e-01,-7.051263942166730025e-02,-2.872721242393142319e-02,-2.030901712371240009e-02,-2.019004323808653023e-01,-1.435916317235476011e-02,-1.435916317235476011e-02,-5.183686688943279358e-02,-3.801429606348527557e-02,-3.801429606348527557e-02,-1.558271304830920190e-01,-4.064318733121485144e-02,-8.148853797899899276e-02,-1.210011918676099085e-01,-5.569323991926412171e-02,-7.051263942166730025e-02,-4.979810447122927364e-02,-3.212131358814808435e-02,-2.030901712371240009e-02,-3.801429606348527557e-02,-6.749673070628271765e-02,-3.519076715388935045e-02,-1.435916317235476185e-02,-3.524455202264515918e-01,2.664300564093018409e+00,-2.907009498669055336e-01,-4.311306135592269523e-02,-3.519076715388935045e-02,-3.801429606348527557e-02,-1.435916317235476011e-02,-1.286658602907498339e-01,-4.767312946227962589e-02,5.913962991410492975e-01,-2.487592975524973576e-02,-4.967123990818995694e-01,-1.786283982422259831e-01,-4.979810447122926670e-02,-1.712050908829709783e+00,-2.030901712371240009e-02,2.043810449286999731e+00,-1.767766952966368654e-01
-8.729033104644716712e-01,-5.537123258831522232e-01,-5.507016019503075954e-01,-2.878929612425566442e-01,1.232748419475474755e+00,3.141552042898547725e-01,2.765069183305110201e+00,-4.963069089824175273e-01,-6.493539992246850634e-01,-6.302706439077716549e-01,-8.351396616259326722e-01,9.252135358773474483e-01,4.066745022078559479e-01,1.968440292125423152e+00,1.888272549307201120e-01,7.249743818475629098e-01,8.837070555260241322e-01,1.597364389384861028e-01,-7.684386878824200906e-01,7.904289852289771989e-01,-4.872757218968044035e-01,-3.138334775838059199e-01,1.639109559934891491e+00,1.559183896783457701e+00,9.782874304053058856e-02,-2.644978782475312235e-02,-1.363252006354677692e-01,2.648166284923695879e-01,1.453638778279039111e-02,5.785442174970039098e-01,-4.805784352658213909e-01,0.000000000000000000e+00,0.000000000000000000e+00,-2.392467030372219805e-01,1.213393822839661657e-01,-4.719362008065465242e-01,6.270252461902443564e-01,-1.330769874256595431e+00,7.520236568657093779e-01,-9.555068114986333683e-01,-3.774647335768301359e-01,-4.668062001933125371e-01,-8.206167432695206099e-01,-9.515480014204554804e-01,2.194380977853250148e+00,-4.602362970513234064e-01,-5.183686688943279358e-02,-5.183686688943279358e-02,-7.051398600435393460e-01,-1.040941436780788015e-01,-2.030901712371240009e-02,-8.401389803667852485e-02,-3.271524934852403366e-01,1.926060419058570616e+00,-7.103890521813077674e-01,-5.752567881263277033e-02,-3.801429606348526863e-02,-1.147078669352808861e-01,-1.711160802546210780e-01,1.362266211417295203e+01,-7.197411700355742237e-02,-1.244624194945742751e-01,-7.051263942166730025e-02,-2.872721242393142319e-02,-2.030901712371240009e-02,-2.019004323808653023e-01,-1.435916317235476011e-02,-1.435916317235476011e-02,-5.183686688943279358e-02,-3.801429606348527557e-02,-3.801429606348527557e-02,-1.558271304830920190e-01,-4.064318733121485144e-02,-8.148853797899899276e-02,-1.210011918676099085e-01,-5.569323991926412171e-02,-7.051263942166730025e-02,-4.979810447122927364e-02,-3.212131358814808435e-02,-2.030901712371240009e-02,-3.801429606348527557e-02,-6.749673070628271765e-02,-3.519076715388935045e-02,-1.435916317235476185e-02,-3.524455202264515918e-01,-3.753330286669139260e-01,-2.907009498669055336e-01,-4.311306135592269523e-02,-3.519076715388935045e-02,-3.801429606348527557e-02,-1.435916317235476011e-02,-1.286658602907498339e-01,-4.767312946227962589e-02,5.913962991410492975e-01,-2.487592975524973576e-02,-4.967123990818995694e-01,-1.786283982422259831e-01,-4.979810447122926670e-02,5.840947806181536750e-01,-2.030901712371240009e-02,-4.892821642774447533e-01,-1.767766952966368654e-01
2.914449618507659601e-01,8.839639414812570095e-01,1.453013733553867981e+00,7.082331122151057645e-01,-6.328706631405850436e-01,2.725709467506052044e-02,2.765069183305110201e+00,1.810913805415002020e+00,-6.623362709603883292e-02,-3.636176791775609651e-02,8.414777418280475763e-01,1.171538073213661102e+00,-9.304226470291498963e-01,-1.120195257038564929e+00,-1.761860997889140579e-01,6.427588701975132102e-01,3.140366401382757466e+00,-7.743058287695619990e-01,-3.237998414430177663e-01,-2.384929742918500128e+00,-4.872757218968044035e-01,-5.647389056778006067e-01,-3.161965428295833158e-01,1.961639988456979622e-01,-4.598295795089574756e-01,3.945079573782606652e-01,8.709216997781196179e-01,1.005928889149460659e+00,-1.958694604440684439e-01,-1.144223610305869387e+00,-4.805784352658213909e-01,0.000000000000000000e+00,0.000000000000000000e+00,-2.392467030372219805e-01,1.300342573990556527e+00,-4.719362008065465242e-01,-5.350319606736547717e-01,-1.228557180778146574e+00,-7.298116194175201521e-01,-4.845014723481537167e-01,9.257960654133498002e-01,-4.668062001933125371e-01,-6.135093179742474589e-01,-7.167944361002790421e-01,-3.669621702617922865e-01,-4.602362970513234064e-01,-5.183686688943279358e-02,-5.183686688943279358e-02,-7.051398600435393460e-01,-1.040941436780788015e-01,-2.030901712371240009e-02,-8.401389803667852485e-02,-3.271524934852403366e-01,-5.191945123345532709e-01,1.407679351095596942e+00,-5.752567881263277033e-02,-3.801429606348526863e-02,-1.147078669352808861e-01,-1.711160802546210780e-01,-7.340709118518067011e-02,-7.197411700355742237e-02,-1.244624194945742751e-01,-7.051263942166730025e-02,-2.872721242393142319e-02,-2.030901712371240009e-02,-2.019004323808653023e-01,-1.435916317235476011e-02,-1.435916317235476011e-02,-5.183686688943279358e-02,-3.801429606348527557e-02,-3.801429606348527557e-02,-1.558271304830920190e-01,-4.064318733121485144e-02,-8.148853797899899276e-02,-1.210011918676099085e-01,-5.569323991926412171e-02,-7.051263942166730025e-02,-4.979810447122927364e-02,-3.212131358814808435e-02,-2.030901712371240009e-02,-3.801429606348527557e-02,-6.749673070628271765e-02,-3.519076715388935045e-02,-1.435916317235476185e-02,-3.524455202264515918e-01,-3.753330286669139260e-01,-2.907009498669055336e-01,-4.311306135592269523e-02,-3.519076715388935045e-02,-3.801429606348527557e-02,-1.435916317235476011e-02,-1.286658602907498339e-01,-4.767312946227962589e-02,5.913962991410492975e-01,-2.487592975524973576e-02,-4.967123990818995694e-01,-1.786283982422259831e-01,-4.979810447122926670e-02,5.840947806181536750e-01,-2.030901712371240009e-02,-4.892821642774447533e-01,-1.767766952966368654e-01
-7.867226811312938439e-01,-5.537123258831522232e-01,-4.977276807426366662e-02,-1.284019034700219164e+00,-1.027520853693982383e+00,-7.258504430637744420e-01,-4.966680157416004104e-01,1.810913805415002020e+00,-6.493539992246850634e-01,-3.636176791775609651e-02,-7.265817002512147127e-01,9.252135358773474483e-01,2.589719101409774238e-01,9.519273265777816739e-01,7.363472870101713808e-01,6.725028864716499355e-02,-6.959544865736890795e-01,6.633221216768130091e-02,2.281627785061550284e+00,-1.215060737811534786e+00,9.248938849348538049e-01,1.191599090980162368e+00,-3.389326603035887064e-01,1.159678064629286798e+00,9.343162268647626778e-01,8.996572516218772630e-01,1.654335955655354518e+00,9.132898565673241986e-01,2.141138353789970861e+00,6.216134131920756367e-01,9.276940622890612609e-01,0.000000000000000000e+00,0.000000000000000000e+00,9.205658450309623930e-01,1.005591776063908815e+00,1.318026668710696736e+00,1.948824401490645508e+00,4.582862900263217631e-01,-8.356569962948936503e-01,-2.489988027729138353e-01,-3.774647335768301359e-01,-4.668062001933125371e-01,-4.064018926789744190e-01,-4.820408707801026038e-01,-3.669621702617922865e-01,-4.602362970513234064e-01,-5.183686688943279358e-02,-5.183686688943279358e-02,-7.051398600435393460e-01,-1.040941436780788015e-01,-2.030901712371240009e-02,-8.401389803667852485e-02,-3.271524934852403366e-01,1.926060419058570616e+00,-7.103890521813077674e-01,-5.752567881263277033e-02,-3.801429606348526863e-02,8.717797887081346175e+00,-1.711160802546210780e-01,-7.340709118518067011e-02,-7.197411700355742237e-02,-1.244624194945742751e-01,-7.051263942166730025e-02,-2.872721242393142319e-02,-2.030901712371240009e-02,-2.019004323808653023e-01,-1.435916317235476011e-02,-1.435916317235476011e-02,-5.183686688943279358e-02,-3.801429606348527557e-02,-3.801429606348527557e-02,-1.558271304830920190e-01,-4.064318733121485144e-02,-8.148853797899899276e-02,-1.210011918676099085e-01,-5.569323991926412171e-02,-7.051263942166730025e-02,-4.979810447122927364e-02,-3.212131358814808435e-02,-2.030901712371240009e-02,-3.801429606348527557e-02,-6.749673070628271765e-02,-3.519076715388935045e-02,-1.435916317235476185e-02,-3.524455202264515918e-01,-3.753330286669139260e-01,-2.907009498669055336e-01,-4.311306135592269523e-02,-3.519076715388935045e-02,-3.801429606348527557e-02,-1.435916317235476011e-02,-1.286658602907498339e-01,-4.767312946227962589e-02,5.913962991410492975e-01,-2.487592975524973576e-02,-4.967123990818995694e-01,-1.786283982422259831e-01,-4.979810447122926670e-02,5.840947806181536750e-01,-2.030901712371240009e-02,-4.892821642774447533e-01,-1.767766952966368654e-01
6.201591600601034926e-02,-5.537123258831522232e-01,-5.507016019503075954e-01,-2.878929612425566442e-01,-5.611160830399674060e-01,-3.313655423434322955e-01,-4.966680157416004104e-01,-4.963069089824175273e-01,-6.493539992246850634e-01,-6.302706439077716549e-01,-1.383960466353674423e+00,4.325644612047202520e-01,7.176273276118111388e-01,4.749481658208113966e-01,2.800805936106286476e-01,4.783278468974136999e-01,-8.087874538665257296e-01,1.280587160188143780e+00,-6.436277836187281887e-01,4.979617339522358077e-01,-6.362483984730694930e-02,9.406936628861676253e-01,4.037805105139248285e-01,1.927355938180438821e+00,4.885689282282582209e-03,5.628910554594662718e-01,3.113400884372377608e-01,-2.446980507093804713e-01,-2.108984496031298117e-01,1.478522605462855299e-01,3.643850632671082335e-01,0.000000000000000000e+00,0.000000000000000000e+00,1.473574796521728292e-01,1.213393822839661657e-01,7.213723788716157603e-01,-1.854867075624426764e+00,-2.224629899577933667e+00,1.069559787497829983e+00,1.399519884253765056e+00,-3.774647335768301359e-01,1.696017942249628430e+00,8.362426590926641534e-01,4.569733905006030938e-01,-3.669621702617922865e-01,3.938987894073740392e+00,-5.183686688943279358e-02,-5.183686688943279358e-02,1.418158377741196352e+00,-1.040941436780788015e-01,-2.030901712371240009e-02,-8.401389803667852485e-02,-3.271524934852403366e-01,-5.191945123345532709e-01,-7.103890521813077674e-01,-5.752567881263277033e-02,-3.801429606348526863e-02,-1.147078669352808861e-01,-1.711160802546210780e-01,-7.340709118518067011e-02,-7.197411700355742237e-02,-1.244624194945742751e-01,-7.051263942166730025e-02,-2.872721242393142319e-02,-2.030901712371240009e-02,-2.019004323808653023e-01,-1.435916317235476011e-02,-1.435916317235476011e-02,-5.183686688943279358e-02,-3.801429606348527557e-02,-3.801429606348527557e-02,-1.558271304830920190e-01,-4.064318733121485144e-02,-8.148853797899899276e-02,-1.210011918676099085e-01,-5.569323991926412171e-02,-7.051263942166730025e-02,-4.979810447122927364e-02,-3.212131358814808435e-02,-2.030901712371240009e-02,-3.801429606348527557e-02,-6.749673070628271765e-02,-3.519076715388935045e-02,-1.435916317235476185e-02,2.837317947345407543e+00,-3.753330286669139260e-01,-2.907009498669055336e-01,-4.311306135592269523e-02,-3.519076715388935045e-02,-3.801429606348527557e-02,-1.435916317235476011e-02,-1.286658602907498339e-01,-4.767312946227962589e-02,-1.690913523558418063e+00,-2.487592975524973576e-02,2.013237442528823973e+00,-1.786283982422259831e-01,-4.979810447122926670e-02,-1.712050908829709783e+00,-2.030901712371240009e-02,2.043810449286999731e+00,-1.767766952966368654e-01
1.842567702809017605e-01,-7.448690342834912714e-02,-5.507016019503075954e-01,-1.284019034700219164e+00,-9.198889835430558160e-01,-1.048610816380417976e+00,5.905777172739697933e-01,-4.963069089824175273e-01,5.168867450326074531e-01,-6.302706439077716549e-01,-8.170466680634796974e-01,6.788889985410339056e-01,8.575560990435905362e-01,-1.354775172164943697e+00,-2.366266228106718827e+00,-5.082582929031832508e-01,2.067092517690042597e-01,-2.605825815301355264e-01,1.052376419634231258e-01,-1.340403845501566771e+00,-6.362483984730694930e-02,9.406936628861676253e-01,-5.359790117449699798e-01,-1.417526225149581265e+00,-8.316017945419494906e-01,-6.157906311089724749e-01,-8.078231342445260088e-01,2.858709540792188086e+00,1.697783173597660733e+00,-2.828396964044327944e-01,-5.809668599935657873e-02,0.000000000000000000e+00,0.000000000000000000e+00,1.473574796521728292e-01,1.005591776063908815e+00,1.019699523791156359e+00,5.399527906900197793e-01,4.409106155156123502e-02,-5.181208656627730447e-01,-9.555068114986333683e-01,-3.774647335768301359e-01,-4.668062001933125371e-01,-7.170630306218840344e-01,-1.186301566740631808e+00,-3.669621702617922865e-01,-4.602362970513234064e-01,-5.183686688943279358e-02,-5.183686688943279358e-02,-7.051398600435393460e-01,-1.040941436780788015e-01,-2.030901712371240009e-02,-8.401389803667852485e-02,-3.271524934852403366e-01,1.926060419058570616e+00,-7.103890521813077674e-01,-5.752567881263277033e-02,-3.801429606348526863e-02,-1.147078669352808861e-01,-1.711160802546210780e-01,-7.340709118518067011e-02,-7.197411700355742237e-02,-1.244624194945742751e-01,-7.051263942166730025e-02,-2.872721242393142319e-02,-2.030901712371240009e-02,-2.019004323808653023e-01,-1.435916317235476011e-02,-1.435916317235476011e-02,-5.183686688943279358e-02,-3.801429606348527557e-02,-3.801429606348527557e-02,-1.558271304830920190e-01,-4.064318733121485144e-02,-8.148853797899899276e-02,-1.210011918676099085e-01,-5.569323991926412171e-02,-7.051263942166730025e-02,-4.979810447122927364e-02,-3.212131358814808435e-02,-2.030901712371240009e-02,-3.801429606348527557e-02,-6.749673070628271765e-02,-3.519076715388935045e-02,-1.435916317235476185e-02,-3.524455202264515918e-01,-3.753330286669139260e-01,3.439961240091715222e+00,-4.311306135592269523e-02,-3.519076715388935045e-02,-3.801429606348527557e-02,-1.435916317235476011e-02,-1.286658602907498339e-01,-4.767312946227962589e-02,-1.690913523558418063e+00,-2.487592975524973576e-02,2.013237442528823973e+00,-1.786283982422259831e-01,-4.979810447122926670e-02,5.840947806181536750e-01,-2.030901712371240009e-02,-4.892821642774447533e-01,-1.767766952966368654e-01
9.061229246186908171e-01,-5.537123258831522232e-01,-5.507016019503075954e-01,7.082331122151057645e-01,1.735030480179798662e+00,2.967962718226701657e+00,-4.966680157416004104e-01,-4.963069089824175273e-01,-6.493539992246850634e-01,-6.302706439077716549e-01,8.414777418280475763e-01,6.788889985410339056e-01,1.697128727634268808e+00,7.799020554851040510e-01,-6.324527931884567078e-01,-6.726893162032826501e-01,-1.317896501095057737e-01,-2.605825815301355264e-01,-1.127270037640534461e+00,7.068669134356224681e-01,-4.872757218968044035e-01,-1.066549761865789980e+00,5.629333328319633400e-01,1.927355938180438821e+00,7.484301193482666426e-01,1.320614996824891030e+00,-8.078231342445260088e-01,-1.773242088314630704e+00,-1.202811734101178587e+00,1.310720544313225044e+00,-4.805784352658213909e-01,0.000000000000000000e+00,0.000000000000000000e+00,-2.392467030372219805e-01,-1.734114156426813935e-01,-7.702633457260871230e-01,-3.661244906055499682e-01,2.010844142798978718e-01,-3.064301119080259928e-01,-2.489988027729138353e-01,-3.774647335768301359e-01,1.696017942249628430e+00,-9.574075473606477593e-02,-2.472873054599261933e-01,-3.669621702617922865e-01,-4.602362970513234064e-01,-5.183686688943279358e-02,-5.183686688943279358e-02,-7.051398600435393460e-01,-1.040941436780788015e-01,-2.030901712371240009e-02,-8.401389803667852485e-02,3.056678521220304923e+00,-5.191945123345532709e-01,-7.103890521813077674e-01,-5.752567881263277033e-02,-3.801429606348526863e-02,-1.147078669352808861e-01,-1.711160802546210780e-01,-7.340709118518067011e-02,-7.197411700355742237e-02,-1.244624194945742751e-01,-7.051263942166730025e-02,-2.872721242393142319e-02,-2.030901712371240009e-02,-2.019004323808653023e-01,-1.435916317235476011e-02,-1.435916317235476011e-02,-5.183686688943279358e-02,-3.801429606348527557e-02,-3.801429606348527557e-02,-1.558271304830920190e-01,-4.064318733121485144e-02,-8.148853797899899276e-02,-1.210011918676099085e-01,-5.569323991926412171e-02,-7.051263942166730025e-02,-4.979810447122927364e-02,-3.212131358814808435e-02,-2.030901712371240009e-02,-3.801429606348527557e-02,-6.749673070628271765e-02,-3.519076715388935045e-02,-1.435916317235476185e-02,-3.524455202264515918e-01,-3.753330286669139260e-01,-2.907009498669055336e-01,-4.311306135592269523e-02,-3.519076715388935045e-02,-3.801429606348527557e-02,-1.435916317235476011e-02,-1.286658602907498339e-01,-4.767312946227962589e-02,5.913962991410492975e-01,-2.487592975524973576e-02,-4.967123990818995694e-01,-1.786283982422259831e-01,-4.979810447122926670e-02,5.840947806181536750e-01,-2.030901712371240009e-02,-4.892821642774447533e-01,-1.767766952966368654e-01
5.043326201075795101e-01,-7.448690342834912714e-02,3.957657902934087701e+00,7.082331122151057645e-01,-5.969933730902762248e-01,1.390023115345333293e+00,-4.966680157416004104e-01,6.573034482162921632e-01,5.168867450326074531e-01,5.575471080722594897e-01,8.414777418280475763e-01,-5.527336881405341407e-01,-9.304226470291498963e-01,-1.120195257038564929e+00,-4.499461158286396367e-01,3.961123352473639447e-01,-1.317896501095057737e-01,-1.204762413739283167e-01,1.130383234799038766e-01,-6.301262352580521142e-01,9.248938849348538049e-01,4.388828066981781961e-01,-1.104381948595107632e+00,-2.973432055800430129e-01,1.027259280623010751e+00,5.628910554594662718e-01,-3.601578451718204787e-01,1.237526470604801476e+00,-2.935578899779672790e-01,7.938901959723629886e-01,3.643850632671082335e-01,0.000000000000000000e+00,0.000000000000000000e+00,9.205658450309623930e-01,1.213393822839661657e-01,7.213723788716157603e-01,-3.844555338687551393e-01,-1.149064616371371639e-01,-3.064301119080259928e-01,9.285145451032854602e-01,-3.774647335768301359e-01,-4.668062001933125371e-01,6.291352337973910025e-01,2.222198251804266556e-01,-3.669621702617922865e-01,-4.602362970513234064e-01,-5.183686688943279358e-02,-5.183686688943279358e-02,-7.051398600435393460e-01,-1.040941436780788015e-01,-2.030901712371240009e-02,-8.401389803667852485e-02,-3.271524934852403366e-01,-5.191945123345532709e-01,1.407679351095596942e+00,-5.752567881263277033e-02,-3.801429606348526863e-02,-1.147078669352808861e-01,-1.711160802546210780e-01,-7.340709118518067011e-02,-7.197411700355742237e-02,-1.244624194945742751e-01,-7.051263942166730025e-02,-2.872721242393142319e-02,-2.030901712371240009e-02,-2.019004323808653023e-01,-1.435916317235476011e-02,-1.435916317235476011e-02,-5.183686688943279358e-02,-3.801429606348527557e-02,-3.801429606348527557e-02,-1.558271304830920190e-01,-4.064318733121485144e-02,-8.148853797899899276e-02,-1.210011918676099085e-01,-5.569323991926412171e-02,-7.051263942166730025e-02,-4.979810447122927364e-02,-3.212131358814808435e-02,-2.030901712371240009e-02,-3.801429606348527557e-02,-6.749673070628271765e-02,-3.519076715388935045e-02,-1.435916317235476185e-02,-3.524455202264515918e-01,-3.753330286669139260e-01,-2.907009498669055336e-01,-4.311306135592269523e-02,-3.519076715388935045e-02,-3.801429606348527557e-02,-1.435916317235476011e-02,-1.286658602907498339e-01,-4.767312946227962589e-02,5.913962991410492975e-01,-2.487592975524973576e-02,-4.967123990818995694e-01,-1.786283982422259831e-01,-4.979810447122926670e-02,-1.712050908829709783e+00,-2.030901712371240009e-02,2.043810449286999731e+00,-1.767766952966368654e-01
8.875965705201956935e-01,-5.537123258831522232e-01,-5.507016019503075954e-01,-1.284019034700219164e+00,-8.840116934927469972e-01,-1.012748552678568670e+00,-4.966680157416004104e-01,-4.963069089824175273e-01,-6.493539992246850634e-01,-6.302706439077716549e-01,-2.047370230310285422e+00,-5.527336881405341407e-01,7.240021489860468118e-02,-2.287915795583251310e-01,6.450939483302627897e-01,1.494658002972147348e-01,-2.446226174023423960e-01,7.668639129487173633e-01,-2.691950708276525384e-01,7.486479493322998335e-01,-4.872757218968044035e-01,1.879773786041834815e-01,-1.263534770913146366e+00,-6.498483515984290193e-01,1.027259280623010751e+00,-1.106413368653558910e-01,5.351727329735904704e-01,5.427337262387786909e-01,1.013964166860369831e+00,-9.288776318305103086e-01,-5.809668599935657873e-02,0.000000000000000000e+00,0.000000000000000000e+00,1.473574796521728292e-01,-4.681622135693289666e-01,-4.719362008065465242e-01,5.124562257952119948e-01,1.785715191605917074e+00,-2.005847350306524668e-01,1.399519884253765056e+00,2.229056864403530014e+00,-4.668062001933125371e-01,2.803763199397758310e+00,4.569733905006030938e-01,-3.669621702617922865e-01,-4.602362970513234064e-01,-5.183686688943279358e-02,-5.183686688943279358e-02,1.418158377741196352e+00,-1.040941436780788015e-01,-2.030901712371240009e-02,-8.401389803667852485e-02,-3.271524934852403366e-01,-5.191945123345532709e-01,-7.103890521813077674e-01,-5.752567881263277033e-02,-3.801429606348526863e-02,-1.147078669352808861e-01,-1.711160802546210780e-01,-7.340709118518067011e-02,-7.197411700355742237e-02,-1.244624194945742751e-01,-7.051263942166730025e-02,-2.872721242393142319e-02,-2.030901712371240009e-02,-2.019004323808653023e-01,-1.435916317235476011e-02,-1.435916317235476011e-02,-5.183686688943279358e-02,-3.801429606348527557e-02,-3.801429606348527557e-02,-1.558271304830920190e-01,-4.064318733121485144e-02,-8.148853797899899276e-02,-1.210011918676099085e-01,-5.569323991926412171e-02,-7.051263942166730025e-02,-4.979810447122927364e-02,-3.212131358814808435e-02,-2.030901712371240009e-02,-3.801429606348527557e-02,-6.749673070628271765e-02,-3.519076715388935045e-02,-1.435916317235476185e-02,2.837317947345407543e+00,-3.753330286669139260e-01,-2.907009498669055336e-01,-4.311306135592269523e-02,-3.519076715388935045e-02,-3.801429606348527557e-02,-1.435916317235476011e-02,-1.286658602907498339e-01,-4.767312946227962589e-02,5.913962991410492975e-01,-2.487592975524973576e-02,-4.967123990818995694e-01,-1.786283982422259831e-01,-4.979810447122926670e-02,-1.712050908829709783e+00,-2.030901712371240009e-02,-4.892821642774447533e-01,5.656854249492379694e+00
-8.915950784388461114e-01,-7.448690342834912714e-02,-5.507016019503075954e-01,7.082331122151057645e-01,1.806785060280416300e+00,2.537615553804510427e+00,-4.966680157416004104e-01,-4.963069089824175273e-01,1.100007117161253767e+00,-3.636176791775609651e-02,-1.396022462061976555e+00,-1.291707300149474991e+00,2.458963149873958809e+00,2.085730249688612759e+00,1.192613980409714003e+00,-9.718073465293448898e-02,-1.895668281666913063e-02,2.074523087739984728e+00,1.595167811611244879e+00,7.486479493322998335e-01,-1.052143564629467676e+00,1.879773786041834815e-01,9.191325065913832359e-01,1.684519059812217501e+00,1.907717967987786201e-01,-4.474075330277669238e-01,3.113400884372377608e-01,7.953856332809684793e-02,-7.218840810112155948e-01,-2.828396964044327944e-01,-7.622329347767978769e-01,0.000000000000000000e+00,0.000000000000000000e+00,-6.258508857266168457e-01,-1.057663809422624057e+00,1.247180890325345903e-01,3.370019545616768086e-01,5.030460969744007249e-01,-5.181208656627730447e-01,-1.426512150649113186e+00,-3.774647335768301359e-01,-4.668062001933125371e-01,-9.574075473606477593e-02,-2.472873054599261933e-01,-3.669621702617922865e-01,1.739375798511208382e+00,-5.183686688943279358e-02,-5.183686688943279358e-02,1.418158377741196352e+00,-1.040941436780788015e-01,-2.030901712371240009e-02,-8.401389803667852485e-02,-3.271524934852403366e-01,-5.191945123345532709e-01,-7.103890521813077674e-01,-5.752567881263277033e-02,-3.801429606348526863e-02,-1.147078669352808861e-01,-1.711160802546210780e-01,-7.340709118518067011e-02,-7.197411700355742237e-02,-1.244624194945742751e-01,-7.051263942166730025e-02,-2.872721242393142319e-02,-2.030901712371240009e-02,-2.019004323808653023e-01,-1.435916317235476011e-02,-1.435916317235476011e-02,-5.183686688943279358e-02,-3.801429606348527557e-02,-3.801429606348527557e-02,-1.558271304830920190e-01,-4.064318733121485144e-02,-8.148853797899899276e-02,-1.210011918676099085e-01,-5.569323991926412171e-02,-7.051263942166730025e-02,-4.979810447122927364e-02,-3.212131358814808435e-02,-2.030901712371240009e-02,-3.801429606348527557e-02,-6.749673070628271765e-02,-3.519076715388935045e-02,-1.435916317235476185e-02,2.837317947345407543e+00,-3.753330286669139260e-01,-2.907009498669055336e-01,-4.311306135592269523e-02,-3.519076715388935045e-02,-3.801429606348527557e-02,-1.435916317235476011e-02,-1.286658602907498339e-01,-4.767312946227962589e-02,5.913962991410492975e-01,-2.487592975524973576e-02,-4.967123990818995694e-01,-1.786283982422259831e-01,-4.979810447122926670e-02,5.840947806181536750e-01,-2.030901712371240009e-02,-4.892821642774447533e-01,-1.767766952966368654e-01
1.201717520815214435e+00,-5.537123258831522232e-01,4.511560658017802483e-01,-2.878929612425566442e-01,4.879784781528296450e-02,-5.106768608526787157e-01,-4.966680157416004104e-01,-4.963069089824175273e-01,-6.493539992246850634e-01,-3.636176791775609651e-02,-1.510611421290845691e+00,9.252135358773474483e-01,-2.074573279649549740e-01,2.090909286775817777e-01,4.625872709704457186e-01,1.494658002972147348e-01,-8.087874538665257296e-01,-7.377412798852590881e-02,3.548594504908069713e-01,-7.136883070514067340e-01,-6.362483984730694930e-02,-6.292804948981121915e-02,-6.799744224136715642e-01,-5.401800839482646666e-01,4.696009580735226452e-01,3.945079573782606652e-01,-8.078231342445260088e-01,-5.941998554510771746e-02,-6.467391352159088669e-01,7.938901959723629886e-01,-5.809668599935657873e-02,0.000000000000000000e+00,0.000000000000000000e+00,1.473574796521728292e-01,4.160901802106137248e-01,-1.736090558870059808e-01,-4.689092689028074856e-01,1.146384814750520675e+00,-7.298116194175201521e-01,-7.200041419233935702e-01,-3.774647335768301359e-01,-4.668062001933125371e-01,-8.206167432695206099e-01,-4.820408707801026038e-01,-3.669621702617922865e-01,-4.602362970513234064e-01,-5.183686688943279358e-02,-5.183686688943279358e-02,1.418158377741196352e+00,-1.040941436780788015e-01,-2.030901712371240009e-02,-8.401389803667852485e-02,-3.271524934852403366e-01,-5.191945123345532709e-01,-7.103890521813077674e-01,-5.752567881263277033e-02,-3.801429606348526863e-02,-1.147078669352808861e-01,-1.711160802546210780e-01,-7.340709118518067011e-02,-7.197411700355742237e-02,8.034553755751097981e+00,-7.051263942166730025e-02,-2.872721242393142319e-02,-2.030901712371240009e-02,-2.019004323808653023e-01,-1.435916317235476011e-02,-1.435916317235476011e-02,-5.183686688943279358e-02,-3.801429606348527557e-02,-3.801429606348527557e-02,-1.558271304830920190e-01,-4.064318733121485144e-02,-8.148853797899899276e-02,-1.210011918676099085e-01,-5.569323991926412171e-02,-7.051263942166730025e-02,-4.979810447122927364e-02,-3.212131358814808435e-02,-2.030901712371240009e-02,-3.801429606348527557e-02,-6.749673070628271765e-02,-3.519076715388935045e-02,-1.435916317235476185e-02,-3.524455202264515918e-01,-3.753330286669139260e-01,-2.907009498669055336e-01,-4.311306135592269523e-02,-3.519076715388935045e-02,-3.801429606348527557e-02,-1.435916317235476011e-02,-1.286658602907498339e-01,-4.767312946227962589e-02,5.913962991410492975e-01,-2.487592975524973576e-02,-4.967123990818995694e-01,-1.786283982422259831e-01,-4.979810447122926670e-02,5.840947806181536750e-01,-2.030901712371240009e-02,-4.892821642774447533e-01,-1.767766952966368654e-01
-1.164197145888130391e+00,-5.537123258831522232e-01,4.511560658017802483e-01,7.082331122151057645e-01,-7.046252432412027922e-01,-6.182636519582266343e-01,-4.966680157416004104e-01,1.810913805415002020e+00,-6.493539992246850634e-01,5.575471080722594897e-01,8.414777418280475763e-01,-6.008461346790693741e-02,-2.353031823252243360e+00,-2.340010815695734880e+00,-3.826319646985255396e+00,-4.454602852105570499e+00,-8.087874538665257296e-01,-1.801752323248414722e+00,-1.236479578871264806e+00,-2.384929742918500128e+00,1.489761727667517022e+00,-6.292804948981121915e-02,-1.255956065088477791e+00,-1.668196551207100420e+00,7.484301193482666426e-01,-1.036748376311986242e+00,2.325833889264412591e+00,1.422804535769074397e+00,1.945761494722173524e+00,-2.828396964044327944e-01,3.040102808621385044e+00,0.000000000000000000e+00,0.000000000000000000e+00,1.307170027720357286e+00,7.108409781372613256e-01,1.019699523791156359e+00,1.067624964623711481e+00,9.880553483819428662e-01,-1.153193126927014367e+00,-2.489988027729138353e-01,9.257960654133498002e-01,-4.668062001933125371e-01,-1.992944673837013236e-01,-2.472873054599261933e-01,2.194380977853250148e+00,-4.602362970513234064e-01,-5.183686688943279358e-02,-5.183686688943279358e-02,-7.051398600435393460e-01,-1.040941436780788015e-01,-2.030901712371240009e-02,-8.401389803667852485e-02,-3.271524934852403366e-01,-5.191945123345532709e-01,1.407679351095596942e+00,-5.752567881263277033e-02,-3.801429606348526863e-02,-1.147078669352808861e-01,-1.711160802546210780e-01,-7.340709118518067011e-02,-7.197411700355742237e-02,-1.244624194945742751e-01,-7.051263942166730025e-02,-2.872721242393142319e-02,-2.030901712371240009e-02,-2.019004323808653023e-01,-1.435916317235476011e-02,-1.435916317235476011e-02,-5.183686688943279358e-02,-3.801429606348527557e-02,-3.801429606348527557e-02,-1.558271304830920190e-01,-4.064318733121485144e-02,-8.148853797899899276e-02,-1.210011918676099085e-01,-5.569323991926412171e-02,-7.051263942166730025e-02,-4.979810447122927364e-02,-3.212131358814808435e-02,-2.030901712371240009e-02,-3.801429606348527557e-02,-6.749673070628271765e-02,-3.519076715388935045e-02,-1.435916317235476185e-02,-3.524455202264515918e-01,-3.753330286669139260e-01,-2.907009498669055336e-01,-4.311306135592269523e-02,-3.519076715388935045e-02,-3.801429606348527557e-02,-1.435916317235476011e-02,-1.286658602907498339e-01,-4.767312946227962589e-02,5.913962991410492975e-01,-2.487592975524973576e-02,-4.967123990818995694e-01,-1.786283982422259831e-01,-4.979810447122926670e-02,5.840947806181536750e-01,-2.030901712371240009e-02,-4.892821642774447533e-01,-1.767766952966368654e-01
-4.384896455681847743e-02,-5.537123258831522232e-01,4.511560658017802483e-01,-1.284019034700219164e+00,-1.099275433794600021e+00,-9.410240252748701684e-01,-4.966680157416004104e-01,6.573034482162921632e-01,-6.493539992246850634e-01,-3.636176791775609651e-02,-9.436976230006508537e-01,-6.008461346790693741e-02,-7.516247724218757531e-01,2.481875811986451186e-01,1.831387351169073696e+00,-8.371203395033821604e-01,-1.895668281666913063e-02,-6.809016019987571555e-01,6.590860296335560031e-01,3.726186262622038226e-01,-7.697096432631360674e-01,-5.647389056778006067e-01,-8.239698330823731487e-01,-4.070114732302073657e-01,9.782874304053058856e-02,7.312741535406717119e-01,8.750744390088503744e-02,7.280117914030515003e-01,9.763916939627163005e-01,5.354750218019320718e-01,-4.805784352658213909e-01,0.000000000000000000e+00,0.000000000000000000e+00,-2.392467030372219805e-01,-4.681622135693289666e-01,-7.702633457260871230e-01,-1.073179016472034952e+00,-5.725253834197354674e-01,-5.181208656627730447e-01,-7.200041419233935702e-01,-3.774647335768301359e-01,-4.668062001933125371e-01,-1.992944673837013236e-01,-2.472873054599261933e-01,-3.669621702617922865e-01,-4.602362970513234064e-01,-5.183686688943279358e-02,-5.183686688943279358e-02,-7.051398600435393460e-01,-1.040941436780788015e-01,-2.030901712371240009e-02,-8.401389803667852485e-02,-3.271524934852403366e-01,1.926060419058570616e+00,-7.103890521813077674e-01,-5.752567881263277033e-02,-3.801429606348526863e-02,-1.147078669352808861e-01,-1.711160802546210780e-01,-7.340709118518067011e-02,-7.197411700355742237e-02,-1.244624194945742751e-01,-7.051263942166730025e-02,-2.872721242393142319e-02,-2.030901712371240009e-02,-2.019004323808653023e-01,-1.435916317235476011e-02,-1.435916317235476011e-02,-5.183686688943279358e-02,-3.801429606348527557e-02,-3.801429606348527557e-02,-1.558271304830920190e-01,-4.064318733121485144e-02,-8.148853797899899276e-02,-1.210011918676099085e-01,-5.569323991926412171e-02,-7.051263942166730025e-02,-4.979810447122927364e-02,-3.212131358814808435e-02,-2.030901712371240009e-02,-3.801429606348527557e-02,-6.749673070628271765e-02,-3.519076715388935045e-02,-1.435916317235476185e-02,-3.524455202264515918e-01,-3.753330286669139260e-01,3.439961240091715222e+00,-4.311306135592269523e-02,-3.519076715388935045e-02,-3.801429606348527557e-02,-1.435916317235476011e-02,-1.286658602907498339e-01,-4.767312946227962589e-02,5.913962991410492975e-01,-2.487592975524973576e-02,-4.967123990818995694e-01,-1.786283982422259831e-01,-4.979810447122926670e-02,5.840947806181536750e-01,-2.030901712371240009e-02,-4.892821642774447533e-01,-1.767766952966368654e-01
3.197307346261467620e-01,-7.448690342834912714e-02,-5.507016019503075954e-01,-2.878929612425566442e-01,1.555644029928254346e+00,-8.692994978711715559e-01,-4.966680157416004104e-01,1.810913805415002020e+00,1.100007117161253767e+00,-6.302706439077716549e-01,-1.480456432020090807e+00,-3.064091508042205425e-01,-6.661127454357883559e-01,6.313347759050637054e-01,-8.493276110900550846e-02,6.427588701975132102e-01,2.067092517690042597e-01,4.399491192509005222e-01,7.370928447983632337e-01,2.472755185721718374e-01,-6.362483984730694930e-02,9.406936628861676253e-01,3.658869813905820667e-01,-5.715138747054542279e-01,-1.810004182342134504e-01,-6.999821801495752505e-01,3.780746078750705230e+00,5.427337262387786909e-01,-7.895145322269916388e-01,-1.359569588781228688e+00,-5.809668599935657873e-02,0.000000000000000000e+00,0.000000000000000000e+00,1.473574796521728292e-01,-4.681622135693289666e-01,7.213723788716157603e-01,-9.212932294340493433e-01,-1.344799067479127697e+00,1.169513956014681527e-01,4.575092059528056976e-01,-3.774647335768301359e-01,-4.668062001933125371e-01,-6.135093179742474589e-01,-1.253374013974976713e-02,-3.669621702617922865e-01,-4.602362970513234064e-01,-5.183686688943279358e-02,-5.183686688943279358e-02,1.418158377741196352e+00,-1.040941436780788015e-01,-2.030901712371240009e-02,-8.401389803667852485e-02,-3.271524934852403366e-01,-5.191945123345532709e-01,-7.103890521813077674e-01,-5.752567881263277033e-02,-3.801429606348526863e-02,-1.147078669352808861e-01,-1.711160802546210780e-01,-7.340709118518067011e-02,-7.197411700355742237e-02,-1.244624194945742751e-01,-7.051263942166730025e-02,-2.872721242393142319e-02,-2.030901712371240009e-02,-2.019004323808653023e-01,-1.435916317235476011e-02,-1.435916317235476011e-02,-5.183686688943279358e-02,-3.801429606348527557e-02,-3.801429606348527557e-02,-1.558271304830920190e-01,-4.064318733121485144e-02,-8.148853797899899276e-02,-1.210011918676099085e-01,-5.569323991926412171e-02,-7.051263942166730025e-02,-4.979810447122927364e-02,-3.212131358814808435e-02,-2.030901712371240009e-02,-3.801429606348527557e-02,-6.749673070628271765e-02,-3.519076715388935045e-02,-1.435916317235476185e-02,-3.524455202264515918e-01,2.664300564093018409e+00,-2.907009498669055336e-01,-4.311306135592269523e-02,-3.519076715388935045e-02,-3.801429606348527557e-02,-1.435916317235476011e-02,-1.286658602907498339e-01,-4.767312946227962589e-02,-1.690913523558418063e+00,-2.487592975524973576e-02,2.013237442528823973e+00,-1.786283982422259831e-01,-4.979810447122926670e-02,5.840947806181536750e-01,-2.030901712371240009e-02,-4.892821642774447533e-01,-1.767766952966368654e-01
9.904840013171949398e-01,-5.537123258831522232e-01,-5.507016019503075954e-01,2.700485259130430471e+00,4.067054333449873660e+00,2.645202344910058123e+00,-4.966680157416004104e-01,-4.963069089824175273e-01,-6.493539992246850634e-01,-3.636176791775609651e-02,8.414777418280475763e-01,-1.784356374822102298e+00,-1.996835073298559027e-01,2.406322800361330838e+00,3.713339322905371831e-01,8.894054051476624201e-01,-8.087874538665257296e-01,1.280587160188143780e+00,-1.127270037640534461e+00,9.575531288156864385e-01,-1.334577485995799284e+00,-1.819266046147774096e+00,5.250398037086210223e-01,5.878363833105715308e-01,-8.805736447596543282e-02,4.786995064188634408e-01,1.994237661690613783e-01,9.596093728583924287e-01,5.555799975089986686e-01,-4.981856748797919843e-01,-1.607196433309727501e+00,0.000000000000000000e+00,0.000000000000000000e+00,-2.945475981862985648e+00,-1.352414607349271769e+00,-1.665244780484708809e+00,2.014831704372672116e-01,-9.793719868731696199e-01,-3.064301119080259928e-01,-9.555068114986333683e-01,-3.774647335768301359e-01,-4.668062001933125371e-01,-9.241704559171570743e-01,-9.515480014204554804e-01,-3.669621702617922865e-01,-4.602362970513234064e-01,-5.183686688943279358e-02,-5.183686688943279358e-02,-7.051398600435393460e-01,-1.040941436780788015e-01,-2.030901712371240009e-02,-8.401389803667852485e-02,-3.271524934852403366e-01,-5.191945123345532709e-01,1.407679351095596942e+00,-5.752567881263277033e-02,-3.801429606348526863e-02,-1.147078669352808861e-01,-1.711160802546210780e-01,-7.340709118518067011e-02,-7.197411700355742237e-02,-1.244624194945742751e-01,-7.051263942166730025e-02,-2.872721242393142319e-02,-2.030901712371240009e-02,-2.019004323808653023e-01,-1.435916317235476011e-02,-1.435916317235476011e-02,-5.183686688943279358e-02,-3.801429606348527557e-02,-3.801429606348527557e-02,-1.558271304830920190e-01,-4.064318733121485144e-02,-8.148853797899899276e-02,-1.210011918676099085e-01,-5.569323991926412171e-02,-7.051263942166730025e-02,-4.979810447122927364e-02,-3.212131358814808435e-02,-2.030901712371240009e-02,-3.801429606348527557e-02,-6.749673070628271765e-02,-3.519076715388935045e-02,-1.435916317235476185e-02,-3.524455202264515918e-01,-3.753330286669139260e-01,-2.907009498669055336e-01,-4.311306135592269523e-02,-3.519076715388935045e-02,-3.801429606348527557e-02,-1.435916317235476011e-02,-1.286658602907498339e-01,-4.767312946227962589e-02,5.913962991410492975e-01,-2.487592975524973576e-02,-4.967123990818995694e-01,-1.786283982422259831e-01,-4.979810447122926670e-02,5.840947806181536750e-01,-2.030901712371240009e-02,-4.892821642774447533e-01,-1.767766952966368654e-01
-3.951880369247066094e-01,-5.537123258831522232e-01,-5.507016019503075954e-01,1.704359185672768229e+00,6.945890687208421399e-01,9.955382146249911468e-01,-4.966680157416004104e-01,-4.963069089824175273e-01,-6.493539992246850634e-01,-6.302706439077716549e-01,-5.714093844045281534e-02,1.664187147886288409e+00,-5.028625120987120223e-01,-2.366109100625379269e-01,7.363472870101713808e-01,-8.371203395033821604e-01,-8.087874538665257296e-01,-7.276037153841595773e-01,-8.698475475966698234e-01,-1.705348403946014557e-01,2.478280452449677540e+00,-6.292804948981121915e-02,-9.641407391419663797e-02,-1.250073564154984829e-01,9.782874304053058856e-02,-2.790244349465614282e-01,-5.839904897081731328e-01,7.743313076941197304e-01,-8.195725105451143744e-01,3.201290433265728819e-01,2.617621059354920288e+00,0.000000000000000000e+00,0.000000000000000000e+00,1.307170027720357286e+00,1.300342573990556527e+00,-1.736090558870059808e-01,6.080395228104961136e-01,3.277486070935175633e+00,3.286421493562152185e-01,-1.349613319767399566e-02,-3.774647335768301359e-01,1.696017942249628430e+00,-5.099556053266109945e-01,1.630741217101485230e+00,9.137094037957288473e-01,1.739375798511208382e+00,-5.183686688943279358e-02,-5.183686688943279358e-02,1.418158377741196352e+00,-1.040941436780788015e-01,-2.030901712371240009e-02,-8.401389803667852485e-02,-3.271524934852403366e-01,-5.191945123345532709e-01,-7.103890521813077674e-01,-5.752567881263277033e-02,-3.801429606348526863e-02,-1.147078669352808861e-01,-1.711160802546210780e-01,-7.340709118518067011e-02,-7.197411700355742237e-02,-1.244624194945742751e-01,-7.051263942166730025e-02,-2.872721242393142319e-02,-2.030901712371240009e-02,-2.019004323808653023e-01,-1.435916317235476011e-02,-1.435916317235476011e-02,-5.183686688943279358e-02,-3.801429606348527557e-02,-3.801429606348527557e-02,-1.558271304830920190e-01,-4.064318733121485144e-02,-8.148853797899899276e-02,-1.210011918676099085e-01,-5.569323991926412171e-02,-7.051263942166730025e-02,-4.979810447122927364e-02,-3.212131358814808435e-02,-2.030901712371240009e-02,-3.801429606348527557e-02,-6.749673070628271765e-02,-3.519076715388935045e-02,-1.435916317235476185e-02,-3.524455202264515918e-01,2.664300564093018409e+00,-2.907009498669055336e-01,-4.311306135592269523e-02,-3.519076715388935045e-02,-3.801429606348527557e-02,-1.435916317235476011e-02,-1.286658602907498339e-01,-4.767312946227962589e-02,5.913962991410492975e-01,-2.487592975524973576e-02,-4.967123990818995694e-01,-1.786283982422259831e-01,-4.979810447122926670e-02,5.840947806181536750e-01,-2.030901712371240009e-02,-4.892821642774447533e-01,-1.767766952966368654e-01
6.929044386101183006e-01,-5.537123258831522232e-01,-5.507016019503075954e-01,-1.284019034700219164e+00,-9.916435636436735646e-01,-1.048610816380417976e+00,-4.966680157416004104e-01,-4.963069089824175273e-01,-6.493539992246850634e-01,-6.302706439077716549e-01,-9.497286208548020303e-01,2.403160759895229148e+00,-1.357982781959587770e+00,2.638262422070704050e-01,1.283867319089622594e+00,-1.496522300288474598e-02,-5.831215192808524295e-01,8.135660263341197851e-01,5.576771699193061593e-01,-2.123158762912787934e-01,1.913412609717014545e+00,-6.292804948981121915e-02,1.335961326948150951e+00,-6.185145608412391249e-01,-5.527726332672054932e-01,-6.999821801495752505e-01,-6.959068119763496263e-01,-5.226151484557896021e-01,-3.461593520346820663e-01,3.631982390216446643e-01,2.561290159452725312e+00,0.000000000000000000e+00,0.000000000000000000e+00,1.307170027720357286e+00,1.595093371917204017e+00,4.230452339520751615e-01,1.949479081607188524e+00,1.724253964154823571e+00,1.175405164375203482e+00,4.575092059528056976e-01,2.229056864403530014e+00,-4.668062001933125371e-01,5.255815211497544270e-01,1.630741217101485230e+00,-3.669621702617922865e-01,-4.602362970513234064e-01,-5.183686688943279358e-02,-5.183686688943279358e-02,1.418158377741196352e+00,-1.040941436780788015e-01,-2.030901712371240009e-02,-8.401389803667852485e-02,-3.271524934852403366e-01,-5.191945123345532709e-01,-7.103890521813077674e-01,-5.752567881263277033e-02,-3.801429606348526863e-02,-1.147078669352808861e-01,-1.711160802546210780e-01,-7.340709118518067011e-02,-7.197411700355742237e-02,-1.244624194945742751e-01,-7.051263942166730025e-02,-2.872721242393142319e-02,-2.030901712371240009e-02,-2.019004323808653023e-01,-1.435916317235476011e-02,-1.435916317235476011e-02,-5.183686688943279358e-02,-3.801429606348527557e-02,-3.801429606348527557e-02,-1.558271304830920190e-01,-4.064318733121485144e-02,-8.148853797899899276e-02,-1.210011918676099085e-01,-5.569323991926412171e-02,-7.051263942166730025e-02,-4.979810447122927364e-02,-3.212131358814808435e-02,-2.030901712371240009e-02,-3.801429606348527557e-02,-6.749673070628271765e-02,-3.519076715388935045e-02,-1.435916317235476185e-02,2.837317947345407543e+00,-3.753330286669139260e-01,-2.907009498669055336e-01,-4.311306135592269523e-02,-3.519076715388935045e-02,-3.801429606348527557e-02,-1.435916317235476011e-02,-1.286658602907498339e-01,-4.767312946227962589e-02,5.913962991410492975e-01,-2.487592975524973576e-02,-4.967123990818995694e-01,-1.786283982422259831e-01,-4.979810447122926670e-02,5.840947806181536750e-01,-2.030901712371240009e-02,-4.892821642774447533e-01,-1.767766952966368654e-01
-1.114572983124304306e+00,-7.448690342834912714e-02,4.511560658017802483e-01,-1.284019034700219164e+00,-7.405025332915116110e-01,-7.258504430637744420e-01,-4.966680157416004104e-01,-4.963069089824175273e-01,-6.493539992246850634e-01,-3.636176791775609651e-02,4.615248770165341075e-01,-6.008461346790693741e-02,-2.353031823252243360e+00,-2.340010815695734880e+00,-3.826319646985255396e+00,-4.454602852105570499e+00,-8.087874538665257296e-01,-1.801752323248414722e+00,-1.236479578871264806e+00,-2.384929742918500128e+00,1.630978688350682937e+00,-6.292804948981121915e-02,4.113592163385931255e-01,-7.800667027971361356e-02,2.049632871963738889e+00,-1.457706121515000008e+00,-2.440887836729143182e-02,8.669703402762560795e-01,-5.189927273638874627e-01,-4.981856748797919843e-01,1.322010361604428530e+00,0.000000000000000000e+00,0.000000000000000000e+00,2.080378393099147072e+00,1.300342573990556527e+00,7.213723788716157603e-01,4.221103697122722820e-01,2.070969256609831166e-01,-1.364883880681761363e+00,-4.845014723481537167e-01,-3.774647335768301359e-01,-4.668062001933125371e-01,2.149203832068448394e-01,4.569733905006030938e-01,9.137094037957288473e-01,1.739375798511208382e+00,-5.183686688943279358e-02,-5.183686688943279358e-02,1.418158377741196352e+00,-1.040941436780788015e-01,-2.030901712371240009e-02,-8.401389803667852485e-02,-3.271524934852403366e-01,-5.191945123345532709e-01,-7.103890521813077674e-01,-5.752567881263277033e-02,-3.801429606348526863e-02,-1.147078669352808861e-01,-1.711160802546210780e-01,-7.340709118518067011e-02,-7.197411700355742237e-02,8.034553755751097981e+00,-7.051263942166730025e-02,-2.872721242393142319e-02,-2.030901712371240009e-02,-2.019004323808653023e-01,-1.435916317235476011e-02,-1.435916317235476011e-02,-5.183686688943279358e-02,-3.801429606348527557e-02,-3.801429606348527557e-02,-1.558271304830920190e-01,-4.064318733121485144e-02,-8.148853797899899276e-02,-1.210011918676099085e-01,-5.569323991926412171e-02,-7.051263942166730025e-02,-4.979810447122927364e-02,-3.212131358814808435e-02,-2.030901712371240009e-02,-3.801429606348527557e-02,-6.749673070628271765e-02,-3.519076715388935045e-02,-1.435916317235476185e-02,-3.524455202264515918e-01,-3.753330286669139260e-01,-2.907009498669055336e-01,-4.311306135592269523e-02,-3.519076715388935045e-02,-3.801429606348527557e-02,-1.435916317235476011e-02,-1.286658602907498339e-01,-4.767312946227962589e-02,5.913962991410492975e-01,-2.487592975524973576e-02,-4.967123990818995694e-01,-1.786283982422259831e-01,-4.979810447122926670e-02,5.840947806181536750e-01,-2.030901712371240009e-02,-4.892821642774447533e-01,-1.767766952966368654e-01
2.645193269193503796e-02,-5.537123258831522232e-01,-5.507016019503075954e-01,-1.284019034700219164e+00,-3.817296327884231455e-01,-4.389523334489801587e-01,-4.966680157416004104e-01,-4.963069089824175273e-01,-6.493539992246850634e-01,-6.302706439077716549e-01,-6.602407238555536573e-01,4.325644612047202520e-01,1.914795705417037475e+00,6.313347759050637054e-01,1.010107303049897043e+00,-2.616117579530339854e-01,-8.087874538665257296e-01,-7.377412798852590881e-02,1.364403680293461429e-01,1.793173846749233080e+00,2.591254020996210272e+00,1.191599090980162368e+00,4.000263092983657315e-02,3.606664003209448244e-01,2.837148505570266099e-01,-8.683652782307808016e-01,-8.078231342445260088e-01,-6.615736973289941814e-01,-3.837318249323352637e-01,5.354750218019320718e-01,2.617621059354920288e+00,0.000000000000000000e+00,0.000000000000000000e+00,1.307170027720357286e+00,1.300342573990556527e+00,1.318026668710696736e+00,-8.224365318360500332e-01,6.279727223369494515e-01,-4.122754887853995465e-01,-4.845014723481537167e-01,-3.774647335768301359e-01,-4.668062001933125371e-01,-6.135093179742474589e-01,-7.167944361002790421e-01,-3.669621702617922865e-01,-4.602362970513234064e-01,-5.183686688943279358e-02,-5.183686688943279358e-02,1.418158377741196352e+00,-1.040941436780788015e-01,-2.030901712371240009e-02,-8.401389803667852485e-02,-3.271524934852403366e-01,-5.191945123345532709e-01,-7.103890521813077674e-01,-5.752567881263277033e-02,-3.801429606348526863e-02,-1.147078669352808861e-01,-1.711160802546210780e-01,-7.340709118518067011e-02,-7.197411700355742237e-02,-1.244624194945742751e-01,-7.051263942166730025e-02,-2.872721242393142319e-02,-2.030901712371240009e-02,-2.019004323808653023e-01,-1.435916317235476011e-02,-1.435916317235476011e-02,-5.183686688943279358e-02,-3.801429606348527557e-02,-3.801429606348527557e-02,-1.558271304830920190e-01,-4.064318733121485144e-02,-8.148853797899899276e-02,-1.210011918676099085e-01,-5.569323991926412171e-02,-7.051263942166730025e-02,-4.979810447122927364e-02,-3.212131358814808435e-02,-2.030901712371240009e-02,-3.801429606348527557e-02,-6.749673070628271765e-02,-3.519076715388935045e-02,-1.435916317235476185e-02,2.837317947345407543e+00,-3.753330286669139260e-01,-2.907009498669055336e-01,-4.311306135592269523e-02,-3.519076715388935045e-02,-3.801429606348527557e-02,-1.435916317235476011e-02,-1.286658602907498339e-01,-4.767312946227962589e-02,5.913962991410492975e-01,-2.487592975524973576e-02,-4.967123990818995694e-01,-1.786283982422259831e-01,-4.979810447122926670e-02,-1.712050908829709783e+00,-2.030901712371240009e-02,2.043810449286999731e+00,-1.767766952966368654e-01
-4.497746159649152475e-01,-5.537123258831522232e-01,-5.507016019503075954e-01,-1.284019034700219164e+00,-1.063398143744291202e+00,-9.768862889767194746e-01,-4.966680157416004104e-01,-4.963069089824175273e-01,-6.623362709603883292e-02,-6.302706439077716549e-01,-1.848347301123302255e+00,9.252135358773474483e-01,-3.473860993967344268e-01,-2.678882320793884997e-01,4.625872709704457186e-01,-1.496522300288474598e-02,5.452081536475141821e-01,7.201617995633149416e-01,1.532762359479399095e+00,2.054944826754944998e-01,3.600260422021904771e-01,-6.292804948981121915e-02,-5.814512466929810941e-01,1.178295219527231708e-01,8.413731731065147157e-01,2.261248592970551696e-01,-1.363252006354677692e-01,-4.299761158736532529e-01,1.179283047610044433e+00,1.864467346107001947e-02,3.643850632671082335e-01,0.000000000000000000e+00,0.000000000000000000e+00,5.339616623415676111e-01,1.005591776063908815e+00,4.230452339520751615e-01,-5.337226004405686286e-01,7.989952682878183055e-01,1.110601872409461635e-02,6.930118755280455511e-01,-3.774647335768301359e-01,-4.668062001933125371e-01,-4.064018926789744190e-01,-2.472873054599261933e-01,-3.669621702617922865e-01,-4.602362970513234064e-01,-5.183686688943279358e-02,-5.183686688943279358e-02,1.418158377741196352e+00,-1.040941436780788015e-01,-2.030901712371240009e-02,-8.401389803667852485e-02,-3.271524934852403366e-01,-5.191945123345532709e-01,-7.103890521813077674e-01,-5.752567881263277033e-02,-3.801429606348526863e-02,-1.147078669352808861e-01,-1.711160802546210780e-01,-7.340709118518067011e-02,-7.197411700355742237e-02,-1.244624194945742751e-01,-7.051263942166730025e-02,-2.872721242393142319e-02,-2.030901712371240009e-02,-2.019004323808653023e-01,-1.435916317235476011e-02,-1.435916317235476011e-02,-5.183686688943279358e-02,-3.801429606348527557e-02,-3.801429606348527557e-02,-1.558271304830920190e-01,-4.064318733121485144e-02,-8.148853797899899276e-02,-1.210011918676099085e-01,-5.569323991926412171e-02,-7.051263942166730025e-02,-4.979810447122927364e-02,-3.212131358814808435e-02,-2.030901712371240009e-02,-3.801429606348527557e-02,-6.749673070628271765e-02,-3.519076715388935045e-02,-1.435916317235476185e-02,2.837317947345407543e+00,-3.753330286669139260e-01,-2.907009498669055336e-01,-4.311306135592269523e-02,-3.519076715388935045e-02,-3.801429606348527557e-02,-1.435916317235476011e-02,-1.286658602907498339e-01,-4.767312946227962589e-02,5.913962991410492975e-01,-2.487592975524973576e-02,-4.967123990818995694e-01,-1.786283982422259831e-01,-4.979810447122926670e-02,5.840947806181536750e-01,-2.030901712371240009e-02,-4.892821642774447533e-01,-1.767766952966368654e-01
-3.951880369247066094e-01,-5.537123258831522232e-01,-5.507016019503075954e-01,-2.878929612425566442e-01,1.340380289626401433e+00,2.424306768861562156e-01,-4.966680157416004104e-01,-4.963069089824175273e-01,-6.493539992246850634e-01,-6.302706439077716549e-01,-3.526598332938520874e-01,6.788889985410339056e-01,1.634938162553477792e+00,1.061397953636758151e+00,9.757391625081156261e-02,-1.496522300288474598e-02,-2.446226174023423960e-01,-7.377412798852590881e-02,-8.698475475966698234e-01,8.322100211256544533e-01,-4.872757218968044035e-01,-8.156443337717953490e-01,8.054519192213553946e-01,5.565025925533816364e-01,-1.810004182342134504e-01,6.470826045000689364e-01,-8.078231342445260088e-01,-1.520590181272440944e-01,-6.467391352159088669e-01,7.938901959723629886e-01,-4.805784352658213909e-01,0.000000000000000000e+00,0.000000000000000000e+00,-2.392467030372219805e-01,4.160901802106137248e-01,-7.702633457260871230e-01,-5.913344506963562619e-01,7.121478816721427130e-01,1.110601872409461635e-02,2.220065363775658440e-01,-3.774647335768301359e-01,-4.668062001933125371e-01,4.220278085021179071e-01,2.100248347741838106e+00,-3.669621702617922865e-01,1.739375798511208382e+00,-5.183686688943279358e-02,-5.183686688943279358e-02,1.418158377741196352e+00,-1.040941436780788015e-01,-2.030901712371240009e-02,-8.401389803667852485e-02,-3.271524934852403366e-01,-5.191945123345532709e-01,-7.103890521813077674e-01,-5.752567881263277033e-02,-3.801429606348526863e-02,-1.147078669352808861e-01,-1.711160802546210780e-01,-7.340709118518067011e-02,-7.197411700355742237e-02,-1.244624194945742751e-01,-7.051263942166730025e-02,-2.872721242393142319e-02,-2.030901712371240009e-02,-2.019004323808653023e-01,-1.435916317235476011e-02,-1.435916317235476011e-02,-5.183686688943279358e-02,-3.801429606348527557e-02,-3.801429606348527557e-02,-1.558271304830920190e-01,-4.064318733121485144e-02,-8.148853797899899276e-02,8.264381404557756383e+00,-5.569323991926412171e-02,-7.051263942166730025e-02,-4.979810447122927364e-02,-3.212131358814808435e-02,-2.030901712371240009e-02,-3.801429606348527557e-02,-6.749673070628271765e-02,-3.519076715388935045e-02,-1.435916317235476185e-02,-3.524455202264515918e-01,-3.753330286669139260e-01,-2.907009498669055336e-01,-4.311306135592269523e-02,-3.519076715388935045e-02,-3.801429606348527557e-02,-1.435916317235476011e-02,-1.286658602907498339e-01,-4.767312946227962589e-02,-1.690913523558418063e+00,-2.487592975524973576e-02,-4.967123990818995694e-01,5.598214000911362120e+00,-4.979810447122926670e-02,5.840947806181536750e-01,-2.030901712371240009e-02,-4.892821642774447533e-01,-1.767766952966368654e-01
6.689194266076023965e-01,-5.537123258831522232e-01,-5.507016019503075954e-01,-1.284019034700219164e+00,-1.135152723844908840e+00,-1.012748552678568670e+00,-4.966680157416004104e-01,-4.963069089824175273e-01,-6.493539992246850634e-01,-6.302706439077716549e-01,-2.101649210997644346e+00,-1.291707300149474991e+00,-1.530405835192626407e-01,-6.744934182984452242e-01,-8.493276110900550846e-02,6.725028864716499355e-02,-1.895668281666913063e-02,-2.138804681447331324e-01,1.306542595501457349e+00,4.979617339522358077e-01,-1.052143564629467676e+00,-5.647389056778006067e-01,-1.494650146868760632e-01,-3.678442347837201365e-01,-1.110430955816693599e+00,8.154657025812744875e-01,-3.601578451718204787e-01,6.353727588209151511e-01,3.151161709640172282e-01,3.631982390216446643e-01,-4.805784352658213909e-01,0.000000000000000000e+00,0.000000000000000000e+00,-2.392467030372219805e-01,-1.647165405275919259e+00,-4.719362008065465242e-01,-6.070467734933893134e-01,-6.727339064378227151e-01,1.110601872409461635e-02,9.285145451032854602e-01,-3.774647335768301359e-01,1.696017942249628430e+00,-7.170630306218840344e-01,6.917269558207794766e-01,-3.669621702617922865e-01,1.739375798511208382e+00,-5.183686688943279358e-02,-5.183686688943279358e-02,1.418158377741196352e+00,-1.040941436780788015e-01,-2.030901712371240009e-02,-8.401389803667852485e-02,-3.271524934852403366e-01,-5.191945123345532709e-01,-7.103890521813077674e-01,-5.752567881263277033e-02,-3.801429606348526863e-02,-1.147078669352808861e-01,-1.711160802546210780e-01,-7.340709118518067011e-02,-7.197411700355742237e-02,-1.244624194945742751e-01,-7.051263942166730025e-02,-2.872721242393142319e-02,-2.030901712371240009e-02,-2.019004323808653023e-01,-1.435916317235476011e-02,-1.435916317235476011e-02,-5.183686688943279358e-02,-3.801429606348527557e-02,-3.801429606348527557e-02,-1.558271304830920190e-01,-4.064318733121485144e-02,-8.148853797899899276e-02,-1.210011918676099085e-01,-5.569323991926412171e-02,-7.051263942166730025e-02,-4.979810447122927364e-02,-3.212131358814808435e-02,-2.030901712371240009e-02,-3.801429606348527557e-02,-6.749673070628271765e-02,-3.519076715388935045e-02,-1.435916317235476185e-02,2.837317947345407543e+00,-3.753330286669139260e-01,-2.907009498669055336e-01,-4.311306135592269523e-02,-3.519076715388935045e-02,-3.801429606348527557e-02,-1.435916317235476011e-02,-1.286658602907498339e-01,-4.767312946227962589e-02,5.913962991410492975e-01,-2.487592975524973576e-02,-4.967123990818995694e-01,-1.786283982422259831e-01,-4.979810447122926670e-02,5.840947806181536750e-01,-2.030901712371240009e-02,-4.892821642774447533e-01,-1.767766952966368654e-01
1.184845305475513477e+00,8.839639414812570095e-01,-5.507016019503075954e-01,-1.284019034700219164e+00,-3.817296327884231455e-01,-1.012748552678568670e+00,-4.966680157416004104e-01,-4.963069089824175273e-01,-6.623362709603883292e-02,-6.302706439077716549e-01,4.132768941833259713e-01,1.171538073213661102e+00,-2.618740724106469742e-01,-1.896949270372621232e-01,-5.411994545085482278e-01,5.605433585474633995e-01,-5.831215192808524295e-01,-2.605825815301355264e-01,-9.556550442779578880e-01,7.904289852289771989e-01,2.195846531083346154e+00,1.191599090980162368e+00,2.067341590725434997e-01,7.836725755430082874e-01,1.027259280623010751e+00,-2.644978782475312235e-02,-8.078231342445260088e-01,-1.773242088314630704e+00,-1.202811734101178587e+00,-1.230362001696013063e+00,1.913484810577479101e+00,0.000000000000000000e+00,0.000000000000000000e+00,1.307170027720357286e+00,1.889844169843851507e+00,1.616353813630237335e+00,1.102323010800492664e+00,1.016781791647127786e+00,-7.298116194175201521e-01,-1.349613319767399566e-02,-3.774647335768301359e-01,1.696017942249628430e+00,-5.099556053266109945e-01,-7.167944361002790421e-01,-3.669621702617922865e-01,-4.602362970513234064e-01,-5.183686688943279358e-02,1.929128938546737260e+01,-7.051398600435393460e-01,-1.040941436780788015e-01,-2.030901712371240009e-02,-8.401389803667852485e-02,-3.271524934852403366e-01,-5.191945123345532709e-01,-7.103890521813077674e-01,-5.752567881263277033e-02,-3.801429606348526863e-02,-1.147078669352808861e-01,-1.711160802546210780e-01,-7.340709118518067011e-02,-7.197411700355742237e-02,-1.244624194945742751e-01,-7.051263942166730025e-02,-2.872721242393142319e-02,-2.030901712371240009e-02,-2.019004323808653023e-01,-1.435916317235476011e-02,-1.435916317235476011e-02,-5.183686688943279358e-02,-3.801429606348527557e-02,-3.801429606348527557e-02,-1.558271304830920190e-01,-4.064318733121485144e-02,-8.148853797899899276e-02,-1.210011918676099085e-01,-5.569323991926412171e-02,-7.051263942166730025e-02,-4.979810447122927364e-02,-3.212131358814808435e-02,-2.030901712371240009e-02,-3.801429606348527557e-02,-6.749673070628271765e-02,-3.519076715388935045e-02,-1.435916317235476185e-02,-3.524455202264515918e-01,-3.753330286669139260e-01,-2.907009498669055336e-01,-4.311306135592269523e-02,-3.519076715388935045e-02,-3.801429606348527557e-02,-1.435916317235476011e-02,-1.286658602907498339e-01,-4.767312946227962589e-02,-1.690913523558418063e+00,-2.487592975524973576e-02,2.013237442528823973e+00,-1.786283982422259831e-01,-4.979810447122926670e-02,5.840947806181536750e-01,-2.030901712371240009e-02,-4.892821642774447533e-01,-1.767766952966368654e-01
-5.086619557779887835e-01,2.321640208845666020e+00,-4.977276807426366662e-02,7.082331122151057645e-01,1.160993839374857117e+00,1.348438857806083802e-01,-4.966680157416004104e-01,-4.963069089824175273e-01,1.683127489289899970e+00,-3.636176791775609651e-02,8.414777418280475763e-01,4.325644612047202520e-01,-9.071011851238531820e-01,-8.022429997828521564e-02,-1.761860997889140579e-01,7.249743818475629098e-01,-5.831215192808524295e-01,2.531406657092908907e-01,4.250655841391335343e-01,3.837033908878519084e-02,-6.362483984730694930e-02,-3.138334775838059199e-01,4.000263092983657315e-02,-6.420149039091317400e-01,7.484301193482666426e-01,-2.790244349465614282e-01,-3.601578451718204787e-01,4.964142099477105718e-01,8.261018023721030668e-01,-1.536321093192173082e-01,-5.809668599935657873e-02,0.000000000000000000e+00,0.000000000000000000e+00,1.473574796521728292e-01,7.108409781372613256e-01,-1.068590490645627611e+00,1.752959657755455425e-01,3.240068691820848779e-01,-4.122754887853995465e-01,-9.555068114986333683e-01,-3.774647335768301359e-01,-4.668062001933125371e-01,5.255815211497544270e-01,1.161234086461132353e+00,-3.669621702617922865e-01,-4.602362970513234064e-01,-5.183686688943279358e-02,-5.183686688943279358e-02,-7.051398600435393460e-01,-1.040941436780788015e-01,-2.030901712371240009e-02,-8.401389803667852485e-02,-3.271524934852403366e-01,-5.191945123345532709e-01,1.407679351095596942e+00,-5.752567881263277033e-02,-3.801429606348526863e-02,-1.147078669352808861e-01,-1.711160802546210780e-01,-7.340709118518067011e-02,-7.197411700355742237e-02,-1.244624194945742751e-01,-7.051263942166730025e-02,-2.872721242393142319e-02,-2.030901712371240009e-02,-2.019004323808653023e-01,-1.435916317235476011e-02,-1.435916317235476011e-02,-5.183686688943279358e-02,-3.801429606348527557e-02,-3.801429606348527557e-02,-1.558271304830920190e-01,-4.064318733121485144e-02,-8.148853797899899276e-02,-1.210011918676099085e-01,-5.569323991926412171e-02,-7.051263942166730025e-02,-4.979810447122927364e-02,-3.212131358814808435e-02,-2.030901712371240009e-02,-3.801429606348527557e-02,-6.749673070628271765e-02,-3.519076715388935045e-02,-1.435916317235476185e-02,-3.524455202264515918e-01,-3.753330286669139260e-01,-2.907009498669055336e-01,-4.311306135592269523e-02,-3.519076715388935045e-02,-3.801429606348527557e-02,-1.435916317235476011e-02,-1.286658602907498339e-01,-4.767312946227962589e-02,-1.690913523558418063e+00,-2.487592975524973576e-02,2.013237442528823973e+00,-1.786283982422259831e-01,-4.979810447122926670e-02,5.840947806181536750e-01,-2.030901712371240009e-02,-4.892821642774447533e-01,-1.767766952966368654e-01
7.812354483297286878e-01,8.839639414812570095e-01,-4.977276807426366662e-02,7.082331122151057645e-01,-2.740977626374966336e-01,7.803646324138955315e-01,-4.966680157416004104e-01,-4.963069089824175273e-01,5.168867450326074531e-01,1.151455984062275117e+00,8.414777418280475763e-01,6.788889985410339056e-01,1.277342413338929727e+00,1.671305732965343349e+00,1.375120657769531185e+00,-1.496522300288474598e-02,5.452081536475141821e-01,5.333533460217053657e-01,-3.081984784100562647e-01,2.054944826754944998e-01,-6.362483984730694930e-02,4.388828066981781961e-01,-8.845994796797210791e-01,-4.853459501231821016e-01,6.554870655900186804e-01,5.774176121584963933e-02,-2.482415229036441240e-01,-3.373370832915168482e-01,-2.033839550235991278e-01,4.493366304117883403e-01,-5.809668599935657873e-02,0.000000000000000000e+00,0.000000000000000000e+00,1.473574796521728292e-01,1.213393822839661657e-01,4.230452339520751615e-01,-1.073179016472034952e+00,-1.030144305202333799e+00,-3.064301119080259928e-01,-2.489988027729138353e-01,9.257960654133498002e-01,-4.668062001933125371e-01,-9.574075473606477593e-02,-9.515480014204554804e-01,-3.669621702617922865e-01,-4.602362970513234064e-01,-5.183686688943279358e-02,-5.183686688943279358e-02,-7.051398600435393460e-01,-1.040941436780788015e-01,-2.030901712371240009e-02,-8.401389803667852485e-02,-3.271524934852403366e-01,-5.191945123345532709e-01,1.407679351095596942e+00,-5.752567881263277033e-02,-3.801429606348526863e-02,-1.147078669352808861e-01,-1.711160802546210780e-01,-7.340709118518067011e-02,-7.197411700355742237e-02,-1.244624194945742751e-01,-7.051263942166730025e-02,-2.872721242393142319e-02,-2.030901712371240009e-02,-2.019004323808653023e-01,-1.435916317235476011e-02,-1.435916317235476011e-02,-5.183686688943279358e-02,-3.801429606348527557e-02,-3.801429606348527557e-02,-1.558271304830920190e-01,-4.064318733121485144e-02,-8.148853797899899276e-02,-1.210011918676099085e-01,-5.569323991926412171e-02,-7.051263942166730025e-02,-4.979810447122927364e-02,-3.212131358814808435e-02,-2.030901712371240009e-02,-3.801429606348527557e-02,-6.749673070628271765e-02,-3.519076715388935045e-02,-1.435916317235476185e-02,-3.524455202264515918e-01,-3.753330286669139260e-01,-2.907009498669055336e-01,-4.311306135592269523e-02,-3.519076715388935045e-02,-3.801429606348527557e-02,-1.435916317235476011e-02,-1.286658602907498339e-01,-4.767312946227962589e-02,5.913962991410492975e-01,-2.487592975524973576e-02,-4.967123990818995694e-01,-1.786283982422259831e-01,-4.979810447122926670e-02,-1.712050908829709783e+00,-2.030901712371240009e-02,2.043810449286999731e+00,-1.767766952966368654e-01
-1.717138906116101593e-01,-5.537123258831522232e-01,4.511560658017802483e-01,-1.284019034700219164e+00,-1.099275433794600021e+00,-4.030900697471309080e-01,-4.966680157416004104e-01,-4.963069089824175273e-01,-6.493539992246850634e-01,-3.636176791775609651e-02,-3.104428483147951279e-01,-6.008461346790693741e-02,-1.062577597825830722e+00,-9.403506554416743990e-01,2.800805936106286476e-01,7.249743818475629098e-01,3.195422190618408820e-01,2.868459015291825676e+00,2.924539983589609649e-01,-1.287538044979241458e-01,-6.362483984730694930e-02,4.388828066981781961e-01,-1.111960654419776207e+00,-2.738428625121503979e-01,7.484301193482666426e-01,-1.948328859059586526e-01,6.470890552417668529e-01,4.500946936566423418e-01,1.059051134337553712e+00,1.478522605462855299e-01,3.643850632671082335e-01,0.000000000000000000e+00,0.000000000000000000e+00,5.339616623415676111e-01,-1.734114156426813935e-01,4.230452339520751615e-01,1.013941195067181944e+00,5.030460969744007249e-01,1.175405164375203482e+00,-1.349613319767399566e-02,2.229056864403530014e+00,-4.668062001933125371e-01,4.220278085021179071e-01,4.569733905006030938e-01,-3.669621702617922865e-01,-4.602362970513234064e-01,-5.183686688943279358e-02,-5.183686688943279358e-02,1.418158377741196352e+00,-1.040941436780788015e-01,-2.030901712371240009e-02,-8.401389803667852485e-02,-3.271524934852403366e-01,-5.191945123345532709e-01,-7.103890521813077674e-01,-5.752567881263277033e-02,-3.801429606348526863e-02,-1.147078669352808861e-01,-1.711160802546210780e-01,-7.340709118518067011e-02,-7.197411700355742237e-02,-1.244624194945742751e-01,-7.051263942166730025e-02,-2.872721242393142319e-02,-2.030901712371240009e-02,-2.019004323808653023e-01,-1.435916317235476011e-02,-1.435916317235476011e-02,-5.183686688943279358e-02,-3.801429606348527557e-02,-3.801429606348527557e-02,-1.558271304830920190e-01,-4.064318733121485144e-02,-8.148853797899899276e-02,-1.210011918676099085e-01,-5.569323991926412171e-02,-7.051263942166730025e-02,-4.979810447122927364e-02,-3.212131358814808435e-02,-2.030901712371240009e-02,-3.801429606348527557e-02,-6.749673070628271765e-02,-3.519076715388935045e-02,-1.435916317235476185e-02,-3.524455202264515918e-01,2.664300564093018409e+00,-2.907009498669055336e-01,-4.311306135592269523e-02,-3.519076715388935045e-02,-3.801429606348527557e-02,-1.435916317235476011e-02,-1.286658602907498339e-01,-4.767312946227962589e-02,5.913962991410492975e-01,-2.487592975524973576e-02,-4.967123990818995694e-01,-1.786283982422259831e-01,-4.979810447122926670e-02,-1.712050908829709783e+00,-2.030901712371240009e-02,2.043810449286999731e+00,-1.767766952966368654e-01
4.105429524839483424e-01,-5.537123258831522232e-01,2.454871401305955825e+00,-2.878929612425566442e-01,-1.027520853693982383e+00,1.348438857806083802e-01,-4.966680157416004104e-01,6.573034482162921632e-01,-6.493539992246850634e-01,1.151455984062275117e+00,-1.233185519999899338e+00,-6.008461346790693741e-02,4.844127085588447179e-01,-2.074153578552505817e+00,-1.453732841307633583e+00,-8.371203395033821604e-01,-8.087874538665257296e-01,-1.801752323248414722e+00,-1.236479578871264806e+00,-6.301262352580521142e-01,-6.362483984730694930e-02,-6.292804948981121915e-02,-9.641407391419663797e-02,-9.367356565830856074e-02,-4.598295795089574756e-01,2.261248592970551696e-01,1.994237661690613783e-01,-6.615736973289941814e-01,3.707987152138226411e-02,-2.828396964044327944e-01,-5.809668599935657873e-02,0.000000000000000000e+00,0.000000000000000000e+00,1.473574796521728292e-01,7.108409781372613256e-01,-1.736090558870059808e-01,7.749829525289717580e-01,-1.500456306567223175e+00,1.175405164375203482e+00,3.048038571280443865e+00,2.229056864403530014e+00,1.696017942249628430e+00,1.354011222330846920e+00,9.264805211409559149e-01,-3.669621702617922865e-01,-4.602362970513234064e-01,-5.183686688943279358e-02,-5.183686688943279358e-02,1.418158377741196352e+00,-1.040941436780788015e-01,-2.030901712371240009e-02,-8.401389803667852485e-02,-3.271524934852403366e-01,-5.191945123345532709e-01,-7.103890521813077674e-01,-5.752567881263277033e-02,-3.801429606348526863e-02,-1.147078669352808861e-01,-1.711160802546210780e-01,-7.340709118518067011e-02,-7.197411700355742237e-02,-1.244624194945742751e-01,-7.051263942166730025e-02,-2.872721242393142319e-02,-2.030901712371240009e-02,-2.019004323808653023e-01,-1.435916317235476011e-02,-1.435916317235476011e-02,-5.183686688943279358e-02,-3.801429606348527557e-02,-3.801429606348527557e-02,-1.558271304830920190e-01,-4.064318733121485144e-02,-8.148853797899899276e-02,-1.210011918676099085e-01,-5.569323991926412171e-02,-7.051263942166730025e-02,-4.979810447122927364e-02,-3.212131358814808435e-02,-2.030901712371240009e-02,-3.801429606348527557e-02,-6.749673070628271765e-02,-3.519076715388935045e-02,-1.435916317235476185e-02,-3.524455202264515918e-01,2.664300564093018409e+00,-2.907009498669055336e-01,-4.311306135592269523e-02,-3.519076715388935045e-02,-3.801429606348527557e-02,-1.435916317235476011e-02,-1.286658602907498339e-01,-4.767312946227962589e-02,5.913962991410492975e-01,-2.487592975524973576e-02,-4.967123990818995694e-01,-1.786283982422259831e-01,-4.979810447122926670e-02,-1.712050908829709783e+00,-2.030901712371240009e-02,2.043810449286999731e+00,-1.767766952966368654e-01
4.173249213950045999e-01,-5.537123258831522232e-01,-5.507016019503075954e-01,7.082331122151057645e-01,-1.305886024362612474e-01,-2.237787512378844601e-01,-4.966680157416004104e-01,-4.963069089824175273e-01,-6.493539992246850634e-01,5.575471080722594897e-01,-9.014806380215939496e-01,1.862399238684066816e-01,-2.307787898702514384e-01,-6.275774352731693373e-01,-6.324527931884567078e-01,-1.496522300288474598e-02,-4.702885519880157239e-01,1.597364389384861028e-01,-9.244523182120348848e-01,3.308375903655265127e-01,3.600260422021904771e-01,4.388828066981781961e-01,-9.641407391419663797e-02,-3.100598414392873731e-02,7.484301193482666426e-01,2.261248592970551696e-01,8.750744390088503744e-02,-1.983785344183122967e-01,-1.132100200692311570e-01,1.047830648512136920e-01,3.643850632671082335e-01,0.000000000000000000e+00,0.000000000000000000e+00,5.339616623415676111e-01,1.213393822839661657e-01,4.230452339520751615e-01,7.867671946267464911e-01,5.204155742975358212e-01,-5.181208656627730447e-01,-4.845014723481537167e-01,-3.774647335768301359e-01,1.696017942249628430e+00,3.184740958544813871e-01,1.395987651781308791e+00,-3.669621702617922865e-01,-4.602362970513234064e-01,-5.183686688943279358e-02,-5.183686688943279358e-02,1.418158377741196352e+00,-1.040941436780788015e-01,-2.030901712371240009e-02,-8.401389803667852485e-02,-3.271524934852403366e-01,-5.191945123345532709e-01,-7.103890521813077674e-01,-5.752567881263277033e-02,-3.801429606348526863e-02,-1.147078669352808861e-01,-1.711160802546210780e-01,-7.340709118518067011e-02,-7.197411700355742237e-02,-1.244624194945742751e-01,-7.051263942166730025e-02,-2.872721242393142319e-02,-2.030901712371240009e-02,-2.019004323808653023e-01,-1.435916317235476011e-02,-1.435916317235476011e-02,-5.183686688943279358e-02,-3.801429606348527557e-02,-3.801429606348527557e-02,-1.558271304830920190e-01,-4.064318733121485144e-02,-8.148853797899899276e-02,-1.210011918676099085e-01,-5.569323991926412171e-02,-7.051263942166730025e-02,-4.979810447122927364e-02,-3.212131358814808435e-02,-2.030901712371240009e-02,-3.801429606348527557e-02,-6.749673070628271765e-02,-3.519076715388935045e-02,-1.435916317235476185e-02,-3.524455202264515918e-01,2.664300564093018409e+00,-2.907009498669055336e-01,-4.311306135592269523e-02,-3.519076715388935045e-02,-3.801429606348527557e-02,-1.435916317235476011e-02,-1.286658602907498339e-01,-4.767312946227962589e-02,5.913962991410492975e-01,-2.487592975524973576e-02,-4.967123990818995694e-01,-1.786283982422259831e-01,-4.979810447122926670e-02,5.840947806181536750e-01,-2.030901712371240009e-02,-4.892821642774447533e-01,-1.767766952966368654e-01
1.873996339226107199e-01,-5.537123258831522232e-01,2.454871401305955825e+00,7.082331122151057645e-01,1.564297179662094972e-01,1.318298587941634681e+00,5.905777172739697933e-01,-4.963069089824175273e-01,-6.493539992246850634e-01,1.745364860052290412e+00,8.414777418280475763e-01,1.417862610549974756e+00,5.155079910992402814e-01,9.050113435525062311e-01,-2.674394384688225657e-01,-1.793962463029842302e-01,-2.446226174023423960e-01,-7.276037153841595773e-01,-6.748305096846511919e-01,4.143996621588811879e-01,9.248938849348538049e-01,6.897882347921728829e-01,7.789616005317896719e-02,3.606664003209448244e-01,1.491974549414250673e+00,-1.205131474393191793e+00,-5.839904897081731328e-01,2.648166284923695879e-01,1.156739563871452603e+00,1.138443761532937692e+00,9.276940622890612609e-01,0.000000000000000000e+00,0.000000000000000000e+00,9.205658450309623930e-01,1.300342573990556527e+00,4.230452339520751615e-01,-3.163688017482788051e-01,-6.774103041786667667e-01,-7.298116194175201521e-01,-7.200041419233935702e-01,-3.774647335768301359e-01,-4.668062001933125371e-01,-9.241704559171570743e-01,-9.515480014204554804e-01,-3.669621702617922865e-01,-4.602362970513234064e-01,-5.183686688943279358e-02,-5.183686688943279358e-02,-7.051398600435393460e-01,-1.040941436780788015e-01,-2.030901712371240009e-02,-8.401389803667852485e-02,-3.271524934852403366e-01,-5.191945123345532709e-01,1.407679351095596942e+00,-5.752567881263277033e-02,-3.801429606348526863e-02,-1.147078669352808861e-01,-1.711160802546210780e-01,-7.340709118518067011e-02,-7.197411700355742237e-02,-1.244624194945742751e-01,-7.051263942166730025e-02,-2.872721242393142319e-02,-2.030901712371240009e-02,-2.019004323808653023e-01,-1.435916317235476011e-02,-1.435916317235476011e-02,-5.183686688943279358e-02,-3.801429606348527557e-02,-3.801429606348527557e-02,-1.558271304830920190e-01,-4.064318733121485144e-02,-8.148853797899899276e-02,-1.210011918676099085e-01,-5.569323991926412171e-02,-7.051263942166730025e-02,-4.979810447122927364e-02,-3.212131358814808435e-02,-2.030901712371240009e-02,-3.801429606348527557e-02,-6.749673070628271765e-02,-3.519076715388935045e-02,-1.435916317235476185e-02,-3.524455202264515918e-01,-3.753330286669139260e-01,-2.907009498669055336e-01,-4.311306135592269523e-02,-3.519076715388935045e-02,-3.801429606348527557e-02,-1.435916317235476011e-02,-1.286658602907498339e-01,-4.767312946227962589e-02,5.913962991410492975e-01,-2.487592975524973576e-02,-4.967123990818995694e-01,-1.786283982422259831e-01,-4.979810447122926670e-02,5.840947806181536750e-01,-2.030901712371240009e-02,-4.892821642774447533e-01,-1.767766952966368654e-01
-2.603757280829793186e-01,-7.448690342834912714e-02,-5.507016019503075954e-01,-1.284019034700219164e+00,-1.063398143744291202e+00,-1.048610816380417976e+00,-4.966680157416004104e-01,-4.963069089824175273e-01,-6.493539992246850634e-01,-6.302706439077716549e-01,-1.233185519999899338e+00,-6.008461346790693741e-02,5.077341704641415987e-01,-8.699766809037609017e-01,6.450939483302627897e-01,-5.904738045532329505e-01,-8.087874538665257296e-01,-2.605825815301355264e-01,-6.748305096846511919e-01,1.208239344195750409e+00,3.600260422021904771e-01,4.388828066981781961e-01,-1.111960654419776207e+00,-2.738428625121503979e-01,7.484301193482666426e-01,-1.948328859059586526e-01,6.470890552417668529e-01,4.500946936566423418e-01,1.059051134337553712e+00,1.478522605462855299e-01,3.643850632671082335e-01,0.000000000000000000e+00,0.000000000000000000e+00,5.339616623415676111e-01,-1.734114156426813935e-01,4.230452339520751615e-01,-2.148933836841073197e-01,7.976591546475770844e-01,1.175405164375203482e+00,6.930118755280455511e-01,-3.774647335768301359e-01,-4.668062001933125371e-01,4.220278085021179071e-01,4.569733905006030938e-01,-3.669621702617922865e-01,-4.602362970513234064e-01,-5.183686688943279358e-02,-5.183686688943279358e-02,1.418158377741196352e+00,-1.040941436780788015e-01,-2.030901712371240009e-02,-8.401389803667852485e-02,-3.271524934852403366e-01,-5.191945123345532709e-01,-7.103890521813077674e-01,-5.752567881263277033e-02,-3.801429606348526863e-02,-1.147078669352808861e-01,-1.711160802546210780e-01,-7.340709118518067011e-02,-7.197411700355742237e-02,-1.244624194945742751e-01,-7.051263942166730025e-02,-2.872721242393142319e-02,-2.030901712371240009e-02,-2.019004323808653023e-01,-1.435916317235476011e-02,-1.435916317235476011e-02,-5.183686688943279358e-02,-3.801429606348527557e-02,-3.801429606348527557e-02,-1.558271304830920190e-01,-4.064318733121485144e-02,-8.148853797899899276e-02,-1.210011918676099085e-01,-5.569323991926412171e-02,-7.051263942166730025e-02,-4.979810447122927364e-02,-3.212131358814808435e-02,-2.030901712371240009e-02,-3.801429606348527557e-02,-6.749673070628271765e-02,-3.519076715388935045e-02,-1.435916317235476185e-02,-3.524455202264515918e-01,-3.753330286669139260e-01,-2.907009498669055336e-01,2.319482700948640641e+01,-3.519076715388935045e-02,-3.801429606348527557e-02,-1.435916317235476011e-02,-1.286658602907498339e-01,-4.767312946227962589e-02,5.913962991410492975e-01,-2.487592975524973576e-02,-4.967123990818995694e-01,-1.786283982422259831e-01,-4.979810447122926670e-02,-1.712050908829709783e+00,-2.030901712371240009e-02,2.043810449286999731e+00,-1.767766952966368654e-01
-9.779411216479033664e-01,-5.537123258831522232e-01,-5.507016019503075954e-01,-1.284019034700219164e+00,-6.328706631405850436e-01,-7.258504430637744420e-01,-4.966680157416004104e-01,6.573034482162921632e-01,-6.623362709603883292e-02,-6.302706439077716549e-01,-6.361167324389496169e-01,9.252135358773474483e-01,4.844127085588447179e-01,3.654775387618344751e-01,9.757391625081156261e-02,6.725028864716499355e-02,2.067092517690042597e-01,3.465448924800957342e-01,4.874710362709795408e-01,1.219324108821398522e-01,9.248938849348538049e-01,4.388828066981781961e-01,-1.240798653439140864e+00,-1.171739087262011758e-01,9.782874304053058856e-02,1.404806545865493916e+00,-3.601578451718204787e-01,2.648166284923695879e-01,1.329572939200658110e+00,1.009236174447722290e+00,9.276940622890612609e-01,0.000000000000000000e+00,0.000000000000000000e+00,9.205658450309623930e-01,1.005591776063908815e+00,1.019699523791156359e+00,9.707323073753412190e-01,1.122328572038605449e-01,1.069559787497829983e+00,-1.349613319767399566e-02,-3.774647335768301359e-01,-4.668062001933125371e-01,5.255815211497544270e-01,-4.820408707801026038e-01,-3.669621702617922865e-01,-4.602362970513234064e-01,-5.183686688943279358e-02,-5.183686688943279358e-02,1.418158377741196352e+00,-1.040941436780788015e-01,-2.030901712371240009e-02,-8.401389803667852485e-02,-3.271524934852403366e-01,-5.191945123345532709e-01,-7.103890521813077674e-01,-5.752567881263277033e-02,-3.801429606348526863e-02,-1.147078669352808861e-01,-1.711160802546210780e-01,-7.340709118518067011e-02,-7.197411700355742237e-02,-1.244624194945742751e-01,-7.051263942166730025e-02,-2.872721242393142319e-02,-2.030901712371240009e-02,-2.019004323808653023e-01,-1.435916317235476011e-02,-1.435916317235476011e-02,-5.183686688943279358e-02,-3.801429606348527557e-02,-3.801429606348527557e-02,-1.558271304830920190e-01,-4.064318733121485144e-02,-8.148853797899899276e-02,-1.210011918676099085e-01,-5.569323991926412171e-02,-7.051263942166730025e-02,-4.979810447122927364e-02,-3.212131358814808435e-02,-2.030901712371240009e-02,-3.801429606348527557e-02,-6.749673070628271765e-02,-3.519076715388935045e-02,-1.435916317235476185e-02,2.837317947345407543e+00,-3.753330286669139260e-01,-2.907009498669055336e-01,-4.311306135592269523e-02,-3.519076715388935045e-02,-3.801429606348527557e-02,-1.435916317235476011e-02,-1.286658602907498339e-01,-4.767312946227962589e-02,5.913962991410492975e-01,-2.487592975524973576e-02,-4.967123990818995694e-01,-1.786283982422259831e-01,-4.979810447122926670e-02,5.840947806181536750e-01,-2.030901712371240009e-02,-4.892821642774447533e-01,-1.767766952966368654e-01
9.421831495604043871e-01,-5.537123258831522232e-01,-4.977276807426366662e-02,7.082331122151057645e-01,4.793253284189891161e-01,9.955382146249911468e-01,-4.966680157416004104e-01,-4.963069089824175273e-01,-6.493539992246850634e-01,5.575471080722594897e-01,8.414777418280475763e-01,9.252135358773474483e-01,9.974848704753700446e-01,4.123935217871103065e-01,-8.493276110900550846e-02,2.316813119472644900e-01,-1.895668281666913063e-02,-1.101220622467378840e+00,-9.868577703438808912e-01,2.472755185721718374e-01,-6.362483984730694930e-02,1.191599090980162368e+00,-8.618633622057156884e-01,-8.584011796901125368e-02,1.907717967987786201e-01,3.945079573782606652e-01,-6.959068119763496263e-01,-5.941998554510771746e-02,-3.611883411937432120e-01,1.310720544313225044e+00,3.643850632671082335e-01,0.000000000000000000e+00,0.000000000000000000e+00,5.339616623415676111e-01,7.108409781372613256e-01,7.213723788716157603e-01,-7.451842780839711411e-01,-7.956563613400097212e-01,-6.239662425401465429e-01,-2.489988027729138353e-01,-3.774647335768301359e-01,-4.668062001933125371e-01,1.113666705592083056e-01,-7.167944361002790421e-01,-3.669621702617922865e-01,-4.602362970513234064e-01,-5.183686688943279358e-02,-5.183686688943279358e-02,-7.051398600435393460e-01,-1.040941436780788015e-01,-2.030901712371240009e-02,-8.401389803667852485e-02,-3.271524934852403366e-01,-5.191945123345532709e-01,1.407679351095596942e+00,-5.752567881263277033e-02,-3.801429606348526863e-02,-1.147078669352808861e-01,-1.711160802546210780e-01,-7.340709118518067011e-02,-7.197411700355742237e-02,-1.244624194945742751e-01,-7.051263942166730025e-02,-2.872721242393142319e-02,-2.030901712371240009e-02,-2.019004323808653023e-01,-1.435916317235476011e-02,-1.435916317235476011e-02,-5.183686688943279358e-02,-3.801429606348527557e-02,-3.801429606348527557e-02,-1.558271304830920190e-01,-4.064318733121485144e-02,-8.148853797899899276e-02,-1.210011918676099085e-01,-5.569323991926412171e-02,-7.051263942166730025e-02,-4.979810447122927364e-02,-3.212131358814808435e-02,-2.030901712371240009e-02,-3.801429606348527557e-02,-6.749673070628271765e-02,-3.519076715388935045e-02,-1.435916317235476185e-02,-3.524455202264515918e-01,-3.753330286669139260e-01,-2.907009498669055336e-01,-4.311306135592269523e-02,-3.519076715388935045e-02,-3.801429606348527557e-02,-1.435916317235476011e-02,-1.286658602907498339e-01,-4.767312946227962589e-02,-1.690913523558418063e+00,-2.487592975524973576e-02,-4.967123990818995694e-01,-1.786283982422259831e-01,-4.979810447122926670e-02,-1.712050908829709783e+00,-2.030901712371240009e-02,2.043810449286999731e+00,-1.767766952966368654e-01
-1.362693796943434510e+00,4.047385190264539689e-01,-5.507016019503075954e-01,-1.284019034700219164e+00,-1.099275433794600021e+00,-1.120335343784116588e+00,5.905777172739697933e-01,-4.963069089824175273e-01,-6.623362709603883292e-02,-6.302706439077716549e-01,-1.305557494249711459e+00,-6.008461346790693741e-02,-1.474590091486071008e+00,-1.651909731325023722e+00,-8.493276110900550846e-02,-1.412628921053730391e+00,9.387628447616762351e-02,-1.801752323248414722e+00,-1.236479578871264806e+00,3.726186262622038226e-01,7.759212083585886877e-02,-6.292804948981121915e-02,-2.294238763068062958e+00,-2.326206157108087869e+00,-3.898722568564133795e+00,-4.572793436017302149e+00,-8.078231342445260088e-01,-1.773242088314630704e+00,-1.202811734101178587e+00,-2.436299481158024527e+00,1.237514011751135401e+00,0.000000000000000000e+00,0.000000000000000000e+00,2.080378393099147072e+00,7.108409781372613256e-01,1.914680958549777934e+00,-6.875724278281833968e-01,1.180455712576670368e+00,-4.122754887853995465e-01,-1.191009481073873166e+00,3.532317663393710117e+00,-4.668062001933125371e-01,-1.649046444450612992e+00,-1.186301566740631808e+00,-3.669621702617922865e-01,-4.602362970513234064e-01,-5.183686688943279358e-02,-5.183686688943279358e-02,-7.051398600435393460e-01,-1.040941436780788015e-01,-2.030901712371240009e-02,-8.401389803667852485e-02,-3.271524934852403366e-01,1.926060419058570616e+00,-7.103890521813077674e-01,-5.752567881263277033e-02,-3.801429606348526863e-02,-1.147078669352808861e-01,-1.711160802546210780e-01,-7.340709118518067011e-02,-7.197411700355742237e-02,-1.244624194945742751e-01,-7.051263942166730025e-02,-2.872721242393142319e-02,-2.030901712371240009e-02,-2.019004323808653023e-01,-1.435916317235476011e-02,-1.435916317235476011e-02,-5.183686688943279358e-02,-3.801429606348527557e-02,-3.801429606348527557e-02,-1.558271304830920190e-01,-4.064318733121485144e-02,-8.148853797899899276e-02,-1.210011918676099085e-01,-5.569323991926412171e-02,-7.051263942166730025e-02,-4.979810447122927364e-02,-3.212131358814808435e-02,-2.030901712371240009e-02,-3.801429606348527557e-02,-6.749673070628271765e-02,-3.519076715388935045e-02,-1.435916317235476185e-02,-3.524455202264515918e-01,-3.753330286669139260e-01,3.439961240091715222e+00,-4.311306135592269523e-02,-3.519076715388935045e-02,-3.801429606348527557e-02,-1.435916317235476011e-02,-1.286658602907498339e-01,-4.767312946227962589e-02,-1.690913523558418063e+00,-2.487592975524973576e-02,2.013237442528823973e+00,-1.786283982422259831e-01,-4.979810447122926670e-02,5.840947806181536750e-01,-2.030901712371240009e-02,-4.892821642774447533e-01,-1.767766952966368654e-01
-8.628130640358270265e-01,3.280091053755272323e+00,-5.507016019503075954e-01,7.082331122151057645e-01,4.434480383686802418e-01,4.576042590972519419e-01,5.905777172739697933e-01,1.810913805415002020e+00,4.015608977804484780e+00,-6.302706439077716549e-01,8.414777418280475763e-01,-6.008461346790693741e-02,-2.774217136808447282e-01,9.962030161860523092e-02,6.320577570903027943e-03,-1.496522300288474598e-02,-5.831215192808524295e-01,1.093778706646534093e+00,2.078810065633050819e+00,-1.549309024984953487e+00,-4.872757218968044035e-01,-6.292804948981121915e-02,7.675583900980130769e-01,5.878363833105715308e-01,5.625440118317706073e-01,-6.999821801495752505e-01,1.994237661690613783e-01,-1.773242088314630704e+00,-1.202811734101178587e+00,-1.273431197391085012e+00,-4.805784352658213909e-01,0.000000000000000000e+00,0.000000000000000000e+00,-2.392467030372219805e-01,-1.734114156426813935e-01,4.230452339520751615e-01,3.232536721142729719e-01,8.063438933091446881e-01,-7.298116194175201521e-01,-1.191009481073873166e+00,-3.774647335768301359e-01,-4.668062001933125371e-01,-1.027724168564793761e+00,-9.515480014204554804e-01,-3.669621702617922865e-01,-4.602362970513234064e-01,-5.183686688943279358e-02,-5.183686688943279358e-02,-7.051398600435393460e-01,-1.040941436780788015e-01,-2.030901712371240009e-02,-8.401389803667852485e-02,-3.271524934852403366e-01,-5.191945123345532709e-01,1.407679351095596942e+00,-5.752567881263277033e-02,-3.801429606348526863e-02,-1.147078669352808861e-01,-1.711160802546210780e-01,-7.340709118518067011e-02,-7.197411700355742237e-02,-1.244624194945742751e-01,-7.051263942166730025e-02,-2.872721242393142319e-02,-2.030901712371240009e-02,-2.019004323808653023e-01,-1.435916317235476011e-02,-1.435916317235476011e-02,-5.183686688943279358e-02,-3.801429606348527557e-02,-3.801429606348527557e-02,-1.558271304830920190e-01,-4.064318733121485144e-02,-8.148853797899899276e-02,-1.210011918676099085e-01,-5.569323991926412171e-02,-7.051263942166730025e-02,-4.979810447122927364e-02,-3.212131358814808435e-02,-2.030901712371240009e-02,-3.801429606348527557e-02,-6.749673070628271765e-02,-3.519076715388935045e-02,-1.435916317235476185e-02,-3.524455202264515918e-01,-3.753330286669139260e-01,-2.907009498669055336e-01,-4.311306135592269523e-02,-3.519076715388935045e-02,-3.801429606348527557e-02,-1.435916317235476011e-02,-1.286658602907498339e-01,-4.767312946227962589e-02,5.913962991410492975e-01,-2.487592975524973576e-02,-4.967123990818995694e-01,-1.786283982422259831e-01,-4.979810447122926670e-02,5.840947806181536750e-01,-2.030901712371240009e-02,-4.892821642774447533e-01,-1.767766952966368654e-01
1.025551743003632055e+00,-5.537123258831522232e-01,-5.507016019503075954e-01,-1.284019034700219164e+00,-9.916435636436735646e-01,-5.824013882563773281e-01,-4.966680157416004104e-01,-4.963069089824175273e-01,-6.493539992246850634e-01,-6.302706439077716549e-01,-3.647218290021541076e-01,6.788889985410339056e-01,-4.950886914636129510e-01,-7.605060538447839802e-01,8.276006256900798608e-01,-1.165982386103581181e+00,4.607194976189633806e+00,3.465448924800957342e-01,1.127126920622400386e+00,-7.136883070514067340e-01,-6.362483984730694930e-02,9.406936628861676253e-01,-1.672784885445245839e+00,2.509981326707801386e-01,4.696009580735226452e-01,1.994147389149713234e+00,-8.078231342445260088e-01,8.206508239851878495e-01,3.185653100344734145e+00,1.870620088349158827e+00,-5.809668599935657873e-02,0.000000000000000000e+00,0.000000000000000000e+00,1.473574796521728292e-01,1.213393822839661657e-01,1.019699523791156359e+00,-1.030624808896737354e+00,-6.867630996603548699e-01,-2.005847350306524668e-01,4.575092059528056976e-01,-3.774647335768301359e-01,-4.668062001933125371e-01,-5.099556053266109945e-01,-1.186301566740631808e+00,9.137094037957288473e-01,-4.602362970513234064e-01,-5.183686688943279358e-02,-5.183686688943279358e-02,1.418158377741196352e+00,-1.040941436780788015e-01,-2.030901712371240009e-02,-8.401389803667852485e-02,-3.271524934852403366e-01,-5.191945123345532709e-01,-7.103890521813077674e-01,-5.752567881263277033e-02,-3.801429606348526863e-02,-1.147078669352808861e-01,-1.711160802546210780e-01,-7.340709118518067011e-02,-7.197411700355742237e-02,-1.244624194945742751e-01,-7.051263942166730025e-02,-2.872721242393142319e-02,-2.030901712371240009e-02,-2.019004323808653023e-01,-1.435916317235476011e-02,-1.435916317235476011e-02,-5.183686688943279358e-02,-3.801429606348527557e-02,-3.801429606348527557e-02,-1.558271304830920190e-01,-4.064318733121485144e-02,-8.148853797899899276e-02,-1.210011918676099085e-01,-5.569323991926412171e-02,-7.051263942166730025e-02,-4.979810447122927364e-02,-3.212131358814808435e-02,-2.030901712371240009e-02,-3.801429606348527557e-02,-6.749673070628271765e-02,-3.519076715388935045e-02,-1.435916317235476185e-02,2.837317947345407543e+00,-3.753330286669139260e-01,-2.907009498669055336e-01,-4.311306135592269523e-02,-3.519076715388935045e-02,-3.801429606348527557e-02,-1.435916317235476011e-02,-1.286658602907498339e-01,-4.767312946227962589e-02,5.913962991410492975e-01,-2.487592975524973576e-02,-4.967123990818995694e-01,-1.786283982422259831e-01,-4.979810447122926670e-02,5.840947806181536750e-01,-2.030901712371240009e-02,-4.892821642774447533e-01,-1.767766952966368654e-01
-1.145174550161996985e+00,1.842414786390863091e+00,-5.507016019503075954e-01,7.082331122151057645e-01,1.376257579676710252e+00,-8.032969643048733233e-02,1.677823450289539942e+00,-4.963069089824175273e-01,2.266247861418546172e+00,-6.302706439077716549e-01,8.414777418280475763e-01,-2.277005449494729383e+00,1.292890054609127759e+00,1.856329371649440563e-01,6.320577570903027943e-03,1.494658002972147348e-01,2.067092517690042597e-01,3.932470058654981004e-01,1.665373945259572164e+00,3.837033908878519084e-02,-1.617011407362130893e+00,-2.571982330429758434e+00,1.245016857052128723e+00,-8.143507530736759925e-01,-2.039861493399173664e+00,2.261248592970551696e-01,-8.078231342445260088e-01,-1.773242088314630704e+00,-1.202811734101178587e+00,-1.747192350036875119e+00,-1.607196433309727501e+00,0.000000000000000000e+00,0.000000000000000000e+00,-2.945475981862985648e+00,-1.941916203202566749e+00,-2.560226215243330383e+00,-1.001818883768843538e+00,-8.911884866172528064e-01,-2.005847350306524668e-01,-7.200041419233935702e-01,-3.774647335768301359e-01,-4.668062001933125371e-01,-1.338385306507703376e+00,-1.421055132060808246e+00,-3.669621702617922865e-01,-4.602362970513234064e-01,-5.183686688943279358e-02,-5.183686688943279358e-02,-7.051398600435393460e-01,-1.040941436780788015e-01,-2.030901712371240009e-02,-8.401389803667852485e-02,-3.271524934852403366e-01,-5.191945123345532709e-01,1.407679351095596942e+00,-5.752567881263277033e-02,-3.801429606348526863e-02,-1.147078669352808861e-01,-1.711160802546210780e-01,-7.340709118518067011e-02,-7.197411700355742237e-02,-1.244624194945742751e-01,-7.051263942166730025e-02,-2.872721242393142319e-02,-2.030901712371240009e-02,-2.019004323808653023e-01,-1.435916317235476011e-02,-1.435916317235476011e-02,-5.183686688943279358e-02,-3.801429606348527557e-02,-3.801429606348527557e-02,-1.558271304830920190e-01,-4.064318733121485144e-02,-8.148853797899899276e-02,-1.210011918676099085e-01,-5.569323991926412171e-02,-7.051263942166730025e-02,-4.979810447122927364e-02,-3.212131358814808435e-02,-2.030901712371240009e-02,-3.801429606348527557e-02,-6.749673070628271765e-02,-3.519076715388935045e-02,-1.435916317235476185e-02,-3.524455202264515918e-01,-3.753330286669139260e-01,-2.907009498669055336e-01,-4.311306135592269523e-02,-3.519076715388935045e-02,-3.801429606348527557e-02,-1.435916317235476011e-02,-1.286658602907498339e-01,-4.767312946227962589e-02,5.913962991410492975e-01,-2.487592975524973576e-02,-4.967123990818995694e-01,-1.786283982422259831e-01,-4.979810447122926670e-02,5.840947806181536750e-01,-2.030901712371240009e-02,-4.892821642774447533e-01,-1.767766952966368654e-01
1.025551743003632055e+00,-5.537123258831522232e-01,-5.507016019503075954e-01,7.082331122151057645e-01,1.986171510531960616e+00,1.210711796836086984e+00,-4.966680157416004104e-01,-4.963069089824175273e-01,-6.493539992246850634e-01,-6.302706439077716549e-01,8.414777418280475763e-01,-1.291707300149474991e+00,7.564964307873053295e-01,2.859843969605663450e+00,3.713339322905371831e-01,6.427588701975132102e-01,-8.087874538665257296e-01,8.602681397195220958e-01,-9.400536812449963309e-01,9.993341647123638039e-01,-1.052143564629467676e+00,-1.568360618053779465e+00,3.052573347932343029e-01,5.173353541068940187e-01,-5.527726332672054932e-01,4.786995064188634408e-01,-2.440887836729143182e-02,5.427337262387786909e-01,-8.045435213860530066e-01,1.478522605462855299e-01,-1.325541933798751071e+00,0.000000000000000000e+00,0.000000000000000000e+00,-2.172267616484195862e+00,-1.647165405275919259e+00,-1.366917635565168210e+00,-4.099880584139337647e-01,-6.232977017488996463e-01,-9.473935815327891308e-02,-7.200041419233935702e-01,-3.774647335768301359e-01,1.696017942249628430e+00,-4.064018926789744190e-01,-2.472873054599261933e-01,-3.669621702617922865e-01,1.739375798511208382e+00,-5.183686688943279358e-02,-5.183686688943279358e-02,-7.051398600435393460e-01,-1.040941436780788015e-01,-2.030901712371240009e-02,1.190279255419648408e+01,-3.271524934852403366e-01,-5.191945123345532709e-01,-7.103890521813077674e-01,-5.752567881263277033e-02,-3.801429606348526863e-02,-1.147078669352808861e-01,-1.711160802546210780e-01,-7.340709118518067011e-02,-7.197411700355742237e-02,-1.244624194945742751e-01,-7.051263942166730025e-02,-2.872721242393142319e-02,-2.030901712371240009e-02,-2.019004323808653023e-01,-1.435916317235476011e-02,-1.435916317235476011e-02,-5.183686688943279358e-02,-3.801429606348527557e-02,-3.801429606348527557e-02,-1.558271304830920190e-01,-4.064318733121485144e-02,-8.148853797899899276e-02,-1.210011918676099085e-01,-5.569323991926412171e-02,-7.051263942166730025e-02,-4.979810447122927364e-02,-3.212131358814808435e-02,-2.030901712371240009e-02,-3.801429606348527557e-02,-6.749673070628271765e-02,-3.519076715388935045e-02,-1.435916317235476185e-02,-3.524455202264515918e-01,-3.753330286669139260e-01,-2.907009498669055336e-01,-4.311306135592269523e-02,-3.519076715388935045e-02,-3.801429606348527557e-02,-1.435916317235476011e-02,-1.286658602907498339e-01,-4.767312946227962589e-02,5.913962991410492975e-01,-2.487592975524973576e-02,-4.967123990818995694e-01,-1.786283982422259831e-01,-4.979810447122926670e-02,5.840947806181536750e-01,-2.030901712371240009e-02,-4.892821642774447533e-01,-1.767766952966368654e-01
2.615050503165908813e-01,-7.448690342834912714e-02,-5.507016019503075954e-01,7.082331122151057645e-01,4.075707483183714230e-01,-1.879164875360351816e-01,1.677823450289539942e+00,-4.963069089824175273e-01,-6.623362709603883292e-02,-3.636176791775609651e-02,-8.773566466049899093e-01,-3.064091508042205425e-01,-1.141714803437684222e-01,-1.662369355246243741e-01,-1.761860997889140579e-01,3.961123352473639447e-01,1.335038924697370621e+00,1.130343255530836949e-01,8.183559741398087339e-02,-4.212210557746654538e-01,-4.872757218968044035e-01,-1.066549761865789980e+00,-2.820572149217986588e-02,7.082883581693830144e-02,-9.245448483001975637e-01,1.320614996824891030e+00,-8.078231342445260088e-01,5.427337262387786909e-01,3.526886438616704256e-01,1.009236174447722290e+00,-4.805784352658213909e-01,0.000000000000000000e+00,0.000000000000000000e+00,-2.392467030372219805e-01,-7.629130114959765674e-01,-7.702633457260871230e-01,-5.363413209067408038e-01,2.140453363089946048e+00,1.175405164375203482e+00,1.399519884253765056e+00,-3.774647335768301359e-01,1.696017942249628430e+00,-1.131277881212430225e+00,-9.515480014204554804e-01,2.194380977853250148e+00,-4.602362970513234064e-01,-5.183686688943279358e-02,-5.183686688943279358e-02,1.418158377741196352e+00,-1.040941436780788015e-01,-2.030901712371240009e-02,-8.401389803667852485e-02,-3.271524934852403366e-01,-5.191945123345532709e-01,-7.103890521813077674e-01,-5.752567881263277033e-02,-3.801429606348526863e-02,-1.147078669352808861e-01,-1.711160802546210780e-01,-7.340709118518067011e-02,-7.197411700355742237e-02,-1.244624194945742751e-01,-7.051263942166730025e-02,-2.872721242393142319e-02,-2.030901712371240009e-02,-2.019004323808653023e-01,-1.435916317235476011e-02,-1.435916317235476011e-02,-5.183686688943279358e-02,-3.801429606348527557e-02,-3.801429606348527557e-02,-1.558271304830920190e-01,-4.064318733121485144e-02,-8.148853797899899276e-02,8.264381404557756383e+00,-5.569323991926412171e-02,-7.051263942166730025e-02,-4.979810447122927364e-02,-3.212131358814808435e-02,-2.030901712371240009e-02,-3.801429606348527557e-02,-6.749673070628271765e-02,-3.519076715388935045e-02,-1.435916317235476185e-02,-3.524455202264515918e-01,-3.753330286669139260e-01,-2.907009498669055336e-01,-4.311306135592269523e-02,-3.519076715388935045e-02,-3.801429606348527557e-02,-1.435916317235476011e-02,-1.286658602907498339e-01,-4.767312946227962589e-02,-1.690913523558418063e+00,-2.487592975524973576e-02,2.013237442528823973e+00,-1.786283982422259831e-01,-4.979810447122926670e-02,5.840947806181536750e-01,-2.030901712371240009e-02,-4.892821642774447533e-01,-1.767766952966368654e-01
-1.296528246591666322e+00,-5.537123258831522232e-01,-5.507016019503075954e-01,-1.284019034700219164e+00,-1.063398143744291202e+00,-5.106768608526787157e-01,-4.966680157416004104e-01,-4.963069089824175273e-01,-6.623362709603883292e-02,-6.302706439077716549e-01,-6.180237388764964201e-01,-5.527336881405341407e-01,3.989006815727572652e-01,1.843331004058021083e+00,-2.674394384688225657e-01,5.605433585474633995e-01,3.195422190618408820e-01,-2.605825815301355264e-01,1.910451386447113709e-01,9.575531288156864385e-01,-4.872757218968044035e-01,-1.066549761865789980e+00,-8.921781855043895426e-01,-7.505641076036477857e-03,-1.810004182342134504e-01,9.838488006624800386e-01,-5.839904897081731328e-01,1.144887438022665238e+00,-2.259274387621911795e-01,1.909214562413573679e-01,-4.805784352658213909e-01,0.000000000000000000e+00,0.000000000000000000e+00,-2.392467030372219805e-01,-1.734114156426813935e-01,-4.719362008065465242e-01,-1.671017351764652881e-01,-4.803335422430952129e-01,1.110601872409461635e-02,2.220065363775658440e-01,9.257960654133498002e-01,-4.668062001933125371e-01,3.114424337340667925e+00,1.865494782421661668e+00,3.475052551910771559e+00,3.938987894073740392e+00,-5.183686688943279358e-02,-5.183686688943279358e-02,1.418158377741196352e+00,-1.040941436780788015e-01,-2.030901712371240009e-02,-8.401389803667852485e-02,-3.271524934852403366e-01,-5.191945123345532709e-01,-7.103890521813077674e-01,-5.752567881263277033e-02,-3.801429606348526863e-02,-1.147078669352808861e-01,-1.711160802546210780e-01,-7.340709118518067011e-02,-7.197411700355742237e-02,-1.244624194945742751e-01,-7.051263942166730025e-02,-2.872721242393142319e-02,-2.030901712371240009e-02,-2.019004323808653023e-01,-1.435916317235476011e-02,-1.435916317235476011e-02,-5.183686688943279358e-02,-3.801429606348527557e-02,-3.801429606348527557e-02,-1.558271304830920190e-01,-4.064318733121485144e-02,-8.148853797899899276e-02,-1.210011918676099085e-01,-5.569323991926412171e-02,1.418185460368283479e+01,-4.979810447122927364e-02,-3.212131358814808435e-02,-2.030901712371240009e-02,-3.801429606348527557e-02,-6.749673070628271765e-02,-3.519076715388935045e-02,-1.435916317235476185e-02,-3.524455202264515918e-01,-3.753330286669139260e-01,-2.907009498669055336e-01,-4.311306135592269523e-02,-3.519076715388935045e-02,-3.801429606348527557e-02,-1.435916317235476011e-02,-1.286658602907498339e-01,-4.767312946227962589e-02,-1.690913523558418063e+00,-2.487592975524973576e-02,2.013237442528823973e+00,-1.786283982422259831e-01,-4.979810447122926670e-02,5.840947806181536750e-01,-2.030901712371240009e-02,-4.892821642774447533e-01,-1.767766952966368654e-01
5.198815244402450464e-01,-5.537123258831522232e-01,-5.507016019503075954e-01,-1.284019034700219164e+00,-9.198889835430558160e-01,-7.617127067656237482e-01,-4.966680157416004104e-01,-4.963069089824175273e-01,-6.493539992246850634e-01,-6.302706439077716549e-01,-9.256046294381979900e-01,1.910511685222601841e+00,-1.763620454245594382e-01,-2.913462235920262211e-01,4.625872709704457186e-01,-8.371203395033821604e-01,-1.317896501095057737e-01,6.633221216768130091e-02,-1.989889371793257811e-01,3.308375903655265127e-01,9.248938849348538049e-01,4.388828066981781961e-01,1.828577205551604079e+00,2.068357996587793846e+00,1.584917603172498746e+00,-7.841737291901780260e-01,1.094754344314472272e+00,-4.762956321647214275e-01,5.210886068044361802e-02,-2.436299481158024527e+00,9.276940622890612609e-01,0.000000000000000000e+00,0.000000000000000000e+00,9.205658450309623930e-01,1.300342573990556527e+00,1.318026668710696736e+00,1.353604786664199811e-01,6.593713928826168136e-01,5.403329031109622704e-01,1.399519884253765056e+00,-3.774647335768301359e-01,-4.668062001933125371e-01,-1.027724168564793761e+00,-4.820408707801026038e-01,-3.669621702617922865e-01,-4.602362970513234064e-01,-5.183686688943279358e-02,-5.183686688943279358e-02,1.418158377741196352e+00,-1.040941436780788015e-01,-2.030901712371240009e-02,-8.401389803667852485e-02,-3.271524934852403366e-01,-5.191945123345532709e-01,-7.103890521813077674e-01,-5.752567881263277033e-02,-3.801429606348526863e-02,-1.147078669352808861e-01,-1.711160802546210780e-01,-7.340709118518067011e-02,-7.197411700355742237e-02,-1.244624194945742751e-01,-7.051263942166730025e-02,-2.872721242393142319e-02,-2.030901712371240009e-02,-2.019004323808653023e-01,-1.435916317235476011e-02,-1.435916317235476011e-02,-5.183686688943279358e-02,-3.801429606348527557e-02,-3.801429606348527557e-02,-1.558271304830920190e-01,-4.064318733121485144e-02,-8.148853797899899276e-02,-1.210011918676099085e-01,-5.569323991926412171e-02,-7.051263942166730025e-02,-4.979810447122927364e-02,-3.212131358814808435e-02,-2.030901712371240009e-02,-3.801429606348527557e-02,-6.749673070628271765e-02,-3.519076715388935045e-02,-1.435916317235476185e-02,-3.524455202264515918e-01,2.664300564093018409e+00,-2.907009498669055336e-01,-4.311306135592269523e-02,-3.519076715388935045e-02,-3.801429606348527557e-02,-1.435916317235476011e-02,-1.286658602907498339e-01,-4.767312946227962589e-02,-1.690913523558418063e+00,-2.487592975524973576e-02,2.013237442528823973e+00,-1.786283982422259831e-01,-4.979810447122926670e-02,5.840947806181536750e-01,-2.030901712371240009e-02,-4.892821642774447533e-01,-1.767766952966368654e-01
-1.483280512459531630e+00,-5.537123258831522232e-01,-4.977276807426366662e-02,-1.284019034700219164e+00,-9.916435636436735646e-01,-9.768862889767194746e-01,-4.966680157416004104e-01,1.810913805415002020e+00,-6.623362709603883292e-02,-6.302706439077716549e-01,-1.492395346139558515e-02,1.862399238684066816e-01,-1.925471688321805708e+00,-8.230606978784851258e-01,2.105147367208799469e+00,-1.330413409403680580e+00,2.689034532211410422e+00,5.333533460217053657e-01,4.442416565126716677e+00,1.793173846749233080e+00,-6.362483984730694930e-02,9.406936628861676253e-01,-3.389326603035887064e-01,-2.503425194442581159e-01,4.696009580735226452e-01,-2.644978782475312235e-02,5.351727329735904704e-01,7.280117914030515003e-01,1.464833841632209976e+00,2.339906519364291781e-01,3.643850632671082335e-01,0.000000000000000000e+00,0.000000000000000000e+00,5.339616623415676111e-01,4.160901802106137248e-01,1.019699523791156359e+00,-1.016221846332790335e+00,-1.181793203369705836e+00,1.598786671884697697e+00,1.870525223404244874e+00,-3.774647335768301359e-01,-4.668062001933125371e-01,7.812957911571764835e-03,6.917269558207794766e-01,-3.669621702617922865e-01,-4.602362970513234064e-01,-5.183686688943279358e-02,-5.183686688943279358e-02,-7.051398600435393460e-01,-1.040941436780788015e-01,-2.030901712371240009e-02,-8.401389803667852485e-02,-3.271524934852403366e-01,1.926060419058570616e+00,-7.103890521813077674e-01,-5.752567881263277033e-02,-3.801429606348526863e-02,-1.147078669352808861e-01,-1.711160802546210780e-01,-7.340709118518067011e-02,-7.197411700355742237e-02,-1.244624194945742751e-01,-7.051263942166730025e-02,-2.872721242393142319e-02,-2.030901712371240009e-02,-2.019004323808653023e-01,-1.435916317235476011e-02,-1.435916317235476011e-02,-5.183686688943279358e-02,-3.801429606348527557e-02,-3.801429606348527557e-02,-1.558271304830920190e-01,-4.064318733121485144e-02,-8.148853797899899276e-02,-1.210011918676099085e-01,-5.569323991926412171e-02,-7.051263942166730025e-02,-4.979810447122927364e-02,-3.212131358814808435e-02,-2.030901712371240009e-02,-3.801429606348527557e-02,-6.749673070628271765e-02,-3.519076715388935045e-02,6.964194138592060312e+01,-3.524455202264515918e-01,-3.753330286669139260e-01,-2.907009498669055336e-01,-4.311306135592269523e-02,-3.519076715388935045e-02,-3.801429606348527557e-02,-1.435916317235476011e-02,-1.286658602907498339e-01,-4.767312946227962589e-02,5.913962991410492975e-01,-2.487592975524973576e-02,-4.967123990818995694e-01,-1.786283982422259831e-01,-4.979810447122926670e-02,5.840947806181536750e-01,-2.030901712371240009e-02,-4.892821642774447533e-01,-1.767766952966368654e-01
-1.489235411991190805e+00,1.363189363936059939e+00,4.511560658017802483e-01,7.082331122151057645e-01,-4.534842128890408386e-01,-6.182636519582266343e-01,-4.966680157416004104e-01,6.573034482162921632e-01,2.266247861418546172e+00,-6.302706439077716549e-01,8.414777418280475763e-01,-5.527336881405341407e-01,-4.950886914636129510e-01,-5.181068082141924158e-01,-9.062128092281823699e-01,8.894054051476624201e-01,-1.895668281666913063e-02,-7.377412798852590881e-02,1.439154181281630418e+00,4.979617339522358077e-01,-4.872757218968044035e-01,-6.292804948981121915e-02,1.461045124751957358e-01,-7.800667027971361356e-02,2.837148505570266099e-01,-2.644978782475312235e-02,5.351727329735904704e-01,7.280117914030515003e-01,-6.542536297954395508e-01,6.171386915614185398e-02,-5.809668599935657873e-02,0.000000000000000000e+00,0.000000000000000000e+00,-2.392467030372219805e-01,-1.057663809422624057e+00,-1.736090558870059808e-01,-7.348247851081031456e-02,-1.326093476515751268e+00,1.704632048762071195e+00,1.870525223404244874e+00,-3.774647335768301359e-01,-4.668062001933125371e-01,4.220278085021179071e-01,2.222198251804266556e-01,-3.669621702617922865e-01,-4.602362970513234064e-01,-5.183686688943279358e-02,-5.183686688943279358e-02,-7.051398600435393460e-01,-1.040941436780788015e-01,-2.030901712371240009e-02,-8.401389803667852485e-02,-3.271524934852403366e-01,-5.191945123345532709e-01,1.407679351095596942e+00,-5.752567881263277033e-02,-3.801429606348526863e-02,-1.147078669352808861e-01,-1.711160802546210780e-01,-7.340709118518067011e-02,-7.197411700355742237e-02,-1.244624194945742751e-01,-7.051263942166730025e-02,-2.872721242393142319e-02,-2.030901712371240009e-02,-2.019004323808653023e-01,-1.435916317235476011e-02,-1.435916317235476011e-02,-5.183686688943279358e-02,-3.801429606348527557e-02,-3.801429606348527557e-02,-1.558271304830920190e-01,-4.064318733121485144e-02,-8.148853797899899276e-02,-1.210011918676099085e-01,-5.569323991926412171e-02,-7.051263942166730025e-02,-4.979810447122927364e-02,-3.212131358814808435e-02,-2.030901712371240009e-02,-3.801429606348527557e-02,-6.749673070628271765e-02,-3.519076715388935045e-02,-1.435916317235476185e-02,-3.524455202264515918e-01,-3.753330286669139260e-01,-2.907009498669055336e-01,-4.311306135592269523e-02,-3.519076715388935045e-02,-3.801429606348527557e-02,-1.435916317235476011e-02,-1.286658602907498339e-01,-4.767312946227962589e-02,5.913962991410492975e-01,-2.487592975524973576e-02,-4.967123990818995694e-01,-1.786283982422259831e-01,-4.979810447122926670e-02,5.840947806181536750e-01,-2.030901712371240009e-02,-4.892821642774447533e-01,-1.767766952966368654e-01
1.170950539901642218e+00,-7.448690342834912714e-02,-4.977276807426366662e-02,7.082331122151057645e-01,1.160993839374857117e+00,-4.389523334489801587e-01,-4.966680157416004104e-01,-4.963069089824175273e-01,-6.623362709603883292e-02,-3.636176791775609651e-02,8.414777418280475763e-01,-6.008461346790693741e-02,-1.319113678784093358e+00,9.832046485946321912e-01,1.466373996449439554e+00,1.711560521648159749e+00,-8.087874538665257296e-01,2.868459015291825676e+00,-4.954148348055941176e-01,1.291801415989105140e+00,-6.362483984730694930e-02,1.879773786041834815e-01,1.396590973545499104e+00,-1.464526911285366051e+00,-1.761032332124429667e+00,-1.205131474393191793e+00,-8.078231342445260088e-01,-1.263727409112880729e+00,-5.490507056820100873e-01,-2.436299481158024527e+00,-5.809668599935657873e-02,0.000000000000000000e+00,0.000000000000000000e+00,1.473574796521728292e-01,1.005591776063908815e+00,7.213723788716157603e-01,8.181918402208124830e-01,2.399659409296731383e+00,-1.788265388191255578e+00,-1.426512150649113186e+00,-3.774647335768301359e-01,-4.668062001933125371e-01,-1.856153869745885920e+00,-1.186301566740631808e+00,-3.669621702617922865e-01,-4.602362970513234064e-01,-5.183686688943279358e-02,-5.183686688943279358e-02,-7.051398600435393460e-01,-1.040941436780788015e-01,-2.030901712371240009e-02,-8.401389803667852485e-02,-3.271524934852403366e-01,-5.191945123345532709e-01,1.407679351095596942e+00,-5.752567881263277033e-02,-3.801429606348526863e-02,-1.147078669352808861e-01,-1.711160802546210780e-01,-7.340709118518067011e-02,-7.197411700355742237e-02,-1.244624194945742751e-01,-7.051263942166730025e-02,-2.872721242393142319e-02,-2.030901712371240009e-02,-2.019004323808653023e-01,-1.435916317235476011e-02,-1.435916317235476011e-02,-5.183686688943279358e-02,-3.801429606348527557e-02,-3.801429606348527557e-02,-1.558271304830920190e-01,-4.064318733121485144e-02,-8.148853797899899276e-02,-1.210011918676099085e-01,-5.569323991926412171e-02,-7.051263942166730025e-02,-4.979810447122927364e-02,-3.212131358814808435e-02,-2.030901712371240009e-02,-3.801429606348527557e-02,-6.749673070628271765e-02,-3.519076715388935045e-02,-1.435916317235476185e-02,-3.524455202264515918e-01,-3.753330286669139260e-01,-2.907009498669055336e-01,-4.311306135592269523e-02,-3.519076715388935045e-02,-3.801429606348527557e-02,-1.435916317235476011e-02,-1.286658602907498339e-01,-4.767312946227962589e-02,5.913962991410492975e-01,-2.487592975524973576e-02,-4.967123990818995694e-01,-1.786283982422259831e-01,-4.979810447122926670e-02,5.840947806181536750e-01,-2.030901712371240009e-02,-4.892821642774447533e-01,-1.767766952966368654e-01
8.776717379674305874e-01,1.363189363936059939e+00,4.511560658017802483e-01,7.082331122151057645e-01,5.510799085196067537e-01,-4.389523334489801587e-01,5.905777172739697933e-01,-4.963069089824175273e-01,5.168867450326074531e-01,5.575471080722594897e-01,8.414777418280475763e-01,-6.008461346790693741e-02,-9.862383907357066826e-02,-1.427789440119863196e-01,9.757391625081156261e-02,-2.616117579530339854e-01,-5.831215192808524295e-01,7.668639129487173633e-01,-8.386448215307468201e-01,2.890565544688492028e-01,2.619497413132843455e+00,1.442504519074156999e+00,7.372435667993390007e-01,7.082883581693830144e-02,4.885689282282582209e-03,-5.315990820683696993e-01,-3.601578451718204787e-01,-1.057395018361759059e-01,-6.317101460568474991e-01,5.354750218019320718e-01,2.617621059354920288e+00,0.000000000000000000e+00,0.000000000000000000e+00,1.307170027720357286e+00,-1.734114156426813935e-01,1.616353813630237335e+00,1.844075582843758943e+00,3.674243653023483852e-02,-5.181208656627730447e-01,1.635022553829005076e+00,9.257960654133498002e-01,1.696017942249628430e+00,1.871779785569029464e+00,9.264805211409559149e-01,-3.669621702617922865e-01,-4.602362970513234064e-01,-5.183686688943279358e-02,-5.183686688943279358e-02,-7.051398600435393460e-01,-1.040941436780788015e-01,-2.030901712371240009e-02,-8.401389803667852485e-02,-3.271524934852403366e-01,-5.191945123345532709e-01,1.407679351095596942e+00,-5.752567881263277033e-02,-3.801429606348526863e-02,-1.147078669352808861e-01,-1.711160802546210780e-01,-7.340709118518067011e-02,-7.197411700355742237e-02,-1.244624194945742751e-01,-7.051263942166730025e-02,-2.872721242393142319e-02,-2.030901712371240009e-02,-2.019004323808653023e-01,-1.435916317235476011e-02,-1.435916317235476011e-02,-5.183686688943279358e-02,-3.801429606348527557e-02,-3.801429606348527557e-02,-1.558271304830920190e-01,-4.064318733121485144e-02,-8.148853797899899276e-02,-1.210011918676099085e-01,-5.569323991926412171e-02,-7.051263942166730025e-02,-4.979810447122927364e-02,-3.212131358814808435e-02,-2.030901712371240009e-02,-3.801429606348527557e-02,-6.749673070628271765e-02,-3.519076715388935045e-02,-1.435916317235476185e-02,-3.524455202264515918e-01,-3.753330286669139260e-01,-2.907009498669055336e-01,-4.311306135592269523e-02,-3.519076715388935045e-02,-3.801429606348527557e-02,-1.435916317235476011e-02,-1.286658602907498339e-01,-4.767312946227962589e-02,5.913962991410492975e-01,-2.487592975524973576e-02,-4.967123990818995694e-01,-1.786283982422259831e-01,-4.979810447122926670e-02,5.840947806181536750e-01,-2.030901712371240009e-02,-4.892821642774447533e-01,-1.767766952966368654e-01
-8.867612492014130543e-02,-5.537123258831522232e-01,-5.507016019503075954e-01,-1.284019034700219164e+00,-9.916435636436735646e-01,-8.692994978711715559e-01,-4.966680157416004104e-01,6.573034482162921632e-01,-6.493539992246850634e-01,-6.302706439077716549e-01,-8.954496401674427730e-01,-6.008461346790693741e-02,8.017403553370337776e-02,-2.366109100625379269e-01,9.757391625081156261e-02,-2.616117579530339854e-01,-4.702885519880157239e-01,-1.204762413739283167e-01,7.370928447983632337e-01,6.233048416422678484e-01,-6.362483984730694930e-02,-6.292804948981121915e-02,-2.555668962322352189e-01,1.010842558532634605e+00,4.885689282282582209e-03,7.312741535406717119e-01,-2.440887836729143182e-02,-1.773242088314630704e+00,-1.202811734101178587e+00,-8.858084361354384706e-01,-5.809668599935657873e-02,0.000000000000000000e+00,0.000000000000000000e+00,1.473574796521728292e-01,-1.734114156426813935e-01,1.247180890325345903e-01,1.928529317877811122e+00,-5.551559060966003711e-01,1.175405164375203482e+00,2.341530562554724693e+00,-3.774647335768301359e-01,1.696017942249628430e+00,-1.992944673837013236e-01,-4.820408707801026038e-01,-3.669621702617922865e-01,1.739375798511208382e+00,-5.183686688943279358e-02,-5.183686688943279358e-02,-7.051398600435393460e-01,-1.040941436780788015e-01,-2.030901712371240009e-02,-8.401389803667852485e-02,-3.271524934852403366e-01,1.926060419058570616e+00,-7.103890521813077674e-01,-5.752567881263277033e-02,-3.801429606348526863e-02,-1.147078669352808861e-01,-1.711160802546210780e-01,-7.340709118518067011e-02,-7.197411700355742237e-02,-1.244624194945742751e-01,-7.051263942166730025e-02,-2.872721242393142319e-02,-2.030901712371240009e-02,4.952936396459016066e+00,-1.435916317235476011e-02,-1.435916317235476011e-02,-5.183686688943279358e-02,-3.801429606348527557e-02,-3.801429606348527557e-02,-1.558271304830920190e-01,-4.064318733121485144e-02,-8.148853797899899276e-02,-1.210011918676099085e-01,-5.569323991926412171e-02,-7.051263942166730025e-02,-4.979810447122927364e-02,-3.212131358814808435e-02,-2.030901712371240009e-02,-3.801429606348527557e-02,-6.749673070628271765e-02,-3.519076715388935045e-02,-1.435916317235476185e-02,-3.524455202264515918e-01,-3.753330286669139260e-01,-2.907009498669055336e-01,-4.311306135592269523e-02,-3.519076715388935045e-02,-3.801429606348527557e-02,-1.435916317235476011e-02,-1.286658602907498339e-01,-4.767312946227962589e-02,5.913962991410492975e-01,-2.487592975524973576e-02,-4.967123990818995694e-01,-1.786283982422259831e-01,-4.979810447122926670e-02,5.840947806181536750e-01,-2.030901712371240009e-02,-4.892821642774447533e-01,-1.767766952966368654e-01
-4.828573911407992303e-01,-5.537123258831522232e-01,-5.507016019503075954e-01,7.082331122151057645e-01,2.057926090632578031e+00,3.577621201158139641e+00,-4.966680157416004104e-01,-4.963069089824175273e-01,-6.493539992246850634e-01,5.575471080722594897e-01,8.414777418280475763e-01,-2.030680912158415730e+00,1.759319292715059824e+00,2.023175605654911724e+00,8.276006256900798608e-01,7.249743818475629098e-01,-8.087874538665257296e-01,1.000374479875729250e+00,-9.244523182120348848e-01,6.233048416422678484e-01,-1.617011407362130893e+00,-2.571982330429758434e+00,1.525428972564863539e+00,2.828202422449648257e+00,8.413731731065147157e-01,-2.790244349465614282e-01,-2.482415229036441240e-01,9.132898565673241986e-01,1.201826531348636706e+00,7.938901959723629886e-01,-1.607196433309727501e+00,0.000000000000000000e+00,0.000000000000000000e+00,-2.945475981862985648e+00,-2.236667001129214238e+00,-2.858553360162871204e+00,5.425715111561919546e-01,-1.078912453071136257e+00,-1.047347750049640647e+00,-2.489988027729138353e-01,-3.774647335768301359e-01,-4.668062001933125371e-01,1.113666705592083056e-01,-2.472873054599261933e-01,-3.669621702617922865e-01,-4.602362970513234064e-01,-5.183686688943279358e-02,-5.183686688943279358e-02,-7.051398600435393460e-01,-1.040941436780788015e-01,-2.030901712371240009e-02,-8.401389803667852485e-02,-3.271524934852403366e-01,-5.191945123345532709e-01,1.407679351095596942e+00,-5.752567881263277033e-02,-3.801429606348526863e-02,-1.147078669352808861e-01,-1.711160802546210780e-01,-7.340709118518067011e-02,-7.197411700355742237e-02,-1.244624194945742751e-01,-7.051263942166730025e-02,-2.872721242393142319e-02,-2.030901712371240009e-02,-2.019004323808653023e-01,-1.435916317235476011e-02,-1.435916317235476011e-02,-5.183686688943279358e-02,-3.801429606348527557e-02,-3.801429606348527557e-02,-1.558271304830920190e-01,-4.064318733121485144e-02,-8.148853797899899276e-02,-1.210011918676099085e-01,-5.569323991926412171e-02,-7.051263942166730025e-02,-4.979810447122927364e-02,-3.212131358814808435e-02,-2.030901712371240009e-02,-3.801429606348527557e-02,-6.749673070628271765e-02,-3.519076715388935045e-02,-1.435916317235476185e-02,-3.524455202264515918e-01,-3.753330286669139260e-01,-2.907009498669055336e-01,-4.311306135592269523e-02,-3.519076715388935045e-02,-3.801429606348527557e-02,-1.435916317235476011e-02,-1.286658602907498339e-01,-4.767312946227962589e-02,5.913962991410492975e-01,-2.487592975524973576e-02,-4.967123990818995694e-01,-1.786283982422259831e-01,-4.979810447122926670e-02,5.840947806181536750e-01,-2.030901712371240009e-02,-4.892821642774447533e-01,-1.767766952966368654e-01
-8.172874213320566184e-02,-7.448690342834912714e-02,-5.507016019503075954e-01,-1.284019034700219164e+00,-2.023431825368789405e-01,-1.048610816380417976e+00,-4.966680157416004104e-01,-4.963069089824175273e-01,5.168867450326074531e-01,-6.302706439077716549e-01,-1.564890401978204837e+00,-1.045382762813161337e+00,-6.816603867059860544e-01,4.202128522913227693e-01,-9.974661479080908499e-01,1.629345009998110161e+00,-6.959544865736890795e-01,5.333533460217053657e-01,1.236336461853130952e+00,1.082896236505718424e+00,-1.052143564629467676e+00,-1.066549761865789980e+00,1.839980415985381368e-01,3.136657141851599273e-01,-4.598295795089574756e-01,2.261248592970551696e-01,-6.959068119763496263e-01,8.669703402762560795e-01,-1.056955254897004731e-01,5.785442174970039098e-01,-1.043887434287774418e+00,0.000000000000000000e+00,0.000000000000000000e+00,-1.012455068416011628e+00,-7.629130114959765674e-01,-1.068590490645627611e+00,-5.777015571377731168e-02,2.431719939474945025e-01,4.344875262335887722e-01,-1.191009481073873166e+00,-3.774647335768301359e-01,-4.668062001933125371e-01,3.184740958544813871e-01,9.264805211409559149e-01,2.194380977853250148e+00,-4.602362970513234064e-01,-5.183686688943279358e-02,-5.183686688943279358e-02,1.418158377741196352e+00,-1.040941436780788015e-01,-2.030901712371240009e-02,-8.401389803667852485e-02,-3.271524934852403366e-01,-5.191945123345532709e-01,-7.103890521813077674e-01,-5.752567881263277033e-02,-3.801429606348526863e-02,-1.147078669352808861e-01,-1.711160802546210780e-01,-7.340709118518067011e-02,-7.197411700355742237e-02,-1.244624194945742751e-01,-7.051263942166730025e-02,-2.872721242393142319e-02,-2.030901712371240009e-02,-2.019004323808653023e-01,-1.435916317235476011e-02,-1.435916317235476011e-02,-5.183686688943279358e-02,-3.801429606348527557e-02,-3.801429606348527557e-02,-1.558271304830920190e-01,-4.064318733121485144e-02,-8.148853797899899276e-02,-1.210011918676099085e-01,-5.569323991926412171e-02,-7.051263942166730025e-02,-4.979810447122927364e-02,-3.212131358814808435e-02,-2.030901712371240009e-02,-3.801429606348527557e-02,-6.749673070628271765e-02,-3.519076715388935045e-02,-1.435916317235476185e-02,-3.524455202264515918e-01,2.664300564093018409e+00,-2.907009498669055336e-01,-4.311306135592269523e-02,-3.519076715388935045e-02,-3.801429606348527557e-02,-1.435916317235476011e-02,-1.286658602907498339e-01,-4.767312946227962589e-02,5.913962991410492975e-01,-2.487592975524973576e-02,-4.967123990818995694e-01,-1.786283982422259831e-01,-4.979810447122926670e-02,5.840947806181536750e-01,-2.030901712371240009e-02,-4.892821642774447533e-01,-1.767766952966368654e-01
7.812354483297286878e-01,-5.537123258831522232e-01,-5.507016019503075954e-01,7.082331122151057645e-01,-1.305886024362612474e-01,-8.605169026788763234e-03,-4.966680157416004104e-01,-4.963069089824175273e-01,3.432488605675838578e+00,-3.636176791775609651e-02,8.414777418280475763e-01,6.788889985410339056e-01,3.353111172311010885e-02,-1.740562660288368368e-01,9.188539643699884518e-01,3.961123352473639447e-01,-8.087874538665257296e-01,-6.809016019987571555e-01,4.952717177874604859e-01,1.082896236505718424e+00,9.248938849348538049e-01,4.388828066981781961e-01,-2.707243078815722570e-01,-7.505641076036477857e-03,9.782874304053058856e-02,-1.106413368653558910e-01,-8.078231342445260088e-01,1.258580796191650364e-01,1.798552685324651679e-01,2.770598476315010439e-01,3.643850632671082335e-01,0.000000000000000000e+00,0.000000000000000000e+00,9.205658450309623930e-01,7.108409781372613256e-01,4.230452339520751615e-01,1.735398683497613836e+00,-8.711467820136353790e-01,1.169513956014681527e-01,-1.349613319767399566e-02,-3.774647335768301359e-01,1.696017942249628430e+00,-9.241704559171570743e-01,-7.167944361002790421e-01,-3.669621702617922865e-01,1.739375798511208382e+00,-5.183686688943279358e-02,-5.183686688943279358e-02,-7.051398600435393460e-01,-1.040941436780788015e-01,-2.030901712371240009e-02,-8.401389803667852485e-02,-3.271524934852403366e-01,-5.191945123345532709e-01,1.407679351095596942e+00,-5.752567881263277033e-02,-3.801429606348526863e-02,-1.147078669352808861e-01,-1.711160802546210780e-01,-7.340709118518067011e-02,-7.197411700355742237e-02,-1.244624194945742751e-01,-7.051263942166730025e-02,-2.872721242393142319e-02,-2.030901712371240009e-02,-2.019004323808653023e-01,-1.435916317235476011e-02,-1.435916317235476011e-02,-5.183686688943279358e-02,-3.801429606348527557e-02,-3.801429606348527557e-02,-1.558271304830920190e-01,-4.064318733121485144e-02,-8.148853797899899276e-02,-1.210011918676099085e-01,-5.569323991926412171e-02,-7.051263942166730025e-02,-4.979810447122927364e-02,-3.212131358814808435e-02,-2.030901712371240009e-02,-3.801429606348527557e-02,-6.749673070628271765e-02,-3.519076715388935045e-02,-1.435916317235476185e-02,-3.524455202264515918e-01,-3.753330286669139260e-01,-2.907009498669055336e-01,-4.311306135592269523e-02,-3.519076715388935045e-02,-3.801429606348527557e-02,-1.435916317235476011e-02,-1.286658602907498339e-01,-4.767312946227962589e-02,5.913962991410492975e-01,-2.487592975524973576e-02,-4.967123990818995694e-01,-1.786283982422259831e-01,-4.979810447122926670e-02,5.840947806181536750e-01,-2.030901712371240009e-02,-4.892821642774447533e-01,-1.767766952966368654e-01
-1.417114962107763665e+00,-5.537123258831522232e-01,-5.507016019503075954e-01,7.082331122151057645e-01,2.640615881171360368e-01,8.162268961157447267e-01,-4.966680157416004104e-01,-4.963069089824175273e-01,-6.623362709603883292e-02,-6.302706439077716549e-01,8.414777418280475763e-01,-6.008461346790693741e-02,8.017403553370337776e-02,-2.366109100625379269e-01,9.757391625081156261e-02,-2.616117579530339854e-01,-4.702885519880157239e-01,-1.204762413739283167e-01,7.370928447983632337e-01,6.233048416422678484e-01,-6.362483984730694930e-02,1.191599090980162368e+00,-5.587151292189753704e-01,-4.775125024338848223e-01,-4.598295795089574756e-01,-2.644978782475312235e-02,-1.363252006354677692e-01,5.427337262387786909e-01,-4.062753086709273154e-01,1.909214562413573679e-01,-5.809668599935657873e-02,0.000000000000000000e+00,0.000000000000000000e+00,1.473574796521728292e-01,-1.734114156426813935e-01,7.213723788716157603e-01,-4.800388308840392027e-01,-2.899373485087294866e-01,1.175405164375203482e+00,2.341530562554724693e+00,-3.774647335768301359e-01,1.696017942249628430e+00,-3.028481800313378436e-01,-2.472873054599261933e-01,-3.669621702617922865e-01,-4.602362970513234064e-01,-5.183686688943279358e-02,-5.183686688943279358e-02,-7.051398600435393460e-01,9.606688375213465747e+00,-2.030901712371240009e-02,-8.401389803667852485e-02,-3.271524934852403366e-01,-5.191945123345532709e-01,-7.103890521813077674e-01,-5.752567881263277033e-02,-3.801429606348526863e-02,-1.147078669352808861e-01,-1.711160802546210780e-01,-7.340709118518067011e-02,-7.197411700355742237e-02,-1.244624194945742751e-01,-7.051263942166730025e-02,-2.872721242393142319e-02,-2.030901712371240009e-02,-2.019004323808653023e-01,-1.435916317235476011e-02,-1.435916317235476011e-02,-5.183686688943279358e-02,-3.801429606348527557e-02,-3.801429606348527557e-02,-1.558271304830920190e-01,-4.064318733121485144e-02,-8.148853797899899276e-02,-1.210011918676099085e-01,-5.569323991926412171e-02,-7.051263942166730025e-02,-4.979810447122927364e-02,-3.212131358814808435e-02,-2.030901712371240009e-02,-3.801429606348527557e-02,-6.749673070628271765e-02,-3.519076715388935045e-02,-1.435916317235476185e-02,-3.524455202264515918e-01,-3.753330286669139260e-01,-2.907009498669055336e-01,-4.311306135592269523e-02,-3.519076715388935045e-02,-3.801429606348527557e-02,-1.435916317235476011e-02,-1.286658602907498339e-01,-4.767312946227962589e-02,5.913962991410492975e-01,-2.487592975524973576e-02,-4.967123990818995694e-01,-1.786283982422259831e-01,-4.979810447122926670e-02,5.840947806181536750e-01,-2.030901712371240009e-02,-4.892821642774447533e-01,-1.767766952966368654e-01
-4.828573911407992303e-01,-5.537123258831522232e-01,-5.507016019503075954e-01,-1.284019034700219164e+00,-5.252387929896585872e-01,-4.030900697471309080e-01,-4.966680157416004104e-01,-4.963069089824175273e-01,-6.493539992246850634e-01,-6.302706439077716549e-01,-7.929226766468756571e-01,-6.008461346790693741e-02,6.087938387204268054e-01,8.815533520398680656e-01,-2.674394384688225657e-01,4.783278468974136999e-01,-1.895668281666913063e-02,1.130343255530836949e-01,-6.046243760363244624e-01,7.486479493322998335e-01,-7.697096432631360674e-01,-1.568360618053779465e+00,3.242392510516789450e-02,1.136177721561394183e+00,3.766579043152746276e-01,3.945079573782606652e-01,4.232564107054141989e-01,7.953856332809684793e-02,1.720326657336253007e+00,1.095374565837865966e+00,-4.805784352658213909e-01,0.000000000000000000e+00,0.000000000000000000e+00,-6.258508857266168457e-01,-1.057663809422624057e+00,-1.366917635565168210e+00,2.275549862101681337e-02,8.818281167951960708e-02,-4.122754887853995465e-01,-4.845014723481537167e-01,-3.774647335768301359e-01,-4.668062001933125371e-01,7.812957911571764835e-03,4.569733905006030938e-01,-3.669621702617922865e-01,-4.602362970513234064e-01,-5.183686688943279358e-02,-5.183686688943279358e-02,1.418158377741196352e+00,-1.040941436780788015e-01,-2.030901712371240009e-02,-8.401389803667852485e-02,-3.271524934852403366e-01,-5.191945123345532709e-01,-7.103890521813077674e-01,-5.752567881263277033e-02,-3.801429606348526863e-02,-1.147078669352808861e-01,-1.711160802546210780e-01,-7.340709118518067011e-02,-7.197411700355742237e-02,-1.244624194945742751e-01,-7.051263942166730025e-02,-2.872721242393142319e-02,-2.030901712371240009e-02,-2.019004323808653023e-01,-1.435916317235476011e-02,-1.435916317235476011e-02,-5.183686688943279358e-02,-3.801429606348527557e-02,-3.801429606348527557e-02,-1.558271304830920190e-01,-4.064318733121485144e-02,-8.148853797899899276e-02,-1.210011918676099085e-01,-5.569323991926412171e-02,-7.051263942166730025e-02,-4.979810447122927364e-02,-3.212131358814808435e-02,-2.030901712371240009e-02,-3.801429606348527557e-02,-6.749673070628271765e-02,-3.519076715388935045e-02,-1.435916317235476185e-02,2.837317947345407543e+00,-3.753330286669139260e-01,-2.907009498669055336e-01,-4.311306135592269523e-02,-3.519076715388935045e-02,-3.801429606348527557e-02,-1.435916317235476011e-02,-1.286658602907498339e-01,-4.767312946227962589e-02,5.913962991410492975e-01,-2.487592975524973576e-02,-4.967123990818995694e-01,-1.786283982422259831e-01,-4.979810447122926670e-02,5.840947806181536750e-01,-2.030901712371240009e-02,-4.892821642774447533e-01,-1.767766952966368654e-01
-4.347219532598879943e-01,-5.537123258831522232e-01,-5.507016019503075954e-01,-2.878929612425566442e-01,1.564297179662094972e-01,-1.520542238341859032e-01,-4.966680157416004104e-01,-4.963069089824175273e-01,-6.493539992246850634e-01,-6.302706439077716549e-01,2.986879349544566131e-01,-6.008461346790693741e-02,1.370628260960116140e+00,-6.353967657773818001e-01,-5.411994545085482278e-01,-6.726893162032826501e-01,-6.959544865736890795e-01,-5.407952618425498903e-01,-3.472018859924600465e-01,3.308375903655265127e-01,2.563010628859577089e+00,1.944315375262146484e+00,4.758133675450491873e-02,-6.233977490111865249e-02,2.837148505570266099e-01,-3.632159839871641482e-01,8.750744390088503744e-02,-4.299761158736532529e-01,-5.866231785796635068e-01,4.062674347167165023e-01,2.589455609403823022e+00,0.000000000000000000e+00,0.000000000000000000e+00,1.307170027720357286e+00,4.160901802106137248e-01,1.616353813630237335e+00,2.503338460202601645e+00,1.767677657462661367e+00,5.403329031109622704e-01,1.635022553829005076e+00,-3.774647335768301359e-01,-4.668062001933125371e-01,1.113666705592083056e-01,6.917269558207794766e-01,9.137094037957288473e-01,1.739375798511208382e+00,-5.183686688943279358e-02,-5.183686688943279358e-02,1.418158377741196352e+00,-1.040941436780788015e-01,-2.030901712371240009e-02,-8.401389803667852485e-02,-3.271524934852403366e-01,-5.191945123345532709e-01,-7.103890521813077674e-01,-5.752567881263277033e-02,-3.801429606348526863e-02,-1.147078669352808861e-01,-1.711160802546210780e-01,-7.340709118518067011e-02,-7.197411700355742237e-02,-1.244624194945742751e-01,-7.051263942166730025e-02,-2.872721242393142319e-02,-2.030901712371240009e-02,-2.019004323808653023e-01,-1.435916317235476011e-02,-1.435916317235476011e-02,-5.183686688943279358e-02,-3.801429606348527557e-02,-3.801429606348527557e-02,-1.558271304830920190e-01,-4.064318733121485144e-02,-8.148853797899899276e-02,-1.210011918676099085e-01,-5.569323991926412171e-02,-7.051263942166730025e-02,-4.979810447122927364e-02,-3.212131358814808435e-02,-2.030901712371240009e-02,-3.801429606348527557e-02,-6.749673070628271765e-02,-3.519076715388935045e-02,-1.435916317235476185e-02,2.837317947345407543e+00,-3.753330286669139260e-01,-2.907009498669055336e-01,-4.311306135592269523e-02,-3.519076715388935045e-02,-3.801429606348527557e-02,-1.435916317235476011e-02,-1.286658602907498339e-01,-4.767312946227962589e-02,5.913962991410492975e-01,-2.487592975524973576e-02,-4.967123990818995694e-01,-1.786283982422259831e-01,-4.979810447122926670e-02,5.840947806181536750e-01,-2.030901712371240009e-02,-4.892821642774447533e-01,-1.767766952966368654e-01
-2.476388596402639697e-01,4.047385190264539689e-01,-5.507016019503075954e-01,7.082331122151057645e-01,8.467513786559180411e-02,1.067262742028689759e+00,5.905777172739697933e-01,-4.963069089824175273e-01,5.168867450326074531e-01,2.933182612032321668e+00,8.414777418280475763e-01,-7.990582254768477943e-01,5.685257362840691331e-02,-2.444302405667503897e-01,-1.761860997889140579e-01,1.218267451747861330e+00,-5.831215192808524295e-01,6.267575727925100981e-01,4.028980444753236689e+00,6.650858775389451027e-01,-1.052143564629467676e+00,-1.066549761865789980e+00,-6.117660699916547262e-01,6.348370694463559838e-01,-7.386587407837015284e-01,3.103164083376579452e-01,-8.078231342445260088e-01,1.258580796191650364e-01,4.305312792694804713e+00,1.009236174447722290e+00,-1.043887434287774418e+00,0.000000000000000000e+00,0.000000000000000000e+00,-1.012455068416011628e+00,-1.352414607349271769e+00,-1.366917635565168210e+00,-9.939627223703269010e-01,-6.119407358068498226e-01,-3.064301119080259928e-01,-1.426512150649113186e+00,-3.774647335768301359e-01,-4.668062001933125371e-01,-1.027724168564793761e+00,-7.167944361002790421e-01,-3.669621702617922865e-01,-4.602362970513234064e-01,-5.183686688943279358e-02,-5.183686688943279358e-02,1.418158377741196352e+00,-1.040941436780788015e-01,-2.030901712371240009e-02,-8.401389803667852485e-02,-3.271524934852403366e-01,-5.191945123345532709e-01,-7.103890521813077674e-01,-5.752567881263277033e-02,-3.801429606348526863e-02,-1.147078669352808861e-01,-1.711160802546210780e-01,-7.340709118518067011e-02,-7.197411700355742237e-02,-1.244624194945742751e-01,-7.051263942166730025e-02,-2.872721242393142319e-02,-2.030901712371240009e-02,-2.019004323808653023e-01,-1.435916317235476011e-02,-1.435916317235476011e-02,-5.183686688943279358e-02,-3.801429606348527557e-02,-3.801429606348527557e-02,-1.558271304830920190e-01,-4.064318733121485144e-02,-8.148853797899899276e-02,-1.210011918676099085e-01,-5.569323991926412171e-02,-7.051263942166730025e-02,-4.979810447122927364e-02,-3.212131358814808435e-02,-2.030901712371240009e-02,-3.801429606348527557e-02,-6.749673070628271765e-02,-3.519076715388935045e-02,-1.435916317235476185e-02,-3.524455202264515918e-01,-3.753330286669139260e-01,-2.907009498669055336e-01,-4.311306135592269523e-02,-3.519076715388935045e-02,-3.801429606348527557e-02,-1.435916317235476011e-02,-1.286658602907498339e-01,-4.767312946227962589e-02,5.913962991410492975e-01,-2.487592975524973576e-02,-4.967123990818995694e-01,-1.786283982422259831e-01,-4.979810447122926670e-02,5.840947806181536750e-01,-2.030901712371240009e-02,-4.892821642774447533e-01,-1.767766952966368654e-01
-1.717138906116101593e-01,-5.537123258831522232e-01,-5.507016019503075954e-01,-1.284019034700219164e+00,-8.840116934927469972e-01,-9.768862889767194746e-01,-4.966680157416004104e-01,-4.963069089824175273e-01,-6.493539992246850634e-01,-6.302706439077716549e-01,-9.316356272923488335e-01,4.325644612047202520e-01,-3.007431755861411649e-01,4.488498808911660365e-02,1.557627335129348145e+00,1.494658002972147348e-01,6.580411209403509432e-01,2.064385523238884967e-01,7.526942078313246798e-01,-1.340403845501566771e+00,3.600260422021904771e-01,1.191599090980162368e+00,1.191965916279448923e+00,-1.441026568217473658e+00,-4.598295795089574756e-01,-1.106413368653558910e-01,5.351727329735904704e-01,-1.773242088314630704e+00,-1.202811734101178587e+00,-2.436299481158024527e+00,9.276940622890612609e-01,0.000000000000000000e+00,0.000000000000000000e+00,9.205658450309623930e-01,4.160901802106137248e-01,1.318026668710696736e+00,3.140881504826703585e-01,3.213346419016025468e-01,1.492941295007324198e+00,2.220065363775658440e-01,-3.774647335768301359e-01,-4.668062001933125371e-01,-1.131277881212430225e+00,9.264805211409559149e-01,2.194380977853250148e+00,-4.602362970513234064e-01,-5.183686688943279358e-02,-5.183686688943279358e-02,1.418158377741196352e+00,-1.040941436780788015e-01,-2.030901712371240009e-02,-8.401389803667852485e-02,-3.271524934852403366e-01,-5.191945123345532709e-01,-7.103890521813077674e-01,-5.752567881263277033e-02,-3.801429606348526863e-02,-1.147078669352808861e-01,-1.711160802546210780e-01,-7.340709118518067011e-02,-7.197411700355742237e-02,-1.244624194945742751e-01,-7.051263942166730025e-02,-2.872721242393142319e-02,-2.030901712371240009e-02,-2.019004323808653023e-01,-1.435916317235476011e-02,-1.435916317235476011e-02,-5.183686688943279358e-02,-3.801429606348527557e-02,-3.801429606348527557e-02,-1.558271304830920190e-01,-4.064318733121485144e-02,-8.148853797899899276e-02,-1.210011918676099085e-01,-5.569323991926412171e-02,-7.051263942166730025e-02,-4.979810447122927364e-02,-3.212131358814808435e-02,-2.030901712371240009e-02,-3.801429606348527557e-02,-6.749673070628271765e-02,-3.519076715388935045e-02,-1.435916317235476185e-02,-3.524455202264515918e-01,-3.753330286669139260e-01,-2.907009498669055336e-01,-4.311306135592269523e-02,-3.519076715388935045e-02,-3.801429606348527557e-02,-1.435916317235476011e-02,-1.286658602907498339e-01,-4.767312946227962589e-02,5.913962991410492975e-01,-2.487592975524973576e-02,-4.967123990818995694e-01,-1.786283982422259831e-01,-4.979810447122926670e-02,5.840947806181536750e-01,-2.030901712371240009e-02,-4.892821642774447533e-01,-1.767766952966368654e-01
-1.571574695342211891e-01,8.839639414812570095e-01,-5.507016019503075954e-01,7.082331122151057645e-01,1.376257579676710252e+00,-3.313655423434322955e-01,1.677823450289539942e+00,-4.963069089824175273e-01,1.100007117161253767e+00,-3.636176791775609651e-02,8.414777418280475763e-01,4.325644612047202520e-01,-5.337991452384114807e-03,5.687801318713630039e-01,4.625872709704457186e-01,-1.793962463029842302e-01,9.387628447616762351e-02,-5.874973752279523120e-01,-1.677862111134027778e-01,-3.410696807892142027e-03,-6.362483984730694930e-02,1.442504519074156999e+00,-3.010391311802462777e-01,-8.143507530736759925e-01,-3.668865257507094579e-01,-3.632159839871641482e-01,1.994237661690613783e-01,1.376485019478006055e+00,3.000871818049558604e-01,1.052305370142794017e+00,3.643850632671082335e-01,0.000000000000000000e+00,0.000000000000000000e+00,1.473574796521728292e-01,-1.734114156426813935e-01,1.019699523791156359e+00,1.419072798318504192e-01,4.496015513647542150e-01,-3.064301119080259928e-01,-4.845014723481537167e-01,-3.774647335768301359e-01,-4.668062001933125371e-01,3.184740958544813871e-01,2.222198251804266556e-01,-3.669621702617922865e-01,-4.602362970513234064e-01,-5.183686688943279358e-02,-5.183686688943279358e-02,-7.051398600435393460e-01,-1.040941436780788015e-01,-2.030901712371240009e-02,-8.401389803667852485e-02,-3.271524934852403366e-01,-5.191945123345532709e-01,1.407679351095596942e+00,-5.752567881263277033e-02,-3.801429606348526863e-02,-1.147078669352808861e-01,-1.711160802546210780e-01,-7.340709118518067011e-02,-7.197411700355742237e-02,-1.244624194945742751e-01,-7.051263942166730025e-02,-2.872721242393142319e-02,-2.030901712371240009e-02,-2.019004323808653023e-01,-1.435916317235476011e-02,-1.435916317235476011e-02,-5.183686688943279358e-02,-3.801429606348527557e-02,-3.801429606348527557e-02,-1.558271304830920190e-01,-4.064318733121485144e-02,-8.148853797899899276e-02,-1.210011918676099085e-01,-5.569323991926412171e-02,-7.051263942166730025e-02,-4.979810447122927364e-02,-3.212131358814808435e-02,-2.030901712371240009e-02,-3.801429606348527557e-02,-6.749673070628271765e-02,-3.519076715388935045e-02,-1.435916317235476185e-02,-3.524455202264515918e-01,-3.753330286669139260e-01,-2.907009498669055336e-01,-4.311306135592269523e-02,-3.519076715388935045e-02,-3.801429606348527557e-02,-1.435916317235476011e-02,-1.286658602907498339e-01,-4.767312946227962589e-02,5.913962991410492975e-01,-2.487592975524973576e-02,-4.967123990818995694e-01,-1.786283982422259831e-01,-4.979810447122926670e-02,5.840947806181536750e-01,-2.030901712371240009e-02,-4.892821642774447533e-01,-1.767766952966368654e-01
-6.679555182498702059e-01,-5.537123258831522232e-01,-4.977276807426366662e-02,-2.878929612425566442e-01,-5.252387929896585872e-01,-7.617127067656237482e-01,-4.966680157416004104e-01,-4.963069089824175273e-01,-6.493539992246850634e-01,-3.636176791775609651e-02,-2.029277236747832447e+00,-5.527336881405341407e-01,2.589719101409774238e-01,5.609608013671502080e-01,-8.493276110900550846e-02,5.605433585474633995e-01,-4.702885519880157239e-01,1.233885046802741359e+00,-6.904318727176127490e-01,2.054944826754944998e-01,-6.362483984730694930e-02,-6.292804948981121915e-02,-6.345021874656604499e-01,-3.756776824730174158e-01,-8.805736447596543282e-02,3.103164083376579452e-01,3.113400884372377608e-01,9.596093728583924287e-01,2.757326909311485608e+00,1.047830648512136920e-01,-5.809668599935657873e-02,0.000000000000000000e+00,0.000000000000000000e+00,1.473574796521728292e-01,-4.681622135693289666e-01,-1.736090558870059808e-01,-1.266309650852232238e+00,-1.022127623360886695e+00,1.069559787497829983e+00,1.399519884253765056e+00,-3.774647335768301359e-01,-4.668062001933125371e-01,1.113666705592083056e-01,2.222198251804266556e-01,-3.669621702617922865e-01,1.739375798511208382e+00,-5.183686688943279358e-02,-5.183686688943279358e-02,1.418158377741196352e+00,-1.040941436780788015e-01,-2.030901712371240009e-02,-8.401389803667852485e-02,-3.271524934852403366e-01,-5.191945123345532709e-01,-7.103890521813077674e-01,-5.752567881263277033e-02,-3.801429606348526863e-02,-1.147078669352808861e-01,-1.711160802546210780e-01,-7.340709118518067011e-02,-7.197411700355742237e-02,-1.244624194945742751e-01,-7.051263942166730025e-02,-2.872721242393142319e-02,-2.030901712371240009e-02,-2.019004323808653023e-01,-1.435916317235476011e-02,-1.435916317235476011e-02,-5.183686688943279358e-02,-3.801429606348527557e-02,-3.801429606348527557e-02,-1.558271304830920190e-01,-4.064318733121485144e-02,-8.148853797899899276e-02,-1.210011918676099085e-01,-5.569323991926412171e-02,1.418185460368283479e+01,-4.979810447122927364e-02,-3.212131358814808435e-02,-2.030901712371240009e-02,-3.801429606348527557e-02,-6.749673070628271765e-02,-3.519076715388935045e-02,-1.435916317235476185e-02,-3.524455202264515918e-01,-3.753330286669139260e-01,-2.907009498669055336e-01,-4.311306135592269523e-02,-3.519076715388935045e-02,-3.801429606348527557e-02,-1.435916317235476011e-02,-1.286658602907498339e-01,-4.767312946227962589e-02,5.913962991410492975e-01,-2.487592975524973576e-02,-4.967123990818995694e-01,-1.786283982422259831e-01,-4.979810447122926670e-02,5.840947806181536750e-01,-2.030901712371240009e-02,-4.892821642774447533e-01,-1.767766952966368654e-01
7.445135678844974070e-01,-5.537123258831522232e-01,-5.507016019503075954e-01,-1.284019034700219164e+00,-1.099275433794600021e+00,-9.768862889767194746e-01,-4.966680157416004104e-01,-4.963069089824175273e-01,-6.493539992246850634e-01,-6.302706439077716549e-01,-2.095618213143493502e+00,9.252135358773474483e-01,4.844127085588447179e-01,3.654775387618344751e-01,9.757391625081156261e-02,6.725028864716499355e-02,2.067092517690042597e-01,3.465448924800957342e-01,4.874710362709795408e-01,1.219324108821398522e-01,9.248938849348538049e-01,1.442504519074156999e+00,-9.073355971537265807e-01,2.196643419135902164e-01,4.696009580735226452e-01,4.786995064188634408e-01,-1.363252006354677692e-01,8.669703402762560795e-01,6.232104487247749347e-01,8.800285873625066646e-01,9.276940622890612609e-01,0.000000000000000000e+00,0.000000000000000000e+00,9.205658450309623930e-01,1.005591776063908815e+00,1.019699523791156359e+00,1.678441513358369219e+00,6.520227678612903199e-01,1.069559787497829983e+00,-1.349613319767399566e-02,-3.774647335768301359e-01,-4.668062001933125371e-01,4.220278085021179071e-01,-2.472873054599261933e-01,-3.669621702617922865e-01,-4.602362970513234064e-01,-5.183686688943279358e-02,-5.183686688943279358e-02,1.418158377741196352e+00,-1.040941436780788015e-01,-2.030901712371240009e-02,-8.401389803667852485e-02,-3.271524934852403366e-01,-5.191945123345532709e-01,-7.103890521813077674e-01,-5.752567881263277033e-02,-3.801429606348526863e-02,-1.147078669352808861e-01,-1.711160802546210780e-01,-7.340709118518067011e-02,-7.197411700355742237e-02,-1.244624194945742751e-01,-7.051263942166730025e-02,-2.872721242393142319e-02,-2.030901712371240009e-02,-2.019004323808653023e-01,-1.435916317235476011e-02,-1.435916317235476011e-02,-5.183686688943279358e-02,-3.801429606348527557e-02,-3.801429606348527557e-02,-1.558271304830920190e-01,-4.064318733121485144e-02,-8.148853797899899276e-02,-1.210011918676099085e-01,-5.569323991926412171e-02,-7.051263942166730025e-02,-4.979810447122927364e-02,-3.212131358814808435e-02,-2.030901712371240009e-02,-3.801429606348527557e-02,-6.749673070628271765e-02,-3.519076715388935045e-02,-1.435916317235476185e-02,2.837317947345407543e+00,-3.753330286669139260e-01,-2.907009498669055336e-01,-4.311306135592269523e-02,-3.519076715388935045e-02,-3.801429606348527557e-02,-1.435916317235476011e-02,-1.286658602907498339e-01,-4.767312946227962589e-02,5.913962991410492975e-01,-2.487592975524973576e-02,-4.967123990818995694e-01,-1.786283982422259831e-01,-4.979810447122926670e-02,5.840947806181536750e-01,-2.030901712371240009e-02,-4.892821642774447533e-01,-1.767766952966368654e-01
-5.521658051342762663e-01,-5.537123258831522232e-01,-5.507016019503075954e-01,-2.878929612425566442e-01,-9.471131238595241475e-02,-4.389523334489801587e-01,-4.966680157416004104e-01,-4.963069089824175273e-01,-6.493539992246850634e-01,-6.302706439077716549e-01,-1.999122247477077341e+00,1.862399238684066816e-01,-3.007431755861411649e-01,1.308976236354557621e-01,5.538406096503543097e-01,-1.496522300288474598e-02,-6.959544865736890795e-01,5.333533460217053657e-01,-5.812223314868822932e-01,2.472755185721718374e-01,3.600260422021904771e-01,-6.292804948981121915e-02,-1.722011321608817591e-01,1.559183896783457701e+00,1.907717967987786201e-01,9.838488006624800386e-01,-8.078231342445260088e-01,-2.446980507093804713e-01,-1.014949369612911712e+00,1.478522605462855299e-01,3.643850632671082335e-01,0.000000000000000000e+00,0.000000000000000000e+00,5.339616623415676111e-01,7.108409781372613256e-01,4.230452339520751615e-01,1.982867767550883675e+00,2.012854510446914880e+00,1.169513956014681527e-01,4.575092059528056976e-01,-3.774647335768301359e-01,-4.668062001933125371e-01,-6.135093179742474589e-01,-7.167944361002790421e-01,-3.669621702617922865e-01,-4.602362970513234064e-01,-5.183686688943279358e-02,-5.183686688943279358e-02,1.418158377741196352e+00,-1.040941436780788015e-01,-2.030901712371240009e-02,-8.401389803667852485e-02,-3.271524934852403366e-01,-5.191945123345532709e-01,-7.103890521813077674e-01,-5.752567881263277033e-02,-3.801429606348526863e-02,-1.147078669352808861e-01,-1.711160802546210780e-01,-7.340709118518067011e-02,-7.197411700355742237e-02,-1.244624194945742751e-01,-7.051263942166730025e-02,-2.872721242393142319e-02,-2.030901712371240009e-02,-2.019004323808653023e-01,-1.435916317235476011e-02,-1.435916317235476011e-02,-5.183686688943279358e-02,-3.801429606348527557e-02,-3.801429606348527557e-02,-1.558271304830920190e-01,-4.064318733121485144e-02,-8.148853797899899276e-02,-1.210011918676099085e-01,-5.569323991926412171e-02,-7.051263942166730025e-02,-4.979810447122927364e-02,-3.212131358814808435e-02,-2.030901712371240009e-02,-3.801429606348527557e-02,-6.749673070628271765e-02,-3.519076715388935045e-02,-1.435916317235476185e-02,-3.524455202264515918e-01,2.664300564093018409e+00,-2.907009498669055336e-01,-4.311306135592269523e-02,-3.519076715388935045e-02,-3.801429606348527557e-02,-1.435916317235476011e-02,-1.286658602907498339e-01,-4.767312946227962589e-02,5.913962991410492975e-01,-2.487592975524973576e-02,-4.967123990818995694e-01,-1.786283982422259831e-01,2.008108562802319952e+01,-1.712050908829709783e+00,-2.030901712371240009e-02,-4.892821642774447533e-01,-1.767766952966368654e-01
2.244523421196008284e-01,-5.537123258831522232e-01,4.511560658017802483e-01,7.082331122151057645e-01,8.380982289220775261e-01,-5.465391245545280219e-01,-4.966680157416004104e-01,-4.963069089824175273e-01,-6.623362709603883292e-02,1.151455984062275117e+00,8.414777418280475763e-01,-1.784356374822102298e+00,-2.463264311404491924e-01,-8.308800283826976996e-01,-8.493276110900550846e-02,-3.438272696030836850e-01,9.965400228188608933e-01,-3.539868083009403144e-01,3.704608135237684730e-01,-2.123158762912787934e-01,-1.052143564629467676e+00,-3.073793186617747697e+00,6.614565085526539212e-01,-1.096354869888384931e+00,-8.316017945419494906e-01,4.786995064188634408e-01,-2.482415229036441240e-01,-9.394907950754033399e-01,1.051536639758023028e+00,7.938901959723629886e-01,-1.043887434287774418e+00,0.000000000000000000e+00,0.000000000000000000e+00,-2.172267616484195862e+00,-1.352414607349271769e+00,-2.858553360162871204e+00,-4.073693379477615895e-01,-4.569515535388748995e-01,1.110601872409461635e-02,-1.349613319767399566e-02,-3.774647335768301359e-01,-4.668062001933125371e-01,-1.992944673837013236e-01,-1.186301566740631808e+00,9.137094037957288473e-01,-4.602362970513234064e-01,-5.183686688943279358e-02,-5.183686688943279358e-02,-7.051398600435393460e-01,-1.040941436780788015e-01,-2.030901712371240009e-02,-8.401389803667852485e-02,-3.271524934852403366e-01,-5.191945123345532709e-01,1.407679351095596942e+00,-5.752567881263277033e-02,-3.801429606348526863e-02,-1.147078669352808861e-01,-1.711160802546210780e-01,-7.340709118518067011e-02,-7.197411700355742237e-02,-1.244624194945742751e-01,-7.051263942166730025e-02,-2.872721242393142319e-02,-2.030901712371240009e-02,-2.019004323808653023e-01,-1.435916317235476011e-02,-1.435916317235476011e-02,-5.183686688943279358e-02,-3.801429606348527557e-02,-3.801429606348527557e-02,-1.558271304830920190e-01,-4.064318733121485144e-02,-8.148853797899899276e-02,-1.210011918676099085e-01,-5.569323991926412171e-02,-7.051263942166730025e-02,-4.979810447122927364e-02,-3.212131358814808435e-02,-2.030901712371240009e-02,-3.801429606348527557e-02,-6.749673070628271765e-02,-3.519076715388935045e-02,-1.435916317235476185e-02,-3.524455202264515918e-01,-3.753330286669139260e-01,-2.907009498669055336e-01,-4.311306135592269523e-02,-3.519076715388935045e-02,-3.801429606348527557e-02,-1.435916317235476011e-02,-1.286658602907498339e-01,-4.767312946227962589e-02,5.913962991410492975e-01,-2.487592975524973576e-02,-4.967123990818995694e-01,-1.786283982422259831e-01,-4.979810447122926670e-02,5.840947806181536750e-01,-2.030901712371240009e-02,-4.892821642774447533e-01,-1.767766952966368654e-01
-1.417114962107763665e+00,-5.537123258831522232e-01,4.511560658017802483e-01,-2.878929612425566442e-01,-1.135152723844908840e+00,-8.032969643048733233e-02,-4.966680157416004104e-01,-4.963069089824175273e-01,-6.493539992246850634e-01,-6.302706439077716549e-01,-1.950874264643869260e+00,-6.008461346790693741e-02,1.961438629227630459e+00,-2.340010815695734880e+00,-3.826319646985255396e+00,-2.234784037554227609e+00,-8.087874538665257296e-01,-1.801752323248414722e+00,-1.236479578871264806e+00,-2.384929742918500128e+00,-4.872757218968044035e-01,1.944315375262146484e+00,-1.074067125296433556e+00,4.703346679711091771e-01,3.766579043152746276e-01,1.320614996824891030e+00,-8.078231342445260088e-01,1.932319214970824373e+00,1.066565628917084396e+00,1.870620088349158827e+00,-4.805784352658213909e-01,0.000000000000000000e+00,0.000000000000000000e+00,-2.392467030372219805e-01,-1.057663809422624057e+00,1.616353813630237335e+00,9.804371202346660874e-02,-1.169106320974988983e-01,-1.470729257559134862e+00,-9.555068114986333683e-01,-3.774647335768301359e-01,-4.668062001933125371e-01,-1.441939019155339841e+00,-7.167944361002790421e-01,-3.669621702617922865e-01,-4.602362970513234064e-01,-5.183686688943279358e-02,-5.183686688943279358e-02,1.418158377741196352e+00,-1.040941436780788015e-01,-2.030901712371240009e-02,-8.401389803667852485e-02,-3.271524934852403366e-01,-5.191945123345532709e-01,-7.103890521813077674e-01,-5.752567881263277033e-02,-3.801429606348526863e-02,-1.147078669352808861e-01,-1.711160802546210780e-01,-7.340709118518067011e-02,-7.197411700355742237e-02,-1.244624194945742751e-01,-7.051263942166730025e-02,-2.872721242393142319e-02,-2.030901712371240009e-02,-2.019004323808653023e-01,-1.435916317235476011e-02,-1.435916317235476011e-02,-5.183686688943279358e-02,-3.801429606348527557e-02,-3.801429606348527557e-02,-1.558271304830920190e-01,-4.064318733121485144e-02,-8.148853797899899276e-02,-1.210011918676099085e-01,-5.569323991926412171e-02,-7.051263942166730025e-02,-4.979810447122927364e-02,-3.212131358814808435e-02,-2.030901712371240009e-02,-3.801429606348527557e-02,-6.749673070628271765e-02,-3.519076715388935045e-02,-1.435916317235476185e-02,-3.524455202264515918e-01,2.664300564093018409e+00,-2.907009498669055336e-01,-4.311306135592269523e-02,-3.519076715388935045e-02,-3.801429606348527557e-02,-1.435916317235476011e-02,-1.286658602907498339e-01,-4.767312946227962589e-02,5.913962991410492975e-01,-2.487592975524973576e-02,-4.967123990818995694e-01,-1.786283982422259831e-01,-4.979810447122926670e-02,5.840947806181536750e-01,-2.030901712371240009e-02,-4.892821642774447533e-01,-1.767766952966368654e-01
-9.208733344695034795e-01,-5.537123258831522232e-01,-5.507016019503075954e-01,7.082331122151057645e-01,-2.740977626374966336e-01,-2.596410149397337386e-01,-4.966680157416004104e-01,1.810913805415002020e+00,-6.493539992246850634e-01,1.745364860052290412e+00,8.414777418280475763e-01,-1.291707300149474991e+00,-1.085899059731127325e+00,-8.699766809037609017e-01,6.450939483302627897e-01,6.427588701975132102e-01,2.067092517690042597e-01,5.333533460217053657e-01,-1.131814404980377026e-01,2.472755185721718374e-01,-1.052143564629467676e+00,-1.317455189959784834e+00,-1.074067125296433556e+00,-1.080687974509789928e+00,-5.527726332672054932e-01,-1.948328859059586526e-01,1.542419633387178024e+00,-2.910175670004486737e-01,9.914206831217776683e-01,-1.488777175866444091e+00,-1.043887434287774418e+00,0.000000000000000000e+00,0.000000000000000000e+00,-1.012455068416011628e+00,-1.057663809422624057e+00,-1.366917635565168210e+00,6.833277362129458465e-01,2.565331303499061577e-01,7.520236568657093779e-01,1.399519884253765056e+00,6.138839261374069878e+00,-4.668062001933125371e-01,8.362426590926641534e-01,6.917269558207794766e-01,-3.669621702617922865e-01,1.739375798511208382e+00,-5.183686688943279358e-02,-5.183686688943279358e-02,-7.051398600435393460e-01,-1.040941436780788015e-01,-2.030901712371240009e-02,-8.401389803667852485e-02,3.056678521220304923e+00,-5.191945123345532709e-01,-7.103890521813077674e-01,-5.752567881263277033e-02,-3.801429606348526863e-02,-1.147078669352808861e-01,-1.711160802546210780e-01,-7.340709118518067011e-02,-7.197411700355742237e-02,-1.244624194945742751e-01,-7.051263942166730025e-02,-2.872721242393142319e-02,-2.030901712371240009e-02,-2.019004323808653023e-01,-1.435916317235476011e-02,-1.435916317235476011e-02,-5.183686688943279358e-02,-3.801429606348527557e-02,-3.801429606348527557e-02,-1.558271304830920190e-01,-4.064318733121485144e-02,-8.148853797899899276e-02,-1.210011918676099085e-01,-5.569323991926412171e-02,-7.051263942166730025e-02,-4.979810447122927364e-02,-3.212131358814808435e-02,-2.030901712371240009e-02,-3.801429606348527557e-02,-6.749673070628271765e-02,-3.519076715388935045e-02,-1.435916317235476185e-02,-3.524455202264515918e-01,-3.753330286669139260e-01,-2.907009498669055336e-01,-4.311306135592269523e-02,-3.519076715388935045e-02,-3.801429606348527557e-02,-1.435916317235476011e-02,-1.286658602907498339e-01,-4.767312946227962589e-02,5.913962991410492975e-01,-2.487592975524973576e-02,-4.967123990818995694e-01,-1.786283982422259831e-01,-4.979810447122926670e-02,5.840947806181536750e-01,-2.030901712371240009e-02,-4.892821642774447533e-01,-1.767766952966368654e-01
-9.822418824207683752e-01,-7.448690342834912714e-02,-5.507016019503075954e-01,-1.284019034700219164e+00,-3.817296327884231455e-01,-1.120335343784116588e+00,-4.966680157416004104e-01,-4.963069089824175273e-01,-6.623362709603883292e-02,-6.302706439077716549e-01,-1.987060251768775432e+00,4.325644612047202520e-01,-1.141714803437684222e-01,-3.148042151046642756e-01,3.713339322905371831e-01,4.783278468974136999e-01,-1.317896501095057737e-01,-1.671783547593307107e-01,6.902887556994790064e-01,-1.287538044979241458e-01,9.248938849348538049e-01,-6.292804948981121915e-02,-2.294238763068062958e+00,-2.326206157108087869e+00,-3.898722568564133795e+00,-4.572793436017302149e+00,-8.078231342445260088e-01,-1.773242088314630704e+00,-1.202811734101178587e+00,-2.436299481158024527e+00,4.488814131204011959e-01,0.000000000000000000e+00,0.000000000000000000e+00,-2.392467030372219805e-01,1.300342573990556527e+00,-1.736090558870059808e-01,-1.780233542338520047e+00,1.125006996506662027e+00,-9.473935815327891308e-02,9.285145451032854602e-01,9.257960654133498002e-01,-4.668062001933125371e-01,-1.856153869745885920e+00,-1.421055132060808246e+00,-3.669621702617922865e-01,-4.602362970513234064e-01,-5.183686688943279358e-02,-5.183686688943279358e-02,1.418158377741196352e+00,-1.040941436780788015e-01,-2.030901712371240009e-02,-8.401389803667852485e-02,-3.271524934852403366e-01,-5.191945123345532709e-01,-7.103890521813077674e-01,-5.752567881263277033e-02,-3.801429606348526863e-02,-1.147078669352808861e-01,-1.711160802546210780e-01,-7.340709118518067011e-02,-7.197411700355742237e-02,-1.244624194945742751e-01,-7.051263942166730025e-02,-2.872721242393142319e-02,-2.030901712371240009e-02,-2.019004323808653023e-01,-1.435916317235476011e-02,-1.435916317235476011e-02,-5.183686688943279358e-02,-3.801429606348527557e-02,-3.801429606348527557e-02,-1.558271304830920190e-01,-4.064318733121485144e-02,-8.148853797899899276e-02,-1.210011918676099085e-01,-5.569323991926412171e-02,-7.051263942166730025e-02,-4.979810447122927364e-02,-3.212131358814808435e-02,-2.030901712371240009e-02,-3.801429606348527557e-02,-6.749673070628271765e-02,-3.519076715388935045e-02,-1.435916317235476185e-02,-3.524455202264515918e-01,2.664300564093018409e+00,-2.907009498669055336e-01,-4.311306135592269523e-02,-3.519076715388935045e-02,-3.801429606348527557e-02,-1.435916317235476011e-02,-1.286658602907498339e-01,-4.767312946227962589e-02,5.913962991410492975e-01,-2.487592975524973576e-02,-4.967123990818995694e-01,-1.786283982422259831e-01,-4.979810447122926670e-02,5.840947806181536750e-01,-2.030901712371240009e-02,-4.892821642774447533e-01,-1.767766952966368654e-01
6.546938332819722817e-01,-5.537123258831522232e-01,-5.507016019503075954e-01,7.082331122151057645e-01,1.591521319978563165e+00,6.727778413083476128e-01,-4.966680157416004104e-01,-4.963069089824175273e-01,-6.493539992246850634e-01,-3.636176791775609651e-02,8.414777418280475763e-01,6.788889985410339056e-01,-2.463264311404491924e-01,1.045759292628333226e+00,-3.586927771487311012e-01,8.894054051476624201e-01,-4.702885519880157239e-01,2.064385523238884967e-01,-4.174080196407866095e-01,2.472755185721718374e-01,3.600260422021904771e-01,4.388828066981781961e-01,2.484521928049954892e-02,-7.360162761807014231e-01,-5.527726332672054932e-01,-4.474075330277669238e-01,1.206670666582648543e+00,7.280117914030515003e-01,5.210886068044361802e-02,-4.120472834896483083e-01,3.643850632671082335e-01,0.000000000000000000e+00,0.000000000000000000e+00,5.339616623415676111e-01,7.108409781372613256e-01,7.213723788716157603e-01,3.474768364263655096e-01,-2.131108141948626356e-01,1.387095918129950478e+00,4.575092059528056976e-01,-3.774647335768301359e-01,-4.668062001933125371e-01,-4.064018926789744190e-01,2.222198251804266556e-01,-3.669621702617922865e-01,1.739375798511208382e+00,-5.183686688943279358e-02,-5.183686688943279358e-02,-7.051398600435393460e-01,-1.040941436780788015e-01,-2.030901712371240009e-02,-8.401389803667852485e-02,-3.271524934852403366e-01,-5.191945123345532709e-01,1.407679351095596942e+00,-5.752567881263277033e-02,-3.801429606348526863e-02,-1.147078669352808861e-01,-1.711160802546210780e-01,-7.340709118518067011e-02,-7.197411700355742237e-02,-1.244624194945742751e-01,-7.051263942166730025e-02,-2.872721242393142319e-02,-2.030901712371240009e-02,-2.019004323808653023e-01,-1.435916317235476011e-02,-1.435916317235476011e-02,-5.183686688943279358e-02,-3.801429606348527557e-02,-3.801429606348527557e-02,-1.558271304830920190e-01,-4.064318733121485144e-02,-8.148853797899899276e-02,-1.210011918676099085e-01,-5.569323991926412171e-02,-7.051263942166730025e-02,-4.979810447122927364e-02,-3.212131358814808435e-02,-2.030901712371240009e-02,-3.801429606348527557e-02,-6.749673070628271765e-02,-3.519076715388935045e-02,-1.435916317235476185e-02,-3.524455202264515918e-01,-3.753330286669139260e-01,-2.907009498669055336e-01,-4.311306135592269523e-02,-3.519076715388935045e-02,-3.801429606348527557e-02,-1.435916317235476011e-02,-1.286658602907498339e-01,-4.767312946227962589e-02,5.913962991410492975e-01,-2.487592975524973576e-02,-4.967123990818995694e-01,-1.786283982422259831e-01,-4.979810447122926670e-02,5.840947806181536750e-01,-2.030901712371240009e-02,-4.892821642774447533e-01,-1.767766952966368654e-01
-7.867226811312938439e-01,4.047385190264539689e-01,1.453013733553867981e+00,7.082331122151057645e-01,-1.664658924865700940e-01,7.086401050101969190e-01,-4.966680157416004104e-01,-4.963069089824175273e-01,-6.623362709603883292e-02,5.575471080722594897e-01,8.414777418280475763e-01,-6.008461346790693741e-02,2.435829182714591319e-03,-9.247119944332491404e-01,-9.974661479080908499e-01,3.961123352473639447e-01,-6.959544865736890795e-01,6.267575727925100981e-01,1.665373945259572164e+00,3.726186262622038226e-01,-6.362483984730694930e-02,6.897882347921728829e-01,3.052573347932343029e-01,1.371181152240318335e+00,-5.527726332672054932e-01,7.312741535406717119e-01,-2.482415229036441240e-01,-6.615736973289941814e-01,2.850581926458944926e-01,2.339906519364291781e-01,-5.809668599935657873e-02,0.000000000000000000e+00,0.000000000000000000e+00,1.473574796521728292e-01,-4.681622135693289666e-01,1.247180890325345903e-01,3.572970381745111390e-01,9.974081438636309693e-01,-3.064301119080259928e-01,-2.489988027729138353e-01,-3.774647335768301359e-01,-4.668062001933125371e-01,2.149203832068448394e-01,-1.253374013974976713e-02,-3.669621702617922865e-01,-4.602362970513234064e-01,-5.183686688943279358e-02,-5.183686688943279358e-02,-7.051398600435393460e-01,-1.040941436780788015e-01,-2.030901712371240009e-02,-8.401389803667852485e-02,-3.271524934852403366e-01,-5.191945123345532709e-01,1.407679351095596942e+00,-5.752567881263277033e-02,-3.801429606348526863e-02,-1.147078669352808861e-01,-1.711160802546210780e-01,-7.340709118518067011e-02,-7.197411700355742237e-02,-1.244624194945742751e-01,-7.051263942166730025e-02,-2.872721242393142319e-02,-2.030901712371240009e-02,-2.019004323808653023e-01,-1.435916317235476011e-02,-1.435916317235476011e-02,-5.183686688943279358e-02,-3.801429606348527557e-02,-3.801429606348527557e-02,-1.558271304830920190e-01,-4.064318733121485144e-02,-8.148853797899899276e-02,-1.210011918676099085e-01,-5.569323991926412171e-02,-7.051263942166730025e-02,-4.979810447122927364e-02,-3.212131358814808435e-02,-2.030901712371240009e-02,-3.801429606348527557e-02,-6.749673070628271765e-02,-3.519076715388935045e-02,-1.435916317235476185e-02,-3.524455202264515918e-01,-3.753330286669139260e-01,-2.907009498669055336e-01,-4.311306135592269523e-02,-3.519076715388935045e-02,-3.801429606348527557e-02,-1.435916317235476011e-02,-1.286658602907498339e-01,-4.767312946227962589e-02,5.913962991410492975e-01,-2.487592975524973576e-02,-4.967123990818995694e-01,-1.786283982422259831e-01,-4.979810447122926670e-02,5.840947806181536750e-01,-2.030901712371240009e-02,-4.892821642774447533e-01,-1.767766952966368654e-01
1.199107725638073607e-01,4.047385190264539689e-01,-5.507016019503075954e-01,7.082331122151057645e-01,6.587117786705333211e-01,-1.161919601323366108e-01,-4.966680157416004104e-01,-4.963069089824175273e-01,1.683127489289899970e+00,-6.302706439077716549e-01,8.414777418280475763e-01,1.664187147886288409e+00,3.755792196674604400e-01,7.955407164935289765e-01,-2.674394384688225657e-01,-2.616117579530339854e-01,-2.446226174023423960e-01,6.633221216768130091e-02,3.503150831509637547e-02,1.124677272402395900e+00,9.248938849348538049e-01,1.442504519074156999e+00,1.006322775271846631e-01,4.155005341460270007e-01,6.554870655900186804e-01,-1.106413368653558910e-01,-4.720741674399969168e-01,6.353727588209151511e-01,-1.056955254897004731e-01,-1.536321093192173082e-01,9.276940622890612609e-01,0.000000000000000000e+00,0.000000000000000000e+00,9.205658450309623930e-01,1.889844169843851507e+00,1.019699523791156359e+00,-3.812975221748606675e-02,9.125649277083170974e-01,1.110601872409461635e-02,-4.845014723481537167e-01,-3.774647335768301359e-01,-4.668062001933125371e-01,5.255815211497544270e-01,2.222198251804266556e-01,-3.669621702617922865e-01,-4.602362970513234064e-01,-5.183686688943279358e-02,-5.183686688943279358e-02,-7.051398600435393460e-01,-1.040941436780788015e-01,-2.030901712371240009e-02,-8.401389803667852485e-02,-3.271524934852403366e-01,-5.191945123345532709e-01,1.407679351095596942e+00,-5.752567881263277033e-02,-3.801429606348526863e-02,-1.147078669352808861e-01,-1.711160802546210780e-01,-7.340709118518067011e-02,-7.197411700355742237e-02,-1.244624194945742751e-01,-7.051263942166730025e-02,-2.872721242393142319e-02,-2.030901712371240009e-02,-2.019004323808653023e-01,-1.435916317235476011e-02,-1.435916317235476011e-02,-5.183686688943279358e-02,-3.801429606348527557e-02,-3.801429606348527557e-02,-1.558271304830920190e-01,-4.064318733121485144e-02,-8.148853797899899276e-02,-1.210011918676099085e-01,-5.569323991926412171e-02,-7.051263942166730025e-02,-4.979810447122927364e-02,-3.212131358814808435e-02,-2.030901712371240009e-02,-3.801429606348527557e-02,-6.749673070628271765e-02,-3.519076715388935045e-02,-1.435916317235476185e-02,-3.524455202264515918e-01,-3.753330286669139260e-01,-2.907009498669055336e-01,-4.311306135592269523e-02,-3.519076715388935045e-02,-3.801429606348527557e-02,-1.435916317235476011e-02,-1.286658602907498339e-01,-4.767312946227962589e-02,5.913962991410492975e-01,-2.487592975524973576e-02,-4.967123990818995694e-01,-1.786283982422259831e-01,-4.979810447122926670e-02,5.840947806181536750e-01,-2.030901712371240009e-02,-4.892821642774447533e-01,-1.767766952966368654e-01
-4.769024916091401112e-01,-5.537123258831522232e-01,-5.507016019503075954e-01,-2.878929612425566442e-01,-9.471131238595241475e-02,-4.748145971508294649e-01,-4.966680157416004104e-01,-4.963069089824175273e-01,5.168867450326074531e-01,-6.302706439077716549e-01,-2.199778805025297823e-01,-3.064091508042205425e-01,1.112693180740988996e-01,7.720827249808911441e-01,2.800805936106286476e-01,3.138968235973142451e-01,-3.574555846951790183e-01,2.531406657092908907e-01,7.526942078313246798e-01,5.397427698489131176e-01,-4.872757218968044035e-01,-3.138334775838059199e-01,-7.367795644019094203e-02,-1.093404610369035218e-01,1.120202334381258824e+00,-1.541897670555602895e+00,8.750744390088503744e-02,-1.773242088314630704e+00,-1.202811734101178587e+00,-1.359569588781228688e+00,-4.805784352658213909e-01,0.000000000000000000e+00,0.000000000000000000e+00,-2.392467030372219805e-01,-4.681622135693289666e-01,-7.702633457260871230e-01,-4.721826694855227324e-01,-7.088089747243341288e-01,-3.064301119080259928e-01,-4.845014723481537167e-01,-3.774647335768301359e-01,-4.668062001933125371e-01,-5.099556053266109945e-01,-1.186301566740631808e+00,-3.669621702617922865e-01,-4.602362970513234064e-01,-5.183686688943279358e-02,-5.183686688943279358e-02,1.418158377741196352e+00,-1.040941436780788015e-01,-2.030901712371240009e-02,-8.401389803667852485e-02,-3.271524934852403366e-01,-5.191945123345532709e-01,-7.103890521813077674e-01,-5.752567881263277033e-02,-3.801429606348526863e-02,-1.147078669352808861e-01,-1.711160802546210780e-01,-7.340709118518067011e-02,-7.197411700355742237e-02,-1.244624194945742751e-01,-7.051263942166730025e-02,-2.872721242393142319e-02,-2.030901712371240009e-02,-2.019004323808653023e-01,-1.435916317235476011e-02,-1.435916317235476011e-02,-5.183686688943279358e-02,-3.801429606348527557e-02,-3.801429606348527557e-02,-1.558271304830920190e-01,-4.064318733121485144e-02,-8.148853797899899276e-02,-1.210011918676099085e-01,-5.569323991926412171e-02,-7.051263942166730025e-02,-4.979810447122927364e-02,-3.212131358814808435e-02,-2.030901712371240009e-02,-3.801429606348527557e-02,-6.749673070628271765e-02,-3.519076715388935045e-02,-1.435916317235476185e-02,-3.524455202264515918e-01,-3.753330286669139260e-01,-2.907009498669055336e-01,-4.311306135592269523e-02,-3.519076715388935045e-02,-3.801429606348527557e-02,-1.435916317235476011e-02,-1.286658602907498339e-01,-4.767312946227962589e-02,5.913962991410492975e-01,-2.487592975524973576e-02,-4.967123990818995694e-01,-1.786283982422259831e-01,-4.979810447122926670e-02,5.840947806181536750e-01,-2.030901712371240009e-02,-4.892821642774447533e-01,-1.767766952966368654e-01
8.207693646649100172e-01,4.047385190264539689e-01,-5.507016019503075954e-01,-2.878929612425566442e-01,9.098528090226952747e-01,-8.334372341693222497e-01,-4.966680157416004104e-01,-4.963069089824175273e-01,-6.623362709603883292e-02,-6.302706439077716549e-01,-7.084887066887615159e-01,9.252135358773474483e-01,-1.412399526405279993e+00,5.922381233840007253e-01,7.363472870101713808e-01,1.136051940097811741e+00,4.323751863546776431e-01,1.000374479875729250e+00,3.828782249173550475e-03,8.015137498546251460e-02,3.600260422021904771e-01,4.388828066981781961e-01,-1.494650146868760632e-01,-1.080687974509789928e+00,3.766579043152746276e-01,-3.632159839871641482e-01,-1.363252006354677692e-01,1.005928889149460659e+00,-4.363332869890499954e-01,-1.536321093192173082e-01,3.643850632671082335e-01,0.000000000000000000e+00,0.000000000000000000e+00,5.339616623415676111e-01,1.005591776063908815e+00,4.230452339520751615e-01,3.330738738624186013e-01,2.375609363772390736e+00,2.551395063781059402e+00,-2.489988027729138353e-01,2.229056864403530014e+00,-4.668062001933125371e-01,8.362426590926641534e-01,1.630741217101485230e+00,-3.669621702617922865e-01,1.739375798511208382e+00,-5.183686688943279358e-02,-5.183686688943279358e-02,1.418158377741196352e+00,-1.040941436780788015e-01,-2.030901712371240009e-02,-8.401389803667852485e-02,-3.271524934852403366e-01,-5.191945123345532709e-01,-7.103890521813077674e-01,-5.752567881263277033e-02,-3.801429606348526863e-02,-1.147078669352808861e-01,-1.711160802546210780e-01,-7.340709118518067011e-02,-7.197411700355742237e-02,-1.244624194945742751e-01,-7.051263942166730025e-02,-2.872721242393142319e-02,-2.030901712371240009e-02,-2.019004323808653023e-01,-1.435916317235476011e-02,-1.435916317235476011e-02,-5.183686688943279358e-02,-3.801429606348527557e-02,-3.801429606348527557e-02,-1.558271304830920190e-01,-4.064318733121485144e-02,-8.148853797899899276e-02,-1.210011918676099085e-01,-5.569323991926412171e-02,-7.051263942166730025e-02,-4.979810447122927364e-02,-3.212131358814808435e-02,-2.030901712371240009e-02,-3.801429606348527557e-02,-6.749673070628271765e-02,-3.519076715388935045e-02,-1.435916317235476185e-02,-3.524455202264515918e-01,2.664300564093018409e+00,-2.907009498669055336e-01,-4.311306135592269523e-02,-3.519076715388935045e-02,-3.801429606348527557e-02,-1.435916317235476011e-02,-1.286658602907498339e-01,-4.767312946227962589e-02,5.913962991410492975e-01,-2.487592975524973576e-02,-4.967123990818995694e-01,-1.786283982422259831e-01,-4.979810447122926670e-02,-1.712050908829709783e+00,-2.030901712371240009e-02,2.043810449286999731e+00,-1.767766952966368654e-01
8.591453838689354638e-01,-5.537123258831522232e-01,-5.507016019503075954e-01,-2.878929612425566442e-01,8.467513786559180411e-02,-9.410240252748701684e-01,-4.966680157416004104e-01,-4.963069089824175273e-01,5.168867450326074531e-01,-6.302706439077716549e-01,-2.023246238893681603e+00,-2.030680912158415730e+00,-3.318384581265366728e-01,4.436708438039608238e-01,9.757391625081156261e-02,1.053836428447761930e+00,-6.959544865736890795e-01,-1.671783547593307107e-01,5.576771699193061593e-01,1.291801415989105140e+00,-1.334577485995799284e+00,-1.819266046147774096e+00,9.687807631162524691e-03,-8.926852299666506729e-01,-1.203374009574941672e+00,5.774176121584963933e-02,-1.363252006354677692e-01,1.721775959102332110e-01,2.667152974357117845e+00,-4.120472834896483083e-01,-1.325541933798751071e+00,0.000000000000000000e+00,0.000000000000000000e+00,-1.399059251105406521e+00,-1.941916203202566749e+00,-1.963571925404249408e+00,1.883895681064063632e-01,7.047992566508163303e-01,-4.122754887853995465e-01,-1.191009481073873166e+00,-3.774647335768301359e-01,-4.668062001933125371e-01,5.255815211497544270e-01,6.917269558207794766e-01,-3.669621702617922865e-01,-4.602362970513234064e-01,-5.183686688943279358e-02,-5.183686688943279358e-02,1.418158377741196352e+00,-1.040941436780788015e-01,-2.030901712371240009e-02,-8.401389803667852485e-02,-3.271524934852403366e-01,-5.191945123345532709e-01,-7.103890521813077674e-01,-5.752567881263277033e-02,-3.801429606348526863e-02,-1.147078669352808861e-01,-1.711160802546210780e-01,-7.340709118518067011e-02,-7.197411700355742237e-02,-1.244624194945742751e-01,-7.051263942166730025e-02,-2.872721242393142319e-02,-2.030901712371240009e-02,-2.019004323808653023e-01,-1.435916317235476011e-02,-1.435916317235476011e-02,-5.183686688943279358e-02,-3.801429606348527557e-02,-3.801429606348527557e-02,-1.558271304830920190e-01,-4.064318733121485144e-02,-8.148853797899899276e-02,-1.210011918676099085e-01,-5.569323991926412171e-02,-7.051263942166730025e-02,-4.979810447122927364e-02,-3.212131358814808435e-02,-2.030901712371240009e-02,-3.801429606348527557e-02,-6.749673070628271765e-02,-3.519076715388935045e-02,-1.435916317235476185e-02,2.837317947345407543e+00,-3.753330286669139260e-01,-2.907009498669055336e-01,-4.311306135592269523e-02,-3.519076715388935045e-02,-3.801429606348527557e-02,-1.435916317235476011e-02,-1.286658602907498339e-01,-4.767312946227962589e-02,5.913962991410492975e-01,-2.487592975524973576e-02,-4.967123990818995694e-01,-1.786283982422259831e-01,-4.979810447122926670e-02,-1.712050908829709783e+00,-2.030901712371240009e-02,2.043810449286999731e+00,-1.767766952966368654e-01
-1.491716620129382109e+00,-5.537123258831522232e-01,9.520848996778241702e-01,-2.878929612425566442e-01,-2.023431825368789405e-01,1.348438857806083802e-01,-4.966680157416004104e-01,6.573034482162921632e-01,-6.493539992246850634e-01,5.575471080722594897e-01,3.107499306627589108e-01,-7.990582254768477943e-01,-7.438509517867770704e-01,7.329860724598281640e-01,1.101360641729805412e+00,7.249743818475629098e-01,-8.087874538665257296e-01,-1.801752323248414722e+00,-1.236479578871264806e+00,1.219324108821398522e-01,-1.052143564629467676e+00,-1.317455189959784834e+00,2.396980142401742064e+00,2.107525235034280797e+00,1.213145388139506675e+00,-1.106413368653558910e-01,-2.440887836729143182e-02,2.071277763844029174e+00,1.524949798268455448e+00,7.938901959723629886e-01,-1.043887434287774418e+00,0.000000000000000000e+00,0.000000000000000000e+00,-1.012455068416011628e+00,-4.681622135693289666e-01,-1.068590490645627611e+00,-5.225930384593369116e-01,4.389126422428248908e-01,-5.181208656627730447e-01,-9.555068114986333683e-01,-3.774647335768301359e-01,1.696017942249628430e+00,-5.099556053266109945e-01,-1.421055132060808246e+00,-3.669621702617922865e-01,-4.602362970513234064e-01,-5.183686688943279358e-02,-5.183686688943279358e-02,-7.051398600435393460e-01,-1.040941436780788015e-01,-2.030901712371240009e-02,-8.401389803667852485e-02,-3.271524934852403366e-01,1.926060419058570616e+00,-7.103890521813077674e-01,-5.752567881263277033e-02,-3.801429606348526863e-02,-1.147078669352808861e-01,-1.711160802546210780e-01,-7.340709118518067011e-02,-7.197411700355742237e-02,-1.244624194945742751e-01,-7.051263942166730025e-02,-2.872721242393142319e-02,-2.030901712371240009e-02,-2.019004323808653023e-01,-1.435916317235476011e-02,-1.435916317235476011e-02,-5.183686688943279358e-02,-3.801429606348527557e-02,-3.801429606348527557e-02,-1.558271304830920190e-01,-4.064318733121485144e-02,-8.148853797899899276e-02,-1.210011918676099085e-01,-5.569323991926412171e-02,-7.051263942166730025e-02,-4.979810447122927364e-02,-3.212131358814808435e-02,-2.030901712371240009e-02,-3.801429606348527557e-02,-6.749673070628271765e-02,-3.519076715388935045e-02,-1.435916317235476185e-02,-3.524455202264515918e-01,-3.753330286669139260e-01,3.439961240091715222e+00,-4.311306135592269523e-02,-3.519076715388935045e-02,-3.801429606348527557e-02,-1.435916317235476011e-02,-1.286658602907498339e-01,-4.767312946227962589e-02,5.913962991410492975e-01,-2.487592975524973576e-02,-4.967123990818995694e-01,-1.786283982422259831e-01,-4.979810447122926670e-02,5.840947806181536750e-01,-2.030901712371240009e-02,-4.892821642774447533e-01,-1.767766952966368654e-01
-4.769024916091401112e-01,-5.537123258831522232e-01,4.511560658017802483e-01,-1.284019034700219164e+00,-1.027520853693982383e+00,-9.051617615730208621e-01,-4.966680157416004104e-01,6.573034482162921632e-01,-6.493539992246850634e-01,5.575471080722594897e-01,-6.240547367306475968e-01,-3.064091508042205425e-01,1.938117167322333634e+00,-5.572034607352558400e-01,-6.324527931884567078e-01,-7.549048278533324607e-01,-8.087874538665257296e-01,-2.605825815301355264e-01,7.214914817654016765e-01,-2.384929742918500128e+00,-6.362483984730694930e-02,6.897882347921728829e-01,-1.039927797388649905e-01,-6.263480085305367373e-01,-2.739434719924614403e-01,3.945079573782606652e-01,-1.363252006354677692e-01,-1.520590181272440944e-01,1.197393118962197245e-01,8.800285873625066646e-01,-5.809668599935657873e-02,0.000000000000000000e+00,0.000000000000000000e+00,1.473574796521728292e-01,1.213393822839661657e-01,4.230452339520751615e-01,5.962552807127213805e-01,-3.286846440757232313e-01,4.344875262335887722e-01,2.220065363775658440e-01,-3.774647335768301359e-01,-4.668062001933125371e-01,-9.574075473606477593e-02,-2.472873054599261933e-01,9.137094037957288473e-01,-4.602362970513234064e-01,-5.183686688943279358e-02,-5.183686688943279358e-02,-7.051398600435393460e-01,-1.040941436780788015e-01,-2.030901712371240009e-02,-8.401389803667852485e-02,-3.271524934852403366e-01,1.926060419058570616e+00,-7.103890521813077674e-01,-5.752567881263277033e-02,-3.801429606348526863e-02,-1.147078669352808861e-01,-1.711160802546210780e-01,-7.340709118518067011e-02,-7.197411700355742237e-02,-1.244624194945742751e-01,-7.051263942166730025e-02,-2.872721242393142319e-02,-2.030901712371240009e-02,-2.019004323808653023e-01,-1.435916317235476011e-02,-1.435916317235476011e-02,-5.183686688943279358e-02,-3.801429606348527557e-02,-3.801429606348527557e-02,-1.558271304830920190e-01,-4.064318733121485144e-02,-8.148853797899899276e-02,-1.210011918676099085e-01,-5.569323991926412171e-02,-7.051263942166730025e-02,-4.979810447122927364e-02,-3.212131358814808435e-02,-2.030901712371240009e-02,-3.801429606348527557e-02,-6.749673070628271765e-02,-3.519076715388935045e-02,-1.435916317235476185e-02,-3.524455202264515918e-01,-3.753330286669139260e-01,3.439961240091715222e+00,-4.311306135592269523e-02,-3.519076715388935045e-02,-3.801429606348527557e-02,-1.435916317235476011e-02,-1.286658602907498339e-01,-4.767312946227962589e-02,5.913962991410492975e-01,-2.487592975524973576e-02,-4.967123990818995694e-01,-1.786283982422259831e-01,-4.979810447122926670e-02,-1.712050908829709783e+00,-2.030901712371240009e-02,2.043810449286999731e+00,-1.767766952966368654e-01
1.184845305475513477e+00,-5.537123258831522232e-01,-5.507016019503075954e-01,-2.878929612425566442e-01,-4.893615029393497129e-01,-4.030900697471309080e-01,-4.966680157416004104e-01,-4.963069089824175273e-01,-6.493539992246850634e-01,-6.302706439077716549e-01,-7.205507023970635361e-01,-1.784356374822102298e+00,3.911268609376581940e-01,4.202128522913227693e-01,-4.499461158286396367e-01,8.071898934976127205e-01,-8.087874538665257296e-01,-2.605825815301355264e-01,-5.032155163220748406e-01,1.793173846749233080e+00,-1.052143564629467676e+00,-1.317455189959784834e+00,2.109101806493844308e-03,1.880355252044654257e+00,-8.805736447596543282e-02,8.996572516218772630e-01,3.113400884372377608e-01,-5.941998554510771746e-02,5.962335525997429497e-02,1.267651348618153095e+00,-1.325541933798751071e+00,0.000000000000000000e+00,0.000000000000000000e+00,-1.012455068416011628e+00,-7.629130114959765674e-01,-1.366917635565168210e+00,-8.283286528849373997e-01,4.769918809896980250e-01,-7.298116194175201521e-01,-9.555068114986333683e-01,-3.774647335768301359e-01,-4.668062001933125371e-01,-9.574075473606477593e-02,-7.167944361002790421e-01,-3.669621702617922865e-01,-4.602362970513234064e-01,-5.183686688943279358e-02,-5.183686688943279358e-02,1.418158377741196352e+00,-1.040941436780788015e-01,-2.030901712371240009e-02,-8.401389803667852485e-02,-3.271524934852403366e-01,-5.191945123345532709e-01,-7.103890521813077674e-01,-5.752567881263277033e-02,-3.801429606348526863e-02,-1.147078669352808861e-01,-1.711160802546210780e-01,-7.340709118518067011e-02,-7.197411700355742237e-02,-1.244624194945742751e-01,-7.051263942166730025e-02,-2.872721242393142319e-02,-2.030901712371240009e-02,-2.019004323808653023e-01,-1.435916317235476011e-02,-1.435916317235476011e-02,-5.183686688943279358e-02,-3.801429606348527557e-02,-3.801429606348527557e-02,-1.558271304830920190e-01,-4.064318733121485144e-02,-8.148853797899899276e-02,-1.210011918676099085e-01,-5.569323991926412171e-02,-7.051263942166730025e-02,-4.979810447122927364e-02,-3.212131358814808435e-02,-2.030901712371240009e-02,-3.801429606348527557e-02,-6.749673070628271765e-02,-3.519076715388935045e-02,-1.435916317235476185e-02,2.837317947345407543e+00,-3.753330286669139260e-01,-2.907009498669055336e-01,-4.311306135592269523e-02,-3.519076715388935045e-02,-3.801429606348527557e-02,-1.435916317235476011e-02,-1.286658602907498339e-01,-4.767312946227962589e-02,5.913962991410492975e-01,-2.487592975524973576e-02,-4.967123990818995694e-01,-1.786283982422259831e-01,-4.979810447122926670e-02,5.840947806181536750e-01,-2.030901712371240009e-02,-4.892821642774447533e-01,-1.767766952966368654e-01
1.488048939962490547e+00,1.842414786390863091e+00,-5.507016019503075954e-01,1.704359185672768229e+00,1.376257579676710252e+00,7.086401050101969190e-01,5.905777172739697933e-01,-4.963069089824175273e-01,1.100007117161253767e+00,-6.302706439077716549e-01,-3.466288354397011884e-01,-5.527336881405341407e-01,-1.031482315285435325e+00,1.014481970611482708e+00,6.450939483302627897e-01,9.716209167977121197e-01,-1.317896501095057737e-01,2.531406657092908907e-01,2.734067313017433332e+00,1.124677272402395900e+00,-4.872757218968044035e-01,4.388828066981781961e-01,1.063127917260084487e+00,1.802020775151679022e+00,5.625440118317706073e-01,5.774176121584963933e-02,-8.078231342445260088e-01,1.098567921731596897e+00,-6.392246406363781830e-01,5.785442174970039098e-01,-4.805784352658213909e-01,0.000000000000000000e+00,0.000000000000000000e+00,-2.392467030372219805e-01,-1.734114156426813935e-01,-4.719362008065465242e-01,5.941758514742714881e-02,1.082245162831370483e-01,9.637144106204564853e-01,-1.662014820224352984e+00,-3.774647335768301359e-01,-4.668062001933125371e-01,3.184740958544813871e-01,-7.167944361002790421e-01,-3.669621702617922865e-01,-4.602362970513234064e-01,-5.183686688943279358e-02,-5.183686688943279358e-02,-7.051398600435393460e-01,-1.040941436780788015e-01,-2.030901712371240009e-02,-8.401389803667852485e-02,-3.271524934852403366e-01,1.926060419058570616e+00,-7.103890521813077674e-01,-5.752567881263277033e-02,-3.801429606348526863e-02,-1.147078669352808861e-01,-1.711160802546210780e-01,-7.340709118518067011e-02,-7.197411700355742237e-02,-1.244624194945742751e-01,-7.051263942166730025e-02,-2.872721242393142319e-02,-2.030901712371240009e-02,-2.019004323808653023e-01,-1.435916317235476011e-02,-1.435916317235476011e-02,-5.183686688943279358e-02,-3.801429606348527557e-02,-3.801429606348527557e-02,-1.558271304830920190e-01,-4.064318733121485144e-02,-8.148853797899899276e-02,-1.210011918676099085e-01,-5.569323991926412171e-02,-7.051263942166730025e-02,2.008108562802319952e+01,-3.212131358814808435e-02,-2.030901712371240009e-02,-3.801429606348527557e-02,-6.749673070628271765e-02,-3.519076715388935045e-02,-1.435916317235476185e-02,-3.524455202264515918e-01,-3.753330286669139260e-01,-2.907009498669055336e-01,-4.311306135592269523e-02,-3.519076715388935045e-02,-3.801429606348527557e-02,-1.435916317235476011e-02,-1.286658602907498339e-01,-4.767312946227962589e-02,5.913962991410492975e-01,-2.487592975524973576e-02,-4.967123990818995694e-01,-1.786283982422259831e-01,-4.979810447122926670e-02,-1.712050908829709783e+00,-2.030901712371240009e-02,2.043810449286999731e+00,-1.767766952966368654e-01
-7.506624561895802739e-01,2.800865631300469172e+00,4.511560658017802483e-01,7.082331122151057645e-01,-7.405025332915116110e-01,-2.596410149397337386e-01,2.765069183305110201e+00,1.810913805415002020e+00,2.266247861418546172e+00,-6.302706439077716549e-01,8.414777418280475763e-01,-3.064091508042205425e-01,-1.530405835192626407e-01,-7.526867233405715174e-01,-2.092506212066993498e+00,8.071898934976127205e-01,8.837070555260241322e-01,7.201617995633149416e-01,1.103724876072958327e+00,1.793173846749233080e+00,3.600260422021904771e-01,1.693409947168151630e+00,-1.081645831121102130e+00,-4.305118162980999252e-01,6.554870655900186804e-01,-1.106413368653558910e-01,1.990084922459883554e+00,-1.773242088314630704e+00,-1.202811734101178587e+00,-1.230362001696013063e+00,9.276940622890612609e-01,0.000000000000000000e+00,0.000000000000000000e+00,9.205658450309623930e-01,1.213393822839661657e-01,1.616353813630237335e+00,-1.002473563885386554e+00,-1.336182497880877319e-02,-1.364883880681761363e+00,-9.555068114986333683e-01,-3.774647335768301359e-01,-4.668062001933125371e-01,-3.028481800313378436e-01,-2.472873054599261933e-01,-3.669621702617922865e-01,-4.602362970513234064e-01,-5.183686688943279358e-02,-5.183686688943279358e-02,-7.051398600435393460e-01,-1.040941436780788015e-01,-2.030901712371240009e-02,-8.401389803667852485e-02,-3.271524934852403366e-01,-5.191945123345532709e-01,1.407679351095596942e+00,-5.752567881263277033e-02,-3.801429606348526863e-02,-1.147078669352808861e-01,-1.711160802546210780e-01,-7.340709118518067011e-02,-7.197411700355742237e-02,-1.244624194945742751e-01,-7.051263942166730025e-02,-2.872721242393142319e-02,-2.030901712371240009e-02,-2.019004323808653023e-01,-1.435916317235476011e-02,-1.435916317235476011e-02,-5.183686688943279358e-02,-3.801429606348527557e-02,-3.801429606348527557e-02,-1.558271304830920190e-01,-4.064318733121485144e-02,-8.148853797899899276e-02,-1.210011918676099085e-01,-5.569323991926412171e-02,-7.051263942166730025e-02,-4.979810447122927364e-02,-3.212131358814808435e-02,-2.030901712371240009e-02,-3.801429606348527557e-02,-6.749673070628271765e-02,-3.519076715388935045e-02,-1.435916317235476185e-02,-3.524455202264515918e-01,-3.753330286669139260e-01,-2.907009498669055336e-01,-4.311306135592269523e-02,-3.519076715388935045e-02,-3.801429606348527557e-02,-1.435916317235476011e-02,-1.286658602907498339e-01,-4.767312946227962589e-02,-1.690913523558418063e+00,-2.487592975524973576e-02,-4.967123990818995694e-01,-1.786283982422259831e-01,-4.979810447122926670e-02,-1.712050908829709783e+00,-2.030901712371240009e-02,2.043810449286999731e+00,-1.767766952966368654e-01
-1.164197145888130391e+00,-5.537123258831522232e-01,-5.507016019503075954e-01,-1.284019034700219164e+00,-1.099275433794600021e+00,-1.012748552678568670e+00,-4.966680157416004104e-01,6.573034482162921632e-01,-6.623362709603883292e-02,-6.302706439077716549e-01,-9.195736315840468134e-01,-6.008461346790693741e-02,-2.353031823252243360e+00,-2.340010815695734880e+00,-3.826319646985255396e+00,-4.454602852105570499e+00,-8.087874538665257296e-01,-1.801752323248414722e+00,-1.236479578871264806e+00,-2.384929742918500128e+00,1.630978688350682937e+00,4.388828066981781961e-01,-7.860763039590304979e-01,-1.394025882081688872e+00,-2.739434719924614403e-01,5.774176121584963933e-02,4.232564107054141989e-01,-1.310046925403953073e-02,1.723407739529344840e-01,-1.187292806000941336e+00,3.643850632671082335e-01,0.000000000000000000e+00,0.000000000000000000e+00,1.307170027720357286e+00,1.005591776063908815e+00,7.213723788716157603e-01,1.067624964623711481e+00,-1.391563044887568434e+00,-2.005847350306524668e-01,2.106027892979484673e+00,-3.774647335768301359e-01,-4.668062001933125371e-01,7.256572843246129167e+00,3.274016174342720298e+00,6.036395700025813049e+00,1.739375798511208382e+00,-5.183686688943279358e-02,-5.183686688943279358e-02,-7.051398600435393460e-01,-1.040941436780788015e-01,-2.030901712371240009e-02,-8.401389803667852485e-02,-3.271524934852403366e-01,1.926060419058570616e+00,-7.103890521813077674e-01,-5.752567881263277033e-02,-3.801429606348526863e-02,-1.147078669352808861e-01,5.843986132174123327e+00,-7.340709118518067011e-02,-7.197411700355742237e-02,-1.244624194945742751e-01,-7.051263942166730025e-02,-2.872721242393142319e-02,-2.030901712371240009e-02,-2.019004323808653023e-01,-1.435916317235476011e-02,-1.435916317235476011e-02,-5.183686688943279358e-02,-3.801429606348527557e-02,-3.801429606348527557e-02,-1.558271304830920190e-01,-4.064318733121485144e-02,-8.148853797899899276e-02,-1.210011918676099085e-01,-5.569323991926412171e-02,-7.051263942166730025e-02,-4.979810447122927364e-02,-3.212131358814808435e-02,-2.030901712371240009e-02,-3.801429606348527557e-02,-6.749673070628271765e-02,-3.519076715388935045e-02,-1.435916317235476185e-02,-3.524455202264515918e-01,-3.753330286669139260e-01,-2.907009498669055336e-01,-4.311306135592269523e-02,-3.519076715388935045e-02,-3.801429606348527557e-02,-1.435916317235476011e-02,-1.286658602907498339e-01,-4.767312946227962589e-02,5.913962991410492975e-01,-2.487592975524973576e-02,-4.967123990818995694e-01,-1.786283982422259831e-01,-4.979810447122926670e-02,5.840947806181536750e-01,-2.030901712371240009e-02,-4.892821642774447533e-01,-1.767766952966368654e-01
-6.494291641513751934e-01,8.839639414812570095e-01,9.520848996778241702e-01,7.082331122151057645e-01,-2.023431825368789405e-01,2.782929405880055218e-01,-4.966680157416004104e-01,-4.963069089824175273e-01,1.683127489289899970e+00,-3.636176791775609651e-02,8.414777418280475763e-01,4.325644612047202520e-01,-2.230049692351523671e-01,1.360766607226606036e-02,6.320577570903027943e-03,-1.496522300288474598e-02,-2.446226174023423960e-01,5.333533460217053657e-01,1.501559633413475980e+00,1.333582451885782394e+00,-6.362483984730694930e-02,1.879773786041834815e-01,-2.479881904075665333e-01,5.565025925533816364e-01,8.413731731065147157e-01,1.419333102564523941e-01,-8.078231342445260088e-01,-2.446980507093804713e-01,-7.563754717157776530e-02,1.909214562413573679e-01,-5.809668599935657873e-02,0.000000000000000000e+00,0.000000000000000000e+00,1.473574796521728292e-01,7.108409781372613256e-01,1.247180890325345903e-01,-9.854518808552673592e-01,-1.641416295612665888e+00,-1.153193126927014367e+00,-9.555068114986333683e-01,-3.774647335768301359e-01,3.858842084692569063e+00,-1.131277881212430225e+00,-1.186301566740631808e+00,-3.669621702617922865e-01,-4.602362970513234064e-01,-5.183686688943279358e-02,-5.183686688943279358e-02,-7.051398600435393460e-01,-1.040941436780788015e-01,-2.030901712371240009e-02,-8.401389803667852485e-02,-3.271524934852403366e-01,-5.191945123345532709e-01,1.407679351095596942e+00,-5.752567881263277033e-02,-3.801429606348526863e-02,-1.147078669352808861e-01,-1.711160802546210780e-01,-7.340709118518067011e-02,-7.197411700355742237e-02,-1.244624194945742751e-01,-7.051263942166730025e-02,-2.872721242393142319e-02,-2.030901712371240009e-02,-2.019004323808653023e-01,-1.435916317235476011e-02,-1.435916317235476011e-02,-5.183686688943279358e-02,-3.801429606348527557e-02,-3.801429606348527557e-02,-1.558271304830920190e-01,-4.064318733121485144e-02,-8.148853797899899276e-02,-1.210011918676099085e-01,-5.569323991926412171e-02,-7.051263942166730025e-02,-4.979810447122927364e-02,-3.212131358814808435e-02,-2.030901712371240009e-02,-3.801429606348527557e-02,-6.749673070628271765e-02,-3.519076715388935045e-02,-1.435916317235476185e-02,-3.524455202264515918e-01,-3.753330286669139260e-01,-2.907009498669055336e-01,-4.311306135592269523e-02,-3.519076715388935045e-02,-3.801429606348527557e-02,-1.435916317235476011e-02,-1.286658602907498339e-01,-4.767312946227962589e-02,-1.690913523558418063e+00,-2.487592975524973576e-02,2.013237442528823973e+00,-1.786283982422259831e-01,-4.979810447122926670e-02,-1.712050908829709783e+00,-2.030901712371240009e-02,2.043810449286999731e+00,-1.767766952966368654e-01
1.842567702809017605e-01,-5.537123258831522232e-01,-5.507016019503075954e-01,7.082331122151057645e-01,1.125116549324548298e+00,1.425885379047182600e+00,-4.966680157416004104e-01,-4.963069089824175273e-01,-6.493539992246850634e-01,-6.302706439077716549e-01,8.414777418280475763e-01,-6.008461346790693741e-02,7.176273276118111388e-01,1.092675275653608669e+00,-8.493276110900550846e-02,3.961123352473639447e-01,-6.959544865736890795e-01,-2.605825815301355264e-01,4.094642211061720327e-01,1.375363487782459870e+00,-6.362483984730694930e-02,6.897882347921728829e-01,5.174610978839523368e-01,2.381695904159692123e+00,2.837148505570266099e-01,1.068040349703082814e+00,-1.363252006354677692e-01,-1.773242088314630704e+00,-1.202811734101178587e+00,1.482997327093512396e+00,-5.809668599935657873e-02,0.000000000000000000e+00,0.000000000000000000e+00,1.473574796521728292e-01,1.213393822839661657e-01,1.247180890325345903e-01,1.759506458920885863e-01,-3.393735531976525555e-01,-3.064301119080259928e-01,-9.555068114986333683e-01,-3.774647335768301359e-01,-4.668062001933125371e-01,-7.170630306218840344e-01,-1.186301566740631808e+00,-3.669621702617922865e-01,-4.602362970513234064e-01,-5.183686688943279358e-02,-5.183686688943279358e-02,-7.051398600435393460e-01,-1.040941436780788015e-01,-2.030901712371240009e-02,-8.401389803667852485e-02,-3.271524934852403366e-01,-5.191945123345532709e-01,1.407679351095596942e+00,-5.752567881263277033e-02,-3.801429606348526863e-02,-1.147078669352808861e-01,-1.711160802546210780e-01,-7.340709118518067011e-02,-7.197411700355742237e-02,-1.244624194945742751e-01,-7.051263942166730025e-02,-2.872721242393142319e-02,-2.030901712371240009e-02,-2.019004323808653023e-01,-1.435916317235476011e-02,-1.435916317235476011e-02,-5.183686688943279358e-02,-3.801429606348527557e-02,-3.801429606348527557e-02,-1.558271304830920190e-01,-4.064318733121485144e-02,-8.148853797899899276e-02,-1.210011918676099085e-01,-5.569323991926412171e-02,-7.051263942166730025e-02,-4.979810447122927364e-02,-3.212131358814808435e-02,-2.030901712371240009e-02,-3.801429606348527557e-02,-6.749673070628271765e-02,-3.519076715388935045e-02,-1.435916317235476185e-02,-3.524455202264515918e-01,-3.753330286669139260e-01,-2.907009498669055336e-01,-4.311306135592269523e-02,-3.519076715388935045e-02,-3.801429606348527557e-02,-1.435916317235476011e-02,-1.286658602907498339e-01,-4.767312946227962589e-02,5.913962991410492975e-01,-2.487592975524973576e-02,-4.967123990818995694e-01,-1.786283982422259831e-01,-4.979810447122926670e-02,-1.712050908829709783e+00,-2.030901712371240009e-02,2.043810449286999731e+00,-1.767766952966368654e-01
-1.495024897646970441e+00,-7.448690342834912714e-02,-5.507016019503075954e-01,7.082331122151057645e-01,-3.458523427381143267e-01,-3.672278060452816018e-01,-4.966680157416004104e-01,-4.963069089824175273e-01,-6.493539992246850634e-01,-3.636176791775609651e-02,8.414777418280475763e-01,-6.008461346790693741e-02,-6.039221803549972289e-01,-1.503342451744983599e+00,-1.544986179987542174e+00,2.316813119472644900e-01,6.580411209403509432e-01,-2.707201460312350788e-02,-3.628032490254213815e-01,-1.173279701914857309e+00,9.248938849348538049e-01,-6.292804948981121915e-02,-1.248377359263809439e+00,-1.550694835867638233e+00,-2.739434719924614403e-01,8.996572516218772630e-01,6.470890552417668529e-01,1.839680182388687912e+00,1.787957108552028940e+00,3.201290433265728819e-01,9.276940622890612609e-01,0.000000000000000000e+00,0.000000000000000000e+00,9.205658450309623930e-01,1.005591776063908815e+00,1.019699523791156359e+00,-1.198877598848298920e+00,1.348806031247056891e+00,-8.356569962948936503e-01,-7.200041419233935702e-01,-3.774647335768301359e-01,-4.668062001933125371e-01,-8.206167432695206099e-01,-2.472873054599261933e-01,-3.669621702617922865e-01,1.739375798511208382e+00,-5.183686688943279358e-02,-5.183686688943279358e-02,-7.051398600435393460e-01,-1.040941436780788015e-01,-2.030901712371240009e-02,-8.401389803667852485e-02,-3.271524934852403366e-01,-5.191945123345532709e-01,1.407679351095596942e+00,-5.752567881263277033e-02,-3.801429606348526863e-02,-1.147078669352808861e-01,-1.711160802546210780e-01,-7.340709118518067011e-02,-7.197411700355742237e-02,-1.244624194945742751e-01,-7.051263942166730025e-02,-2.872721242393142319e-02,-2.030901712371240009e-02,-2.019004323808653023e-01,-1.435916317235476011e-02,-1.435916317235476011e-02,-5.183686688943279358e-02,-3.801429606348527557e-02,-3.801429606348527557e-02,-1.558271304830920190e-01,-4.064318733121485144e-02,-8.148853797899899276e-02,-1.210011918676099085e-01,-5.569323991926412171e-02,-7.051263942166730025e-02,-4.979810447122927364e-02,-3.212131358814808435e-02,-2.030901712371240009e-02,-3.801429606348527557e-02,-6.749673070628271765e-02,-3.519076715388935045e-02,-1.435916317235476185e-02,-3.524455202264515918e-01,-3.753330286669139260e-01,-2.907009498669055336e-01,-4.311306135592269523e-02,-3.519076715388935045e-02,-3.801429606348527557e-02,-1.435916317235476011e-02,-1.286658602907498339e-01,-4.767312946227962589e-02,5.913962991410492975e-01,-2.487592975524973576e-02,-4.967123990818995694e-01,-1.786283982422259831e-01,-4.979810447122926670e-02,5.840947806181536750e-01,-2.030901712371240009e-02,-4.892821642774447533e-01,-1.767766952966368654e-01
-6.671284488704731785e-01,-5.537123258831522232e-01,-5.507016019503075954e-01,-1.284019034700219164e+00,-7.405025332915116110e-01,-9.051617615730208621e-01,-4.966680157416004104e-01,-4.963069089824175273e-01,-6.493539992246850634e-01,-6.302706439077716549e-01,-1.456332440603486766e+00,-3.064091508042205425e-01,1.098544538731655917e+00,8.033600469977414393e-01,2.800805936106286476e-01,2.316813119472644900e-01,-8.087874538665257296e-01,7.668639129487173633e-01,-5.890230130033630163e-01,4.561806980555584978e-01,-6.362483984730694930e-02,1.879773786041834815e-01,4.033980600530138183e+00,1.245845989211558535e+00,3.766579043152746276e-01,-1.373514572474397344e+00,-8.078231342445260088e-01,-1.773242088314630704e+00,-1.202811734101178587e+00,-2.436299481158024527e+00,-5.809668599935657873e-02,0.000000000000000000e+00,0.000000000000000000e+00,1.473574796521728292e-01,-1.734114156426813935e-01,1.247180890325345903e-01,-9.062355867535594189e-01,2.859276304352117437e-01,-6.239662425401465429e-01,-7.200041419233935702e-01,-3.774647335768301359e-01,-4.668062001933125371e-01,-5.099556053266109945e-01,-9.515480014204554804e-01,-3.669621702617922865e-01,-4.602362970513234064e-01,-5.183686688943279358e-02,-5.183686688943279358e-02,1.418158377741196352e+00,-1.040941436780788015e-01,-2.030901712371240009e-02,-8.401389803667852485e-02,-3.271524934852403366e-01,-5.191945123345532709e-01,-7.103890521813077674e-01,-5.752567881263277033e-02,-3.801429606348526863e-02,-1.147078669352808861e-01,-1.711160802546210780e-01,-7.340709118518067011e-02,-7.197411700355742237e-02,-1.244624194945742751e-01,-7.051263942166730025e-02,-2.872721242393142319e-02,-2.030901712371240009e-02,-2.019004323808653023e-01,-1.435916317235476011e-02,-1.435916317235476011e-02,-5.183686688943279358e-02,-3.801429606348527557e-02,-3.801429606348527557e-02,-1.558271304830920190e-01,-4.064318733121485144e-02,-8.148853797899899276e-02,8.264381404557756383e+00,-5.569323991926412171e-02,-7.051263942166730025e-02,-4.979810447122927364e-02,-3.212131358814808435e-02,-2.030901712371240009e-02,-3.801429606348527557e-02,-6.749673070628271765e-02,-3.519076715388935045e-02,-1.435916317235476185e-02,-3.524455202264515918e-01,-3.753330286669139260e-01,-2.907009498669055336e-01,-4.311306135592269523e-02,-3.519076715388935045e-02,-3.801429606348527557e-02,-1.435916317235476011e-02,-1.286658602907498339e-01,-4.767312946227962589e-02,5.913962991410492975e-01,-2.487592975524973576e-02,-4.967123990818995694e-01,-1.786283982422259831e-01,-4.979810447122926670e-02,5.840947806181536750e-01,-2.030901712371240009e-02,-4.892821642774447533e-01,-1.767766952966368654e-01
5.192566957736572536e-02,-5.537123258831522232e-01,-5.507016019503075954e-01,7.082331122151057645e-01,1.483889449827636708e+00,6.010533139046491113e-01,-4.966680157416004104e-01,-4.963069089824175273e-01,-6.493539992246850634e-01,-6.302706439077716549e-01,8.414777418280475763e-01,6.788889985410339056e-01,8.964252022190848379e-01,7.955407164935289765e-01,6.320577570903027943e-03,4.783278468974136999e-01,-6.959544865736890795e-01,3.465448924800957342e-01,-8.776482291131505464e-01,9.575531288156864385e-01,-4.872757218968044035e-01,-6.292804948981121915e-02,1.461045124751957358e-01,-7.800667027971361356e-02,2.837148505570266099e-01,-2.644978782475312235e-02,5.351727329735904704e-01,7.280117914030515003e-01,-6.542536297954395508e-01,6.171386915614185398e-02,-5.809668599935657873e-02,0.000000000000000000e+00,0.000000000000000000e+00,-2.392467030372219805e-01,1.213393822839661657e-01,-1.736090558870059808e-01,1.098279541212413557e-01,-1.336120526005134257e-01,2.227967724788416926e-01,-1.349613319767399566e-02,-3.774647335768301359e-01,-4.668062001933125371e-01,4.220278085021179071e-01,2.222198251804266556e-01,-3.669621702617922865e-01,-4.602362970513234064e-01,-5.183686688943279358e-02,-5.183686688943279358e-02,-7.051398600435393460e-01,-1.040941436780788015e-01,-2.030901712371240009e-02,-8.401389803667852485e-02,-3.271524934852403366e-01,-5.191945123345532709e-01,1.407679351095596942e+00,-5.752567881263277033e-02,-3.801429606348526863e-02,-1.147078669352808861e-01,-1.711160802546210780e-01,-7.340709118518067011e-02,-7.197411700355742237e-02,-1.244624194945742751e-01,-7.051263942166730025e-02,-2.872721242393142319e-02,-2.030901712371240009e-02,-2.019004323808653023e-01,-1.435916317235476011e-02,-1.435916317235476011e-02,-5.183686688943279358e-02,-3.801429606348527557e-02,-3.801429606348527557e-02,-1.558271304830920190e-01,-4.064318733121485144e-02,-8.148853797899899276e-02,-1.210011918676099085e-01,-5.569323991926412171e-02,-7.051263942166730025e-02,-4.979810447122927364e-02,-3.212131358814808435e-02,-2.030901712371240009e-02,-3.801429606348527557e-02,-6.749673070628271765e-02,-3.519076715388935045e-02,-1.435916317235476185e-02,-3.524455202264515918e-01,-3.753330286669139260e-01,-2.907009498669055336e-01,-4.311306135592269523e-02,-3.519076715388935045e-02,-3.801429606348527557e-02,-1.435916317235476011e-02,-1.286658602907498339e-01,-4.767312946227962589e-02,5.913962991410492975e-01,-2.487592975524973576e-02,-4.967123990818995694e-01,-1.786283982422259831e-01,-4.979810447122926670e-02,5.840947806181536750e-01,-2.030901712371240009e-02,-4.892821642774447533e-01,-1.767766952966368654e-01
1.239762712267481026e+00,-5.537123258831522232e-01,5.460444404562219134e+00,7.082331122151057645e-01,-7.763798233418204298e-01,-3.672278060452816018e-01,5.905777172739697933e-01,6.573034482162921632e-01,-6.493539992246850634e-01,1.745364860052290412e+00,8.414777418280475763e-01,-1.045382762813161337e+00,2.667457307760764951e-01,7.251667419556153682e-01,2.800805936106286476e-01,-1.793962463029842302e-01,1.673537826575880905e+00,-2.138804681447331324e-01,9.743696044694237501e-02,-1.131498666018180055e+00,-1.052143564629467676e+00,-2.321076902335763581e+00,-8.163911272577045741e-01,-1.315691405188714080e+00,5.625440118317706073e-01,-6.999821801495752505e-01,6.470890552417668529e-01,4.500946936566423418e-01,1.344601928359719478e+00,-7.996700447452947946e-01,-1.043887434287774418e+00,0.000000000000000000e+00,0.000000000000000000e+00,-1.399059251105406521e+00,-4.681622135693289666e-01,-1.963571925404249408e+00,-1.036516929945624721e+00,-1.556573079457352016e+00,-3.064301119080259928e-01,-2.489988027729138353e-01,-3.774647335768301359e-01,-4.668062001933125371e-01,-7.170630306218840344e-01,-7.167944361002790421e-01,-3.669621702617922865e-01,-4.602362970513234064e-01,-5.183686688943279358e-02,-5.183686688943279358e-02,-7.051398600435393460e-01,-1.040941436780788015e-01,-2.030901712371240009e-02,-8.401389803667852485e-02,-3.271524934852403366e-01,-5.191945123345532709e-01,1.407679351095596942e+00,-5.752567881263277033e-02,-3.801429606348526863e-02,-1.147078669352808861e-01,-1.711160802546210780e-01,-7.340709118518067011e-02,-7.197411700355742237e-02,-1.244624194945742751e-01,-7.051263942166730025e-02,-2.872721242393142319e-02,-2.030901712371240009e-02,-2.019004323808653023e-01,-1.435916317235476011e-02,-1.435916317235476011e-02,-5.183686688943279358e-02,-3.801429606348527557e-02,-3.801429606348527557e-02,-1.558271304830920190e-01,-4.064318733121485144e-02,-8.148853797899899276e-02,-1.210011918676099085e-01,-5.569323991926412171e-02,-7.051263942166730025e-02,-4.979810447122927364e-02,-3.212131358814808435e-02,-2.030901712371240009e-02,-3.801429606348527557e-02,-6.749673070628271765e-02,-3.519076715388935045e-02,-1.435916317235476185e-02,-3.524455202264515918e-01,-3.753330286669139260e-01,-2.907009498669055336e-01,-4.311306135592269523e-02,-3.519076715388935045e-02,-3.801429606348527557e-02,-1.435916317235476011e-02,-1.286658602907498339e-01,-4.767312946227962589e-02,5.913962991410492975e-01,-2.487592975524973576e-02,-4.967123990818995694e-01,-1.786283982422259831e-01,-4.979810447122926670e-02,5.840947806181536750e-01,-2.030901712371240009e-02,-4.892821642774447533e-01,-1.767766952966368654e-01
7.455060511397739731e-01,-5.537123258831522232e-01,-5.507016019503075954e-01,7.082331122151057645e-01,-2.740977626374966336e-01,-4.748145971508294649e-01,-4.966680157416004104e-01,-4.963069089824175273e-01,-6.493539992246850634e-01,-6.302706439077716549e-01,8.414777418280475763e-01,-3.064091508042205425e-01,4.766388879237460352e-01,7.642633944766786813e-01,-6.324527931884567078e-01,1.494658002972147348e-01,-8.087874538665257296e-01,2.868459015291825676e+00,-7.996414139483429828e-01,9.575531288156864385e-01,-1.052143564629467676e+00,-3.138334775838059199e-01,1.233683950011900399e-01,8.933408431931729732e-01,1.907717967987786201e-01,9.838488006624800386e-01,-4.720741674399969168e-01,-1.057395018361759059e-01,1.873697631119958518e-01,2.770598476315010439e-01,-7.622329347767978769e-01,0.000000000000000000e+00,0.000000000000000000e+00,-6.258508857266168457e-01,-1.941916203202566749e+00,-7.702633457260871230e-01,-6.581118225837465641e-01,-3.099790531123469695e-01,-1.153193126927014367e+00,-4.845014723481537167e-01,-3.774647335768301359e-01,-4.668062001933125371e-01,-6.135093179742474589e-01,2.222198251804266556e-01,9.137094037957288473e-01,1.739375798511208382e+00,-5.183686688943279358e-02,-5.183686688943279358e-02,-7.051398600435393460e-01,-1.040941436780788015e-01,-2.030901712371240009e-02,-8.401389803667852485e-02,3.056678521220304923e+00,-5.191945123345532709e-01,-7.103890521813077674e-01,-5.752567881263277033e-02,-3.801429606348526863e-02,-1.147078669352808861e-01,-1.711160802546210780e-01,-7.340709118518067011e-02,-7.197411700355742237e-02,-1.244624194945742751e-01,-7.051263942166730025e-02,-2.872721242393142319e-02,-2.030901712371240009e-02,-2.019004323808653023e-01,-1.435916317235476011e-02,-1.435916317235476011e-02,-5.183686688943279358e-02,-3.801429606348527557e-02,-3.801429606348527557e-02,-1.558271304830920190e-01,-4.064318733121485144e-02,-8.148853797899899276e-02,-1.210011918676099085e-01,-5.569323991926412171e-02,-7.051263942166730025e-02,-4.979810447122927364e-02,-3.212131358814808435e-02,-2.030901712371240009e-02,-3.801429606348527557e-02,-6.749673070628271765e-02,-3.519076715388935045e-02,-1.435916317235476185e-02,-3.524455202264515918e-01,-3.753330286669139260e-01,-2.907009498669055336e-01,-4.311306135592269523e-02,-3.519076715388935045e-02,-3.801429606348527557e-02,-1.435916317235476011e-02,-1.286658602907498339e-01,-4.767312946227962589e-02,-1.690913523558418063e+00,-2.487592975524973576e-02,2.013237442528823973e+00,-1.786283982422259831e-01,-4.979810447122926670e-02,5.840947806181536750e-01,-2.030901712371240009e-02,-4.892821642774447533e-01,-1.767766952966368654e-01
-6.133689392096616233e-01,-5.537123258831522232e-01,-5.507016019503075954e-01,-1.284019034700219164e+00,-8.481344034424381784e-01,-1.120335343784116588e+00,-4.966680157416004104e-01,-4.963069089824175273e-01,-6.493539992246850634e-01,-6.302706439077716549e-01,-1.570921399832355903e+00,1.417862610549974756e+00,-2.541002517755479029e-01,-4.242748421636408640e-01,5.538406096503543097e-01,6.725028864716499355e-02,-8.087874538665257296e-01,-2.605825815301355264e-01,-5.032155163220748406e-01,-8.390314147414387191e-01,3.600260422021904771e-01,1.879773786041834815e-01,5.516004257917359738e-02,-5.793473223947518402e-01,3.766579043152746276e-01,3.103164083376579452e-01,-2.440887836729143182e-02,-1.449005474277153427e+00,-9.322899292380745218e-01,-1.536321093192173082e-01,3.643850632671082335e-01,0.000000000000000000e+00,0.000000000000000000e+00,5.339616623415676111e-01,1.213393822839661657e-01,-4.719362008065465242e-01,-2.973830783685305623e-01,9.072204731473525463e-01,-1.259038503804387865e+00,-7.200041419233935702e-01,-3.774647335768301359e-01,-4.668062001933125371e-01,-8.206167432695206099e-01,-2.472873054599261933e-01,-3.669621702617922865e-01,-4.602362970513234064e-01,-5.183686688943279358e-02,-5.183686688943279358e-02,1.418158377741196352e+00,-1.040941436780788015e-01,-2.030901712371240009e-02,-8.401389803667852485e-02,-3.271524934852403366e-01,-5.191945123345532709e-01,-7.103890521813077674e-01,-5.752567881263277033e-02,-3.801429606348526863e-02,-1.147078669352808861e-01,-1.711160802546210780e-01,-7.340709118518067011e-02,-7.197411700355742237e-02,-1.244624194945742751e-01,-7.051263942166730025e-02,-2.872721242393142319e-02,-2.030901712371240009e-02,-2.019004323808653023e-01,-1.435916317235476011e-02,-1.435916317235476011e-02,-5.183686688943279358e-02,-3.801429606348527557e-02,-3.801429606348527557e-02,6.417367738851512016e+00,-4.064318733121485144e-02,-8.148853797899899276e-02,-1.210011918676099085e-01,-5.569323991926412171e-02,-7.051263942166730025e-02,-4.979810447122927364e-02,-3.212131358814808435e-02,-2.030901712371240009e-02,-3.801429606348527557e-02,-6.749673070628271765e-02,-3.519076715388935045e-02,-1.435916317235476185e-02,-3.524455202264515918e-01,-3.753330286669139260e-01,-2.907009498669055336e-01,-4.311306135592269523e-02,-3.519076715388935045e-02,-3.801429606348527557e-02,-1.435916317235476011e-02,-1.286658602907498339e-01,-4.767312946227962589e-02,-1.690913523558418063e+00,-2.487592975524973576e-02,-4.967123990818995694e-01,5.598214000911362120e+00,-4.979810447122926670e-02,5.840947806181536750e-01,-2.030901712371240009e-02,-4.892821642774447533e-01,-1.767766952966368654e-01
-1.577731835586680509e+00,-5.537123258831522232e-01,4.511560658017802483e-01,-1.284019034700219164e+00,-9.198889835430558160e-01,9.898162207875908780e-02,-4.966680157416004104e-01,6.573034482162921632e-01,-6.493539992246850634e-01,-3.636176791775609651e-02,2.747273063739766208e+00,4.325644612047202520e-01,-1.530405835192626407e-01,-1.096737265525927096e+00,3.713339322905371831e-01,-3.438272696030836850e-01,-1.317896501095057737e-01,1.000374479875729250e+00,-4.408100641902288896e-01,-1.705348403946014557e-01,3.600260422021904771e-01,6.897882347921728829e-01,-1.134696771893781708e+00,-9.367356565830856074e-02,1.399031495656002821e+00,3.945079573782606652e-01,-2.482415229036441240e-01,3.574556610745059926e-01,8.862177590083482048e-01,6.171386915614185398e-02,9.276940622890612609e-01,0.000000000000000000e+00,0.000000000000000000e+00,1.307170027720357286e+00,4.160901802106137248e-01,7.213723788716157603e-01,-2.211667739140384725e+00,1.106969462363406320e+00,8.578690337430828761e-01,1.635022553829005076e+00,-3.774647335768301359e-01,1.696017942249628430e+00,1.113666705592083056e-01,9.264805211409559149e-01,-3.669621702617922865e-01,-4.602362970513234064e-01,-5.183686688943279358e-02,-5.183686688943279358e-02,1.418158377741196352e+00,-1.040941436780788015e-01,-2.030901712371240009e-02,-8.401389803667852485e-02,-3.271524934852403366e-01,-5.191945123345532709e-01,-7.103890521813077674e-01,-5.752567881263277033e-02,-3.801429606348526863e-02,-1.147078669352808861e-01,-1.711160802546210780e-01,-7.340709118518067011e-02,-7.197411700355742237e-02,-1.244624194945742751e-01,-7.051263942166730025e-02,-2.872721242393142319e-02,-2.030901712371240009e-02,-2.019004323808653023e-01,-1.435916317235476011e-02,-1.435916317235476011e-02,-5.183686688943279358e-02,-3.801429606348527557e-02,-3.801429606348527557e-02,-1.558271304830920190e-01,-4.064318733121485144e-02,-8.148853797899899276e-02,-1.210011918676099085e-01,-5.569323991926412171e-02,-7.051263942166730025e-02,-4.979810447122927364e-02,-3.212131358814808435e-02,-2.030901712371240009e-02,-3.801429606348527557e-02,-6.749673070628271765e-02,-3.519076715388935045e-02,-1.435916317235476185e-02,-3.524455202264515918e-01,2.664300564093018409e+00,-2.907009498669055336e-01,-4.311306135592269523e-02,-3.519076715388935045e-02,-3.801429606348527557e-02,-1.435916317235476011e-02,-1.286658602907498339e-01,-4.767312946227962589e-02,-1.690913523558418063e+00,-2.487592975524973576e-02,2.013237442528823973e+00,-1.786283982422259831e-01,-4.979810447122926670e-02,5.840947806181536750e-01,-2.030901712371240009e-02,-4.892821642774447533e-01,-1.767766952966368654e-01
-8.955650114599522649e-01,-5.537123258831522232e-01,-5.507016019503075954e-01,-2.878929612425566442e-01,-4.534842128890408386e-01,2.782929405880055218e-01,-4.966680157416004104e-01,6.573034482162921632e-01,-6.493539992246850634e-01,-6.302706439077716549e-01,-1.450301442749335479e+00,-1.291707300149474991e+00,4.066745022078559479e-01,-4.164555116594284012e-01,-8.149594705482737789e-01,3.961123352473639447e-01,2.067092517690042597e-01,2.064385523238884967e-01,-1.053807589815569518e-01,5.397427698489131176e-01,-7.697096432631360674e-01,-3.138334775838059199e-01,-3.237752486542516683e-01,9.873422154647427673e-01,4.885689282282582209e-03,1.573189643946699467e+00,9.828380220462961114e-01,2.858709540792188086e+00,-1.029978358771973079e+00,-2.442452223400181505e-02,-7.622329347767978769e-01,0.000000000000000000e+00,0.000000000000000000e+00,-6.258508857266168457e-01,-7.629130114959765674e-01,-7.702633457260871230e-01,1.988644499710950364e-01,-3.727763942036815825e-01,-3.064301119080259928e-01,2.220065363775658440e-01,-3.774647335768301359e-01,-4.668062001933125371e-01,3.184740958544813871e-01,-1.253374013974976713e-02,-3.669621702617922865e-01,-4.602362970513234064e-01,-5.183686688943279358e-02,-5.183686688943279358e-02,-7.051398600435393460e-01,-1.040941436780788015e-01,-2.030901712371240009e-02,-8.401389803667852485e-02,-3.271524934852403366e-01,1.926060419058570616e+00,-7.103890521813077674e-01,-5.752567881263277033e-02,-3.801429606348526863e-02,-1.147078669352808861e-01,-1.711160802546210780e-01,-7.340709118518067011e-02,-7.197411700355742237e-02,-1.244624194945742751e-01,-7.051263942166730025e-02,-2.872721242393142319e-02,-2.030901712371240009e-02,4.952936396459016066e+00,-1.435916317235476011e-02,-1.435916317235476011e-02,-5.183686688943279358e-02,-3.801429606348527557e-02,-3.801429606348527557e-02,-1.558271304830920190e-01,-4.064318733121485144e-02,-8.148853797899899276e-02,-1.210011918676099085e-01,-5.569323991926412171e-02,-7.051263942166730025e-02,-4.979810447122927364e-02,-3.212131358814808435e-02,-2.030901712371240009e-02,-3.801429606348527557e-02,-6.749673070628271765e-02,-3.519076715388935045e-02,-1.435916317235476185e-02,-3.524455202264515918e-01,-3.753330286669139260e-01,-2.907009498669055336e-01,-4.311306135592269523e-02,-3.519076715388935045e-02,-3.801429606348527557e-02,-1.435916317235476011e-02,-1.286658602907498339e-01,-4.767312946227962589e-02,5.913962991410492975e-01,-2.487592975524973576e-02,-4.967123990818995694e-01,-1.786283982422259831e-01,-4.979810447122926670e-02,-1.712050908829709783e+00,-2.030901712371240009e-02,2.043810449286999731e+00,-1.767766952966368654e-01
9.013627490551175125e-02,-5.537123258831522232e-01,-4.977276807426366662e-02,7.082331122151057645e-01,2.281842980668271903e-01,1.031400478326840453e+00,-4.966680157416004104e-01,-4.963069089824175273e-01,-6.493539992246850634e-01,2.339273736042306151e+00,8.414777418280475763e-01,-5.527336881405341407e-01,2.738820692737517604e+00,1.194326572208372905e+00,-4.499461158286396367e-01,3.961123352473639447e-01,-5.831215192808524295e-01,-9.611142823111715749e-01,-1.096067311574611347e+00,1.219324108821398522e-01,-1.052143564629467676e+00,-5.647389056778006067e-01,-4.374558360242791766e-01,8.161254302558479737e-03,1.907717967987786201e-01,4.786995064188634408e-01,-1.363252006354677692e-01,7.953856332809684793e-02,1.224370015087228536e+00,4.062674347167165023e-01,-7.622329347767978769e-01,0.000000000000000000e+00,0.000000000000000000e+00,-6.258508857266168457e-01,-1.352414607349271769e+00,-1.366917635565168210e+00,-3.333904847783978886e-01,1.494442418033343545e+00,1.110601872409461635e-02,1.635022553829005076e+00,-3.774647335768301359e-01,-4.668062001933125371e-01,8.362426590926641534e-01,4.569733905006030938e-01,-3.669621702617922865e-01,-4.602362970513234064e-01,-5.183686688943279358e-02,-5.183686688943279358e-02,-7.051398600435393460e-01,-1.040941436780788015e-01,-2.030901712371240009e-02,-8.401389803667852485e-02,-3.271524934852403366e-01,-5.191945123345532709e-01,1.407679351095596942e+00,-5.752567881263277033e-02,-3.801429606348526863e-02,-1.147078669352808861e-01,-1.711160802546210780e-01,-7.340709118518067011e-02,-7.197411700355742237e-02,-1.244624194945742751e-01,-7.051263942166730025e-02,-2.872721242393142319e-02,-2.030901712371240009e-02,-2.019004323808653023e-01,-1.435916317235476011e-02,-1.435916317235476011e-02,-5.183686688943279358e-02,-3.801429606348527557e-02,-3.801429606348527557e-02,-1.558271304830920190e-01,-4.064318733121485144e-02,-8.148853797899899276e-02,-1.210011918676099085e-01,-5.569323991926412171e-02,-7.051263942166730025e-02,-4.979810447122927364e-02,-3.212131358814808435e-02,-2.030901712371240009e-02,-3.801429606348527557e-02,-6.749673070628271765e-02,-3.519076715388935045e-02,-1.435916317235476185e-02,-3.524455202264515918e-01,-3.753330286669139260e-01,-2.907009498669055336e-01,-4.311306135592269523e-02,-3.519076715388935045e-02,-3.801429606348527557e-02,-1.435916317235476011e-02,-1.286658602907498339e-01,-4.767312946227962589e-02,5.913962991410492975e-01,-2.487592975524973576e-02,-4.967123990818995694e-01,-1.786283982422259831e-01,-4.979810447122926670e-02,5.840947806181536750e-01,-2.030901712371240009e-02,-4.892821642774447533e-01,-1.767766952966368654e-01
1.627529664165771606e-01,-5.537123258831522232e-01,-5.507016019503075954e-01,-2.878929612425566442e-01,5.510799085196067537e-01,-1.520542238341859032e-01,-4.966680157416004104e-01,-4.963069089824175273e-01,-6.493539992246850634e-01,-6.302706439077716549e-01,-1.335712483520466565e+00,1.171538073213661102e+00,1.798347045291234791e-02,1.465362846438810485e-01,6.450939483302627897e-01,-8.371203395033821604e-01,6.580411209403509432e-01,5.800554594071076764e-01,6.434846666005945570e-01,1.219324108821398522e-01,9.248938849348538049e-01,4.388828066981781961e-01,-9.641407391419663797e-02,-3.100598414392873731e-02,7.484301193482666426e-01,2.261248592970551696e-01,8.750744390088503744e-02,-1.983785344183122967e-01,-1.132100200692311570e-01,1.047830648512136920e-01,3.643850632671082335e-01,0.000000000000000000e+00,0.000000000000000000e+00,9.205658450309623930e-01,7.108409781372613256e-01,4.230452339520751615e-01,1.314439368560438082e+00,1.264630871911863519e+00,6.461782799883358797e-01,1.635022553829005076e+00,-3.774647335768301359e-01,1.696017942249628430e+00,3.184740958544813871e-01,1.395987651781308791e+00,-3.669621702617922865e-01,-4.602362970513234064e-01,-5.183686688943279358e-02,-5.183686688943279358e-02,1.418158377741196352e+00,-1.040941436780788015e-01,-2.030901712371240009e-02,-8.401389803667852485e-02,-3.271524934852403366e-01,-5.191945123345532709e-01,-7.103890521813077674e-01,-5.752567881263277033e-02,-3.801429606348526863e-02,-1.147078669352808861e-01,-1.711160802546210780e-01,-7.340709118518067011e-02,-7.197411700355742237e-02,-1.244624194945742751e-01,-7.051263942166730025e-02,-2.872721242393142319e-02,-2.030901712371240009e-02,-2.019004323808653023e-01,-1.435916317235476011e-02,-1.435916317235476011e-02,-5.183686688943279358e-02,-3.801429606348527557e-02,-3.801429606348527557e-02,-1.558271304830920190e-01,-4.064318733121485144e-02,-8.148853797899899276e-02,8.264381404557756383e+00,-5.569323991926412171e-02,-7.051263942166730025e-02,-4.979810447122927364e-02,-3.212131358814808435e-02,-2.030901712371240009e-02,-3.801429606348527557e-02,-6.749673070628271765e-02,-3.519076715388935045e-02,-1.435916317235476185e-02,-3.524455202264515918e-01,-3.753330286669139260e-01,-2.907009498669055336e-01,-4.311306135592269523e-02,-3.519076715388935045e-02,-3.801429606348527557e-02,-1.435916317235476011e-02,-1.286658602907498339e-01,-4.767312946227962589e-02,5.913962991410492975e-01,-2.487592975524973576e-02,-4.967123990818995694e-01,-1.786283982422259831e-01,-4.979810447122926670e-02,5.840947806181536750e-01,-2.030901712371240009e-02,-4.892821642774447533e-01,-1.767766952966368654e-01
5.870763848842194821e-02,4.047385190264539689e-01,9.520848996778241702e-01,-2.878929612425566442e-01,-6.687479531908938624e-01,-1.520542238341859032e-01,-4.966680157416004104e-01,-4.963069089824175273e-01,5.168867450326074531e-01,-3.636176791775609651e-02,8.414777418280475763e-01,1.862399238684066816e-01,-2.385526105053501489e-01,-6.119387742647440787e-01,7.363472870101713808e-01,-6.726893162032826501e-01,-3.574555846951790183e-01,5.333533460217053657e-01,9.711132902927857025e-01,-3.410696807892142027e-03,3.600260422021904771e-01,1.191599090980162368e+00,3.128360406179026554e-01,3.058322664958623149e-01,4.885689282282582209e-03,1.419333102564523941e-01,-8.078231342445260088e-01,-1.520590181272440944e-01,-4.363332869890499954e-01,1.478522605462855299e-01,9.276940622890612609e-01,0.000000000000000000e+00,0.000000000000000000e+00,5.339616623415676111e-01,7.108409781372613256e-01,1.019699523791156359e+00,1.019833316116069311e+00,-6.693936223372197736e-01,1.110601872409461635e-02,2.220065363775658440e-01,-3.774647335768301359e-01,1.696017942249628430e+00,-7.170630306218840344e-01,-2.472873054599261933e-01,-3.669621702617922865e-01,-4.602362970513234064e-01,-5.183686688943279358e-02,-5.183686688943279358e-02,1.418158377741196352e+00,-1.040941436780788015e-01,-2.030901712371240009e-02,-8.401389803667852485e-02,-3.271524934852403366e-01,-5.191945123345532709e-01,-7.103890521813077674e-01,-5.752567881263277033e-02,-3.801429606348526863e-02,-1.147078669352808861e-01,-1.711160802546210780e-01,-7.340709118518067011e-02,-7.197411700355742237e-02,-1.244624194945742751e-01,-7.051263942166730025e-02,-2.872721242393142319e-02,-2.030901712371240009e-02,-2.019004323808653023e-01,-1.435916317235476011e-02,-1.435916317235476011e-02,-5.183686688943279358e-02,-3.801429606348527557e-02,-3.801429606348527557e-02,-1.558271304830920190e-01,-4.064318733121485144e-02,-8.148853797899899276e-02,-1.210011918676099085e-01,-5.569323991926412171e-02,-7.051263942166730025e-02,-4.979810447122927364e-02,-3.212131358814808435e-02,-2.030901712371240009e-02,-3.801429606348527557e-02,-6.749673070628271765e-02,-3.519076715388935045e-02,-1.435916317235476185e-02,-3.524455202264515918e-01,-3.753330286669139260e-01,-2.907009498669055336e-01,-4.311306135592269523e-02,-3.519076715388935045e-02,-3.801429606348527557e-02,-1.435916317235476011e-02,-1.286658602907498339e-01,-4.767312946227962589e-02,-1.690913523558418063e+00,-2.487592975524973576e-02,-4.967123990818995694e-01,5.598214000911362120e+00,-4.979810447122926670e-02,5.840947806181536750e-01,-2.030901712371240009e-02,-4.892821642774447533e-01,-1.767766952966368654e-01
-1.320145604005493467e-01,-7.448690342834912714e-02,-5.507016019503075954e-01,-2.878929612425566442e-01,-2.023431825368789405e-01,1.031400478326840453e+00,-4.966680157416004104e-01,-4.963069089824175273e-01,-6.623362709603883292e-02,-6.302706439077716549e-01,-1.932781271081416286e+00,1.171538073213661102e+00,1.798347045291234791e-02,1.465362846438810485e-01,6.450939483302627897e-01,-8.371203395033821604e-01,6.580411209403509432e-01,5.800554594071076764e-01,6.434846666005945570e-01,1.219324108821398522e-01,9.248938849348538049e-01,1.191599090980162368e+00,-5.208216000956329417e-01,1.841188013598167084e+00,1.584917603172498746e+00,-7.841737291901780260e-01,1.542419633387178024e+00,-2.446980507093804713e-01,-6.016521677387247635e-01,-4.551164791847201463e-01,9.276940622890612609e-01,0.000000000000000000e+00,0.000000000000000000e+00,9.205658450309623930e-01,7.108409781372613256e-01,1.318026668710696736e+00,1.442101991286331319e+00,-1.314736510573701445e+00,6.461782799883358797e-01,1.635022553829005076e+00,-3.774647335768301359e-01,1.696017942249628430e+00,8.362426590926641534e-01,-2.472873054599261933e-01,-3.669621702617922865e-01,-4.602362970513234064e-01,-5.183686688943279358e-02,-5.183686688943279358e-02,1.418158377741196352e+00,-1.040941436780788015e-01,-2.030901712371240009e-02,-8.401389803667852485e-02,-3.271524934852403366e-01,-5.191945123345532709e-01,-7.103890521813077674e-01,-5.752567881263277033e-02,-3.801429606348526863e-02,-1.147078669352808861e-01,-1.711160802546210780e-01,-7.340709118518067011e-02,-7.197411700355742237e-02,-1.244624194945742751e-01,-7.051263942166730025e-02,-2.872721242393142319e-02,-2.030901712371240009e-02,-2.019004323808653023e-01,-1.435916317235476011e-02,-1.435916317235476011e-02,-5.183686688943279358e-02,-3.801429606348527557e-02,-3.801429606348527557e-02,6.417367738851512016e+00,-4.064318733121485144e-02,-8.148853797899899276e-02,-1.210011918676099085e-01,-5.569323991926412171e-02,-7.051263942166730025e-02,-4.979810447122927364e-02,-3.212131358814808435e-02,-2.030901712371240009e-02,-3.801429606348527557e-02,-6.749673070628271765e-02,-3.519076715388935045e-02,-1.435916317235476185e-02,-3.524455202264515918e-01,-3.753330286669139260e-01,-2.907009498669055336e-01,-4.311306135592269523e-02,-3.519076715388935045e-02,-3.801429606348527557e-02,-1.435916317235476011e-02,-1.286658602907498339e-01,-4.767312946227962589e-02,5.913962991410492975e-01,-2.487592975524973576e-02,-4.967123990818995694e-01,-1.786283982422259831e-01,-4.979810447122926670e-02,5.840947806181536750e-01,-2.030901712371240009e-02,-4.892821642774447533e-01,-1.767766952966368654e-01
-1.491716620129382109e+00,-5.537123258831522232e-01,-5.507016019503075954e-01,-1.284019034700219164e+00,1.205524279159006507e-01,-6.182636519582266343e-01,-4.966680157416004104e-01,-4.963069089824175273e-01,-6.623362709603883292e-02,-3.636176791775609651e-02,3.529669156418161480e-01,-1.784356374822102298e+00,-3.707075613020312521e-01,3.263808862407714950e-01,-8.149594705482737789e-01,7.249743818475629098e-01,-1.895668281666913063e-02,-3.539868083009403144e-01,-3.971899267307199902e-03,3.308375903655265127e-01,-1.334577485995799284e+00,-1.819266046147774096e+00,6.273874840384194296e-02,1.339847361483128330e+00,5.625440118317706073e-01,5.628910554594662718e-01,5.351727329735904704e-01,4.037751773655741672e-01,1.149225069291921697e+00,1.310720544313225044e+00,-1.043887434287774418e+00,0.000000000000000000e+00,0.000000000000000000e+00,-1.399059251105406521e+00,-1.941916203202566749e+00,-1.366917635565168210e+00,1.085301327770373581e+00,-7.542368384925336455e-01,9.637144106204564853e-01,-4.845014723481537167e-01,-3.774647335768301359e-01,-4.668062001933125371e-01,4.220278085021179071e-01,-4.820408707801026038e-01,-3.669621702617922865e-01,-4.602362970513234064e-01,-5.183686688943279358e-02,-5.183686688943279358e-02,1.418158377741196352e+00,-1.040941436780788015e-01,-2.030901712371240009e-02,-8.401389803667852485e-02,-3.271524934852403366e-01,-5.191945123345532709e-01,-7.103890521813077674e-01,-5.752567881263277033e-02,-3.801429606348526863e-02,-1.147078669352808861e-01,-1.711160802546210780e-01,-7.340709118518067011e-02,-7.197411700355742237e-02,-1.244624194945742751e-01,-7.051263942166730025e-02,-2.872721242393142319e-02,-2.030901712371240009e-02,-2.019004323808653023e-01,-1.435916317235476011e-02,-1.435916317235476011e-02,-5.183686688943279358e-02,-3.801429606348527557e-02,-3.801429606348527557e-02,-1.558271304830920190e-01,-4.064318733121485144e-02,-8.148853797899899276e-02,-1.210011918676099085e-01,-5.569323991926412171e-02,-7.051263942166730025e-02,-4.979810447122927364e-02,-3.212131358814808435e-02,-2.030901712371240009e-02,-3.801429606348527557e-02,-6.749673070628271765e-02,-3.519076715388935045e-02,-1.435916317235476185e-02,-3.524455202264515918e-01,2.664300564093018409e+00,-2.907009498669055336e-01,-4.311306135592269523e-02,-3.519076715388935045e-02,-3.801429606348527557e-02,-1.435916317235476011e-02,-1.286658602907498339e-01,-4.767312946227962589e-02,-1.690913523558418063e+00,-2.487592975524973576e-02,2.013237442528823973e+00,-1.786283982422259831e-01,-4.979810447122926670e-02,5.840947806181536750e-01,-2.030901712371240009e-02,-4.892821642774447533e-01,-1.767766952966368654e-01
1.658958300582861201e-01,-5.537123258831522232e-01,-5.507016019503075954e-01,-1.284019034700219164e+00,-4.534842128890408386e-01,-6.541259156600758295e-01,-4.966680157416004104e-01,-4.963069089824175273e-01,-6.493539992246850634e-01,-6.302706439077716549e-01,8.414777418280475763e-01,-3.064091508042205425e-01,2.511980895058787411e-01,2.142699657647886835e-02,3.713339322905371831e-01,-9.718073465293448898e-02,-2.446226174023423960e-01,4.399491192509005222e-01,8.183559741398087339e-02,8.322100211256544533e-01,3.600260422021904771e-01,9.406936628861676253e-01,-3.389326603035887064e-01,-2.503425194442581159e-01,4.696009580735226452e-01,-2.644978782475312235e-02,5.351727329735904704e-01,7.280117914030515003e-01,1.464833841632209976e+00,2.339906519364291781e-01,3.643850632671082335e-01,0.000000000000000000e+00,0.000000000000000000e+00,5.339616623415676111e-01,-4.681622135693289666e-01,1.019699523791156359e+00,2.459474892394218237e+00,1.165758462534017603e+00,1.704632048762071195e+00,6.930118755280455511e-01,9.257960654133498002e-01,3.858842084692569063e+00,7.812957911571764835e-03,6.917269558207794766e-01,-3.669621702617922865e-01,-4.602362970513234064e-01,-5.183686688943279358e-02,1.929128938546737260e+01,-7.051398600435393460e-01,-1.040941436780788015e-01,-2.030901712371240009e-02,-8.401389803667852485e-02,-3.271524934852403366e-01,-5.191945123345532709e-01,-7.103890521813077674e-01,-5.752567881263277033e-02,-3.801429606348526863e-02,-1.147078669352808861e-01,-1.711160802546210780e-01,-7.340709118518067011e-02,-7.197411700355742237e-02,-1.244624194945742751e-01,-7.051263942166730025e-02,-2.872721242393142319e-02,-2.030901712371240009e-02,-2.019004323808653023e-01,-1.435916317235476011e-02,-1.435916317235476011e-02,-5.183686688943279358e-02,-3.801429606348527557e-02,-3.801429606348527557e-02,-1.558271304830920190e-01,-4.064318733121485144e-02,-8.148853797899899276e-02,-1.210011918676099085e-01,-5.569323991926412171e-02,-7.051263942166730025e-02,-4.979810447122927364e-02,-3.212131358814808435e-02,-2.030901712371240009e-02,-3.801429606348527557e-02,-6.749673070628271765e-02,-3.519076715388935045e-02,-1.435916317235476185e-02,-3.524455202264515918e-01,-3.753330286669139260e-01,-2.907009498669055336e-01,-4.311306135592269523e-02,-3.519076715388935045e-02,-3.801429606348527557e-02,-1.435916317235476011e-02,-1.286658602907498339e-01,-4.767312946227962589e-02,-1.690913523558418063e+00,-2.487592975524973576e-02,2.013237442528823973e+00,-1.786283982422259831e-01,-4.979810447122926670e-02,5.840947806181536750e-01,-2.030901712371240009e-02,-4.892821642774447533e-01,-1.767766952966368654e-01
2.244523421196008284e-01,-5.537123258831522232e-01,9.520848996778241702e-01,7.082331122151057645e-01,3.716934582680625487e-01,9.238136872212926454e-01,-4.966680157416004104e-01,-4.963069089824175273e-01,-6.493539992246850634e-01,5.575471080722594897e-01,8.414777418280475763e-01,4.325644612047202520e-01,4.066745022078559479e-01,1.342893851788413029e+00,3.713339322905371831e-01,4.783278468974136999e-01,-4.702885519880157239e-01,-5.407952618425498903e-01,-7.918407324318622598e-01,1.219324108821398522e-01,-6.362483984730694930e-02,1.879773786041834815e-01,4.492527454619358873e-01,1.021626265741282236e-01,-8.805736447596543282e-02,2.261248592970551696e-01,3.113400884372377608e-01,1.330165503186937936e+00,5.180075246113453602e-01,1.526066522788584123e+00,-5.809668599935657873e-02,0.000000000000000000e+00,0.000000000000000000e+00,1.473574796521728292e-01,-1.734114156426813935e-01,-1.736090558870059808e-01,1.021142676349155343e+00,2.284085579415870981e+00,-1.153193126927014367e+00,-4.845014723481537167e-01,-3.774647335768301359e-01,-4.668062001933125371e-01,-4.064018926789744190e-01,-2.472873054599261933e-01,-3.669621702617922865e-01,3.938987894073740392e+00,-5.183686688943279358e-02,-5.183686688943279358e-02,-7.051398600435393460e-01,-1.040941436780788015e-01,-2.030901712371240009e-02,-8.401389803667852485e-02,-3.271524934852403366e-01,-5.191945123345532709e-01,1.407679351095596942e+00,-5.752567881263277033e-02,-3.801429606348526863e-02,-1.147078669352808861e-01,-1.711160802546210780e-01,-7.340709118518067011e-02,-7.197411700355742237e-02,-1.244624194945742751e-01,-7.051263942166730025e-02,-2.872721242393142319e-02,-2.030901712371240009e-02,-2.019004323808653023e-01,-1.435916317235476011e-02,-1.435916317235476011e-02,-5.183686688943279358e-02,-3.801429606348527557e-02,-3.801429606348527557e-02,-1.558271304830920190e-01,-4.064318733121485144e-02,-8.148853797899899276e-02,-1.210011918676099085e-01,-5.569323991926412171e-02,-7.051263942166730025e-02,-4.979810447122927364e-02,-3.212131358814808435e-02,-2.030901712371240009e-02,-3.801429606348527557e-02,-6.749673070628271765e-02,-3.519076715388935045e-02,-1.435916317235476185e-02,-3.524455202264515918e-01,-3.753330286669139260e-01,-2.907009498669055336e-01,-4.311306135592269523e-02,-3.519076715388935045e-02,-3.801429606348527557e-02,-1.435916317235476011e-02,-1.286658602907498339e-01,-4.767312946227962589e-02,5.913962991410492975e-01,-2.487592975524973576e-02,-4.967123990818995694e-01,-1.786283982422259831e-01,-4.979810447122926670e-02,5.840947806181536750e-01,-2.030901712371240009e-02,-4.892821642774447533e-01,-1.767766952966368654e-01
2.397072455374374064e-02,-5.537123258831522232e-01,-5.507016019503075954e-01,7.082331122151057645e-01,2.281842980668271903e-01,7.086401050101969190e-01,5.905777172739697933e-01,-4.963069089824175273e-01,-6.493539992246850634e-01,1.151455984062275117e+00,8.414777418280475763e-01,9.252135358773474483e-01,4.144483228429550192e-01,1.905885648091722118e+00,6.320577570903027943e-03,5.605433585474633995e-01,3.195422190618408820e-01,-2.605825815301355264e-01,-2.067896186958065319e-01,1.219324108821398522e-01,3.600260422021904771e-01,-5.647389056778006067e-01,-1.013437478699085625e+00,-4.383452639873972601e-01,8.413731731065147157e-01,2.261248592970551696e-01,-1.363252006354677692e-01,7.743313076941197304e-01,6.382394378838363025e-01,2.339906519364291781e-01,3.643850632671082335e-01,0.000000000000000000e+00,0.000000000000000000e+00,1.473574796521728292e-01,7.108409781372613256e-01,4.230452339520751615e-01,-1.741607415462480546e+00,-1.565925874939040119e+00,8.578690337430828761e-01,4.575092059528056976e-01,-3.774647335768301359e-01,3.858842084692569063e+00,2.389548348807212452e+00,2.335001913062014545e+00,-3.669621702617922865e-01,1.739375798511208382e+00,-5.183686688943279358e-02,-5.183686688943279358e-02,-7.051398600435393460e-01,-1.040941436780788015e-01,-2.030901712371240009e-02,-8.401389803667852485e-02,-3.271524934852403366e-01,-5.191945123345532709e-01,1.407679351095596942e+00,-5.752567881263277033e-02,-3.801429606348526863e-02,-1.147078669352808861e-01,-1.711160802546210780e-01,-7.340709118518067011e-02,-7.197411700355742237e-02,-1.244624194945742751e-01,-7.051263942166730025e-02,-2.872721242393142319e-02,-2.030901712371240009e-02,-2.019004323808653023e-01,-1.435916317235476011e-02,-1.435916317235476011e-02,-5.183686688943279358e-02,-3.801429606348527557e-02,-3.801429606348527557e-02,-1.558271304830920190e-01,-4.064318733121485144e-02,-8.148853797899899276e-02,-1.210011918676099085e-01,-5.569323991926412171e-02,-7.051263942166730025e-02,-4.979810447122927364e-02,-3.212131358814808435e-02,-2.030901712371240009e-02,-3.801429606348527557e-02,-6.749673070628271765e-02,-3.519076715388935045e-02,-1.435916317235476185e-02,-3.524455202264515918e-01,-3.753330286669139260e-01,-2.907009498669055336e-01,-4.311306135592269523e-02,-3.519076715388935045e-02,-3.801429606348527557e-02,-1.435916317235476011e-02,-1.286658602907498339e-01,-4.767312946227962589e-02,-1.690913523558418063e+00,-2.487592975524973576e-02,2.013237442528823973e+00,-1.786283982422259831e-01,-4.979810447122926670e-02,-1.712050908829709783e+00,-2.030901712371240009e-02,2.043810449286999731e+00,-1.767766952966368654e-01
-6.241208411418239788e-01,-5.537123258831522232e-01,4.511560658017802483e-01,-1.284019034700219164e+00,-7.763798233418204298e-01,-2.237787512378844601e-01,-4.966680157416004104e-01,6.573034482162921632e-01,-6.623362709603883292e-02,-6.302706439077716549e-01,-1.596679019610199035e-01,-6.008461346790693741e-02,-2.307787898702514384e-01,-2.835268930878137583e-01,-5.411994545085482278e-01,3.138968235973142451e-01,-3.574555846951790183e-01,-4.473910350717451578e-01,-4.798134717726326159e-01,-3.410696807892142027e-03,-6.362483984730694930e-02,-6.292804948981121915e-02,-2.555668962322352189e-01,1.010842558532634605e+00,4.885689282282582209e-03,7.312741535406717119e-01,-2.440887836729143182e-02,-1.773242088314630704e+00,-1.202811734101178587e+00,-8.858084361354384706e-01,-5.809668599935657873e-02,0.000000000000000000e+00,0.000000000000000000e+00,1.473574796521728292e-01,1.213393822839661657e-01,1.247180890325345903e-01,5.779242374495161538e-01,-2.986220871702970903e-01,-9.473935815327891308e-02,-1.349613319767399566e-02,-3.774647335768301359e-01,-4.668062001933125371e-01,-1.992944673837013236e-01,-4.820408707801026038e-01,-3.669621702617922865e-01,1.739375798511208382e+00,-5.183686688943279358e-02,-5.183686688943279358e-02,1.418158377741196352e+00,-1.040941436780788015e-01,-2.030901712371240009e-02,-8.401389803667852485e-02,-3.271524934852403366e-01,-5.191945123345532709e-01,-7.103890521813077674e-01,-5.752567881263277033e-02,-3.801429606348526863e-02,-1.147078669352808861e-01,-1.711160802546210780e-01,-7.340709118518067011e-02,-7.197411700355742237e-02,8.034553755751097981e+00,-7.051263942166730025e-02,-2.872721242393142319e-02,-2.030901712371240009e-02,-2.019004323808653023e-01,-1.435916317235476011e-02,-1.435916317235476011e-02,-5.183686688943279358e-02,-3.801429606348527557e-02,-3.801429606348527557e-02,-1.558271304830920190e-01,-4.064318733121485144e-02,-8.148853797899899276e-02,-1.210011918676099085e-01,-5.569323991926412171e-02,-7.051263942166730025e-02,-4.979810447122927364e-02,-3.212131358814808435e-02,-2.030901712371240009e-02,-3.801429606348527557e-02,-6.749673070628271765e-02,-3.519076715388935045e-02,-1.435916317235476185e-02,-3.524455202264515918e-01,-3.753330286669139260e-01,-2.907009498669055336e-01,-4.311306135592269523e-02,-3.519076715388935045e-02,-3.801429606348527557e-02,-1.435916317235476011e-02,-1.286658602907498339e-01,-4.767312946227962589e-02,5.913962991410492975e-01,-2.487592975524973576e-02,-4.967123990818995694e-01,-1.786283982422259831e-01,-4.979810447122926670e-02,5.840947806181536750e-01,-2.030901712371240009e-02,-4.892821642774447533e-01,-1.767766952966368654e-01
5.688808585374832694e-02,-7.448690342834912714e-02,-5.507016019503075954e-01,7.082331122151057645e-01,5.152026184692979349e-01,9.238136872212926454e-01,-4.966680157416004104e-01,-4.963069089824175273e-01,5.168867450326074531e-01,-6.302706439077716549e-01,8.414777418280475763e-01,4.325644612047202520e-01,-5.198091526297738546e-02,3.263808862407714950e-01,-2.674394384688225657e-01,8.071898934976127205e-01,2.067092517690042597e-01,2.064385523238884967e-01,3.503150831509637547e-02,6.650858775389451027e-01,3.600260422021904771e-01,1.944315375262146484e+00,-4.071410127256051004e-01,1.151844616939989630e+00,8.413731731065147157e-01,8.996572516218772630e-01,-2.482415229036441240e-01,-1.773242088314630704e+00,-1.202811734101178587e+00,1.224582152923081368e+00,3.643850632671082335e-01,0.000000000000000000e+00,0.000000000000000000e+00,5.339616623415676111e-01,4.160901802106137248e-01,1.616353813630237335e+00,-1.250597328055199409e+00,-2.578706211429415696e-01,-6.239662425401465429e-01,-7.200041419233935702e-01,9.257960654133498002e-01,-4.668062001933125371e-01,-9.574075473606477593e-02,-1.655808697380984684e+00,-3.669621702617922865e-01,-4.602362970513234064e-01,-5.183686688943279358e-02,-5.183686688943279358e-02,-7.051398600435393460e-01,-1.040941436780788015e-01,-2.030901712371240009e-02,-8.401389803667852485e-02,3.056678521220304923e+00,-5.191945123345532709e-01,-7.103890521813077674e-01,-5.752567881263277033e-02,-3.801429606348526863e-02,-1.147078669352808861e-01,-1.711160802546210780e-01,-7.340709118518067011e-02,-7.197411700355742237e-02,-1.244624194945742751e-01,-7.051263942166730025e-02,-2.872721242393142319e-02,-2.030901712371240009e-02,-2.019004323808653023e-01,-1.435916317235476011e-02,-1.435916317235476011e-02,-5.183686688943279358e-02,-3.801429606348527557e-02,-3.801429606348527557e-02,-1.558271304830920190e-01,-4.064318733121485144e-02,-8.148853797899899276e-02,-1.210011918676099085e-01,-5.569323991926412171e-02,-7.051263942166730025e-02,-4.979810447122927364e-02,-3.212131358814808435e-02,-2.030901712371240009e-02,-3.801429606348527557e-02,-6.749673070628271765e-02,-3.519076715388935045e-02,-1.435916317235476185e-02,-3.524455202264515918e-01,-3.753330286669139260e-01,-2.907009498669055336e-01,-4.311306135592269523e-02,-3.519076715388935045e-02,-3.801429606348527557e-02,-1.435916317235476011e-02,-1.286658602907498339e-01,-4.767312946227962589e-02,-1.690913523558418063e+00,-2.487592975524973576e-02,2.013237442528823973e+00,-1.786283982422259831e-01,-4.979810447122926670e-02,-1.712050908829709783e+00,-2.030901712371240009e-02,-4.892821642774447533e-01,5.656854249492379694e+00
2.231658579494954012e-02,-7.448690342834912714e-02,-5.507016019503075954e-01,7.082331122151057645e-01,1.205524279159006507e-01,-4.389523334489801587e-01,-4.966680157416004104e-01,6.573034482162921632e-01,1.683127489289899970e+00,-3.636176791775609651e-02,8.414777418280475763e-01,-6.008461346790693741e-02,8.017403553370337776e-02,-2.366109100625379269e-01,9.757391625081156261e-02,-2.616117579530339854e-01,-4.702885519880157239e-01,-1.204762413739283167e-01,7.370928447983632337e-01,6.233048416422678484e-01,-6.362483984730694930e-02,-6.292804948981121915e-02,4.568314512866042398e-01,2.509981326707801386e-01,3.766579043152746276e-01,3.103164083376579452e-01,6.470890552417668529e-01,-1.983785344183122967e-01,-3.837318249323352637e-01,-4.551164791847201463e-01,-5.809668599935657873e-02,0.000000000000000000e+00,0.000000000000000000e+00,1.473574796521728292e-01,-1.734114156426813935e-01,1.247180890325345903e-01,-8.492784166143146907e-01,-1.584631465902416325e+00,1.175405164375203482e+00,2.341530562554724693e+00,-3.774647335768301359e-01,1.696017942249628430e+00,1.561118647626119849e+00,1.395987651781308791e+00,9.137094037957288473e-01,-4.602362970513234064e-01,-5.183686688943279358e-02,-5.183686688943279358e-02,-7.051398600435393460e-01,-1.040941436780788015e-01,-2.030901712371240009e-02,-8.401389803667852485e-02,-3.271524934852403366e-01,-5.191945123345532709e-01,1.407679351095596942e+00,-5.752567881263277033e-02,-3.801429606348526863e-02,-1.147078669352808861e-01,-1.711160802546210780e-01,-7.340709118518067011e-02,-7.197411700355742237e-02,-1.244624194945742751e-01,-7.051263942166730025e-02,-2.872721242393142319e-02,-2.030901712371240009e-02,-2.019004323808653023e-01,-1.435916317235476011e-02,-1.435916317235476011e-02,-5.183686688943279358e-02,-3.801429606348527557e-02,-3.801429606348527557e-02,-1.558271304830920190e-01,-4.064318733121485144e-02,-8.148853797899899276e-02,-1.210011918676099085e-01,-5.569323991926412171e-02,-7.051263942166730025e-02,-4.979810447122927364e-02,-3.212131358814808435e-02,-2.030901712371240009e-02,-3.801429606348527557e-02,-6.749673070628271765e-02,-3.519076715388935045e-02,-1.435916317235476185e-02,-3.524455202264515918e-01,-3.753330286669139260e-01,-2.907009498669055336e-01,-4.311306135592269523e-02,-3.519076715388935045e-02,-3.801429606348527557e-02,-1.435916317235476011e-02,-1.286658602907498339e-01,-4.767312946227962589e-02,5.913962991410492975e-01,-2.487592975524973576e-02,-4.967123990818995694e-01,-1.786283982422259831e-01,-4.979810447122926670e-02,5.840947806181536750e-01,-2.030901712371240009e-02,-4.892821642774447533e-01,-1.767766952966368654e-01
-1.329611021767550305e+00,-5.537123258831522232e-01,2.955800235181999636e+00,-2.878929612425566442e-01,-9.198889835430558160e-01,-2.955032786415830448e-01,-4.966680157416004104e-01,2.964524162613712210e+00,-6.493539992246850634e-01,1.151455984062275117e+00,-2.923498547523419311e-01,-5.527336881405341407e-01,8.017403553370337776e-02,-6.823127488026576870e-01,-4.499461158286396367e-01,1.494658002972147348e-01,-4.702885519880157239e-01,-2.605825815301355264e-01,-1.064864585508688455e+00,2.472755185721718374e-01,-7.697096432631360674e-01,-5.647389056778006067e-01,7.031745422851061467e-02,-2.111752809977705536e-01,6.554870655900186804e-01,1.419333102564523941e-01,-2.482415229036441240e-01,7.743313076941197304e-01,-2.710144062393752273e-01,7.938901959723629886e-01,-4.805784352658213909e-01,0.000000000000000000e+00,0.000000000000000000e+00,-2.392467030372219805e-01,-1.057663809422624057e+00,-4.719362008065465242e-01,6.577952116677672212e-01,-3.073068258318646384e-01,7.520236568657093779e-01,1.870525223404244874e+00,9.257960654133498002e-01,-4.668062001933125371e-01,-1.992944673837013236e-01,1.395987651781308791e+00,2.194380977853250148e+00,-4.602362970513234064e-01,-5.183686688943279358e-02,-5.183686688943279358e-02,-7.051398600435393460e-01,-1.040941436780788015e-01,-2.030901712371240009e-02,-8.401389803667852485e-02,-3.271524934852403366e-01,1.926060419058570616e+00,-7.103890521813077674e-01,-5.752567881263277033e-02,-3.801429606348526863e-02,-1.147078669352808861e-01,-1.711160802546210780e-01,-7.340709118518067011e-02,-7.197411700355742237e-02,-1.244624194945742751e-01,-7.051263942166730025e-02,-2.872721242393142319e-02,-2.030901712371240009e-02,-2.019004323808653023e-01,-1.435916317235476011e-02,-1.435916317235476011e-02,-5.183686688943279358e-02,-3.801429606348527557e-02,-3.801429606348527557e-02,-1.558271304830920190e-01,-4.064318733121485144e-02,-8.148853797899899276e-02,-1.210011918676099085e-01,-5.569323991926412171e-02,-7.051263942166730025e-02,-4.979810447122927364e-02,-3.212131358814808435e-02,-2.030901712371240009e-02,-3.801429606348527557e-02,-6.749673070628271765e-02,-3.519076715388935045e-02,-1.435916317235476185e-02,-3.524455202264515918e-01,-3.753330286669139260e-01,3.439961240091715222e+00,-4.311306135592269523e-02,-3.519076715388935045e-02,-3.801429606348527557e-02,-1.435916317235476011e-02,-1.286658602907498339e-01,-4.767312946227962589e-02,-1.690913523558418063e+00,-2.487592975524973576e-02,2.013237442528823973e+00,-1.786283982422259831e-01,-4.979810447122926670e-02,5.840947806181536750e-01,-2.030901712371240009e-02,-4.892821642774447533e-01,-1.767766952966368654e-01
-3.324961779664064587e-01,4.047385190264539689e-01,1.953942567429912014e+00,7.082331122151057645e-01,-9.916435636436735646e-01,3.858797316935533850e-01,5.905777172739697933e-01,-4.963069089824175273e-01,-6.623362709603883292e-02,-3.636176791775609651e-02,8.414777418280475763e-01,1.417862610549974756e+00,-2.865945335768058100e-02,-6.744934182984452242e-01,-1.761860997889140579e-01,-1.793962463029842302e-01,4.323751863546776431e-01,-5.407952618425498903e-01,4.016635395896914762e-01,-1.131498666018180055e+00,3.600260422021904771e-01,1.191599090980162368e+00,-8.618633622057156884e-01,-8.584011796901125368e-02,1.907717967987786201e-01,3.945079573782606652e-01,-6.959068119763496263e-01,-5.941998554510771746e-02,-3.611883411937432120e-01,1.310720544313225044e+00,3.643850632671082335e-01,0.000000000000000000e+00,0.000000000000000000e+00,5.339616623415676111e-01,7.108409781372613256e-01,7.213723788716157603e-01,1.293489604831060680e+00,-6.179532471879349842e-01,1.069559787497829983e+00,4.575092059528056976e-01,-3.774647335768301359e-01,-4.668062001933125371e-01,1.113666705592083056e-01,-7.167944361002790421e-01,-3.669621702617922865e-01,-4.602362970513234064e-01,-5.183686688943279358e-02,-5.183686688943279358e-02,-7.051398600435393460e-01,-1.040941436780788015e-01,-2.030901712371240009e-02,-8.401389803667852485e-02,-3.271524934852403366e-01,-5.191945123345532709e-01,1.407679351095596942e+00,-5.752567881263277033e-02,-3.801429606348526863e-02,-1.147078669352808861e-01,-1.711160802546210780e-01,-7.340709118518067011e-02,-7.197411700355742237e-02,-1.244624194945742751e-01,-7.051263942166730025e-02,-2.872721242393142319e-02,-2.030901712371240009e-02,-2.019004323808653023e-01,-1.435916317235476011e-02,-1.435916317235476011e-02,-5.183686688943279358e-02,-3.801429606348527557e-02,-3.801429606348527557e-02,-1.558271304830920190e-01,-4.064318733121485144e-02,-8.148853797899899276e-02,-1.210011918676099085e-01,-5.569323991926412171e-02,-7.051263942166730025e-02,-4.979810447122927364e-02,-3.212131358814808435e-02,-2.030901712371240009e-02,-3.801429606348527557e-02,-6.749673070628271765e-02,-3.519076715388935045e-02,-1.435916317235476185e-02,-3.524455202264515918e-01,-3.753330286669139260e-01,-2.907009498669055336e-01,-4.311306135592269523e-02,-3.519076715388935045e-02,-3.801429606348527557e-02,-1.435916317235476011e-02,-1.286658602907498339e-01,-4.767312946227962589e-02,5.913962991410492975e-01,-2.487592975524973576e-02,-4.967123990818995694e-01,-1.786283982422259831e-01,-4.979810447122926670e-02,-1.712050908829709783e+00,-2.030901712371240009e-02,2.043810449286999731e+00,-1.767766952966368654e-01
-1.311874910211522638e-01,4.047385190264539689e-01,-5.507016019503075954e-01,7.082331122151057645e-01,1.878539640381033937e+00,5.293287865009504989e-01,-4.966680157416004104e-01,6.573034482162921632e-01,-6.623362709603883292e-02,-6.302706439077716549e-01,8.414777418280475763e-01,-5.527336881405341407e-01,-1.763620454245594382e-01,6.313347759050637054e-01,9.757391625081156261e-02,4.783278468974136999e-01,-8.087874538665257296e-01,1.130343255530836949e-01,8.229003414796516314e-01,7.486479493322998335e-01,-7.697096432631360674e-01,-1.317455189959784834e+00,1.949836498746299496e+00,7.866228350623560850e-02,-1.389260117091437596e+00,-2.644978782475312235e-02,3.113400884372377608e-01,-1.773242088314630704e+00,-1.202811734101178587e+00,1.009236174447722290e+00,-7.622329347767978769e-01,0.000000000000000000e+00,0.000000000000000000e+00,-6.258508857266168457e-01,-7.629130114959765674e-01,-1.068590490645627611e+00,4.306212112273318238e-01,8.617926093791529185e-01,-6.239662425401465429e-01,-9.555068114986333683e-01,-3.774647335768301359e-01,-4.668062001933125371e-01,2.149203832068448394e-01,-1.253374013974976713e-02,-3.669621702617922865e-01,-4.602362970513234064e-01,-5.183686688943279358e-02,-5.183686688943279358e-02,-7.051398600435393460e-01,-1.040941436780788015e-01,-2.030901712371240009e-02,-8.401389803667852485e-02,-3.271524934852403366e-01,-5.191945123345532709e-01,1.407679351095596942e+00,-5.752567881263277033e-02,-3.801429606348526863e-02,-1.147078669352808861e-01,-1.711160802546210780e-01,-7.340709118518067011e-02,-7.197411700355742237e-02,-1.244624194945742751e-01,-7.051263942166730025e-02,-2.872721242393142319e-02,-2.030901712371240009e-02,-2.019004323808653023e-01,-1.435916317235476011e-02,-1.435916317235476011e-02,-5.183686688943279358e-02,-3.801429606348527557e-02,-3.801429606348527557e-02,-1.558271304830920190e-01,-4.064318733121485144e-02,-8.148853797899899276e-02,-1.210011918676099085e-01,-5.569323991926412171e-02,-7.051263942166730025e-02,-4.979810447122927364e-02,-3.212131358814808435e-02,-2.030901712371240009e-02,-3.801429606348527557e-02,-6.749673070628271765e-02,-3.519076715388935045e-02,-1.435916317235476185e-02,-3.524455202264515918e-01,-3.753330286669139260e-01,-2.907009498669055336e-01,-4.311306135592269523e-02,-3.519076715388935045e-02,-3.801429606348527557e-02,-1.435916317235476011e-02,-1.286658602907498339e-01,-4.767312946227962589e-02,5.913962991410492975e-01,-2.487592975524973576e-02,-4.967123990818995694e-01,-1.786283982422259831e-01,-4.979810447122926670e-02,5.840947806181536750e-01,-2.030901712371240009e-02,-4.892821642774447533e-01,-1.767766952966368654e-01
-6.964067049011305466e-01,-5.537123258831522232e-01,4.511560658017802483e-01,7.082331122151057645e-01,-3.099750526878054524e-01,6.010533139046491113e-01,-4.966680157416004104e-01,-4.963069089824175273e-01,-6.493539992246850634e-01,-3.636176791775609651e-02,-1.383960466353674423e+00,4.325644612047202520e-01,-2.541002517755479029e-01,-4.320941726678536599e-01,4.625872709704457186e-01,-2.616117579530339854e-01,-4.702885519880157239e-01,6.267575727925100981e-01,-5.077598836619170303e-02,-3.410696807892142027e-03,3.600260422021904771e-01,9.406936628861676253e-01,-2.858817195309092396e-01,5.878363833105715308e-01,8.413731731065147157e-01,5.774176121584963933e-02,8.750744390088503744e-02,4.500946936566423418e-01,4.729205571341613124e-01,-4.551164791847201463e-01,9.276940622890612609e-01,0.000000000000000000e+00,0.000000000000000000e+00,9.205658450309623930e-01,1.213393822839661657e-01,7.213723788716157603e-01,3.296156081336225174e+00,6.192879836753818479e-01,1.492941295007324198e+00,1.870525223404244874e+00,-3.774647335768301359e-01,-4.668062001933125371e-01,8.362426590926641534e-01,9.264805211409559149e-01,-3.669621702617922865e-01,-4.602362970513234064e-01,-5.183686688943279358e-02,-5.183686688943279358e-02,1.418158377741196352e+00,-1.040941436780788015e-01,-2.030901712371240009e-02,-8.401389803667852485e-02,-3.271524934852403366e-01,-5.191945123345532709e-01,-7.103890521813077674e-01,-5.752567881263277033e-02,-3.801429606348526863e-02,-1.147078669352808861e-01,-1.711160802546210780e-01,-7.340709118518067011e-02,-7.197411700355742237e-02,-1.244624194945742751e-01,-7.051263942166730025e-02,-2.872721242393142319e-02,-2.030901712371240009e-02,-2.019004323808653023e-01,-1.435916317235476011e-02,-1.435916317235476011e-02,-5.183686688943279358e-02,-3.801429606348527557e-02,-3.801429606348527557e-02,-1.558271304830920190e-01,-4.064318733121485144e-02,-8.148853797899899276e-02,-1.210011918676099085e-01,-5.569323991926412171e-02,-7.051263942166730025e-02,-4.979810447122927364e-02,-3.212131358814808435e-02,-2.030901712371240009e-02,-3.801429606348527557e-02,-6.749673070628271765e-02,-3.519076715388935045e-02,-1.435916317235476185e-02,2.837317947345407543e+00,-3.753330286669139260e-01,-2.907009498669055336e-01,-4.311306135592269523e-02,-3.519076715388935045e-02,-3.801429606348527557e-02,-1.435916317235476011e-02,-1.286658602907498339e-01,-4.767312946227962589e-02,5.913962991410492975e-01,-2.487592975524973576e-02,-4.967123990818995694e-01,-1.786283982422259831e-01,-4.979810447122926670e-02,5.840947806181536750e-01,-2.030901712371240009e-02,-4.892821642774447533e-01,-1.767766952966368654e-01
-2.560749673101143653e-01,-5.537123258831522232e-01,-5.507016019503075954e-01,7.082331122151057645e-01,1.205524279159006507e-01,4.576042590972519419e-01,-4.966680157416004104e-01,-4.963069089824175273e-01,-6.493539992246850634e-01,-6.302706439077716549e-01,8.414777418280475763e-01,6.788889985410339056e-01,2.124688862564706682e+00,4.984061573334491180e-01,-7.237061318683652988e-01,6.725028864716499355e-02,-1.895668281666913063e-02,-4.006889216863427361e-01,-7.294352803000163643e-01,9.575531288156864385e-01,3.600260422021904771e-01,4.388828066981781961e-01,-2.858817195309092396e-01,2.431646849814824707e-01,4.885689282282582209e-03,3.945079573782606652e-01,-4.720741674399969168e-01,-1.217407892821812387e+00,-1.112637799146810380e+00,1.478522605462855299e-01,9.276940622890612609e-01,0.000000000000000000e+00,0.000000000000000000e+00,9.205658450309623930e-01,1.005591776063908815e+00,7.213723788716157603e-01,-1.678758124274348562e+00,-1.970774505119686770e-01,-1.153193126927014367e+00,-2.489988027729138353e-01,-3.774647335768301359e-01,-4.668062001933125371e-01,-6.135093179742474589e-01,-2.472873054599261933e-01,-3.669621702617922865e-01,-4.602362970513234064e-01,-5.183686688943279358e-02,-5.183686688943279358e-02,-7.051398600435393460e-01,-1.040941436780788015e-01,-2.030901712371240009e-02,-8.401389803667852485e-02,-3.271524934852403366e-01,-5.191945123345532709e-01,1.407679351095596942e+00,-5.752567881263277033e-02,-3.801429606348526863e-02,-1.147078669352808861e-01,-1.711160802546210780e-01,-7.340709118518067011e-02,-7.197411700355742237e-02,-1.244624194945742751e-01,-7.051263942166730025e-02,-2.872721242393142319e-02,-2.030901712371240009e-02,-2.019004323808653023e-01,-1.435916317235476011e-02,-1.435916317235476011e-02,-5.183686688943279358e-02,-3.801429606348527557e-02,-3.801429606348527557e-02,-1.558271304830920190e-01,-4.064318733121485144e-02,-8.148853797899899276e-02,-1.210011918676099085e-01,-5.569323991926412171e-02,-7.051263942166730025e-02,-4.979810447122927364e-02,-3.212131358814808435e-02,-2.030901712371240009e-02,-3.801429606348527557e-02,-6.749673070628271765e-02,-3.519076715388935045e-02,-1.435916317235476185e-02,-3.524455202264515918e-01,-3.753330286669139260e-01,-2.907009498669055336e-01,-4.311306135592269523e-02,-3.519076715388935045e-02,-3.801429606348527557e-02,-1.435916317235476011e-02,-1.286658602907498339e-01,-4.767312946227962589e-02,5.913962991410492975e-01,-2.487592975524973576e-02,-4.967123990818995694e-01,-1.786283982422259831e-01,-4.979810447122926670e-02,5.840947806181536750e-01,-2.030901712371240009e-02,-4.892821642774447533e-01,-1.767766952966368654e-01
-1.682401992181423445e-01,-7.448690342834912714e-02,-4.977276807426366662e-02,7.082331122151057645e-01,2.596085441387210757e+00,4.402453266300673462e+00,5.905777172739697933e-01,-4.963069089824175273e-01,5.168867450326074531e-01,-3.636176791775609651e-02,8.414777418280475763e-01,-1.045382762813161337e+00,1.425045005405808585e+00,5.218641488460872280e-01,-3.586927771487311012e-01,-3.438272696030836850e-01,-1.895668281666913063e-02,-5.407952618425498903e-01,-7.060332357505740841e-01,-1.705348403946014557e-01,-4.872757218968044035e-01,1.879773786041834815e-01,3.632309191822707728e+00,2.554031753324236931e+00,2.837148505570266099e-01,-1.948328859059586526e-01,-8.078231342445260088e-01,3.111361447834378180e-01,-1.056955254897004731e-01,1.009236174447722290e+00,-5.809668599935657873e-02,0.000000000000000000e+00,0.000000000000000000e+00,-2.392467030372219805e-01,-1.734114156426813935e-01,-1.736090558870059808e-01,7.422489467018196230e-01,-3.126512803928293005e-01,-9.473935815327891308e-02,1.164017214678525258e+00,-3.774647335768301359e-01,-4.668062001933125371e-01,3.184740958544813871e-01,-1.253374013974976713e-02,-3.669621702617922865e-01,-4.602362970513234064e-01,-5.183686688943279358e-02,-5.183686688943279358e-02,-7.051398600435393460e-01,-1.040941436780788015e-01,-2.030901712371240009e-02,-8.401389803667852485e-02,3.056678521220304923e+00,-5.191945123345532709e-01,-7.103890521813077674e-01,-5.752567881263277033e-02,-3.801429606348526863e-02,-1.147078669352808861e-01,-1.711160802546210780e-01,-7.340709118518067011e-02,-7.197411700355742237e-02,-1.244624194945742751e-01,-7.051263942166730025e-02,-2.872721242393142319e-02,-2.030901712371240009e-02,-2.019004323808653023e-01,-1.435916317235476011e-02,-1.435916317235476011e-02,-5.183686688943279358e-02,-3.801429606348527557e-02,-3.801429606348527557e-02,-1.558271304830920190e-01,-4.064318733121485144e-02,-8.148853797899899276e-02,-1.210011918676099085e-01,-5.569323991926412171e-02,-7.051263942166730025e-02,-4.979810447122927364e-02,-3.212131358814808435e-02,-2.030901712371240009e-02,-3.801429606348527557e-02,-6.749673070628271765e-02,-3.519076715388935045e-02,-1.435916317235476185e-02,-3.524455202264515918e-01,-3.753330286669139260e-01,-2.907009498669055336e-01,-4.311306135592269523e-02,-3.519076715388935045e-02,-3.801429606348527557e-02,-1.435916317235476011e-02,-1.286658602907498339e-01,-4.767312946227962589e-02,5.913962991410492975e-01,-2.487592975524973576e-02,-4.967123990818995694e-01,-1.786283982422259831e-01,-4.979810447122926670e-02,5.840947806181536750e-01,-2.030901712371240009e-02,-4.892821642774447533e-01,-1.767766952966368654e-01
9.410620792661783529e-02,-7.448690342834912714e-02,-4.977276807426366662e-02,-2.878929612425566442e-01,-8.122571133921292486e-01,-5.106768608526787157e-01,5.905777172739697933e-01,6.573034482162921632e-01,5.168867450326074531e-01,-3.636176791775609651e-02,-8.713256487508387327e-01,-3.064091508042205425e-01,-3.240646374914379901e-01,-9.586296098671048815e-02,2.800805936106286476e-01,3.961123352473639447e-01,3.195422190618408820e-01,-3.072846949155379481e-01,5.843355286453862790e-02,-4.212210557746654538e-01,-7.697096432631360674e-01,-5.647389056778006067e-01,1.915767474232064616e-01,9.325080816396602579e-01,6.554870655900186804e-01,6.470826045000689364e-01,-2.482415229036441240e-01,6.353727588209151511e-01,-3.236158682960900146e-01,1.478522605462855299e-01,-7.622329347767978769e-01,0.000000000000000000e+00,0.000000000000000000e+00,-6.258508857266168457e-01,-7.629130114959765674e-01,-7.702633457260871230e-01,-7.544651886043944600e-02,-4.288931670938104235e-01,1.169513956014681527e-01,-1.349613319767399566e-02,-3.774647335768301359e-01,-4.668062001933125371e-01,7.326889464450275780e-01,6.917269558207794766e-01,-3.669621702617922865e-01,-4.602362970513234064e-01,-5.183686688943279358e-02,-5.183686688943279358e-02,-7.051398600435393460e-01,-1.040941436780788015e-01,-2.030901712371240009e-02,-8.401389803667852485e-02,-3.271524934852403366e-01,1.926060419058570616e+00,-7.103890521813077674e-01,-5.752567881263277033e-02,-3.801429606348526863e-02,8.717797887081346175e+00,-1.711160802546210780e-01,-7.340709118518067011e-02,-7.197411700355742237e-02,-1.244624194945742751e-01,-7.051263942166730025e-02,-2.872721242393142319e-02,-2.030901712371240009e-02,-2.019004323808653023e-01,-1.435916317235476011e-02,-1.435916317235476011e-02,-5.183686688943279358e-02,-3.801429606348527557e-02,-3.801429606348527557e-02,-1.558271304830920190e-01,-4.064318733121485144e-02,-8.148853797899899276e-02,-1.210011918676099085e-01,-5.569323991926412171e-02,-7.051263942166730025e-02,-4.979810447122927364e-02,-3.212131358814808435e-02,-2.030901712371240009e-02,-3.801429606348527557e-02,-6.749673070628271765e-02,-3.519076715388935045e-02,-1.435916317235476185e-02,-3.524455202264515918e-01,-3.753330286669139260e-01,-2.907009498669055336e-01,-4.311306135592269523e-02,-3.519076715388935045e-02,-3.801429606348527557e-02,-1.435916317235476011e-02,-1.286658602907498339e-01,-4.767312946227962589e-02,5.913962991410492975e-01,-2.487592975524973576e-02,-4.967123990818995694e-01,-1.786283982422259831e-01,-4.979810447122926670e-02,5.840947806181536750e-01,-2.030901712371240009e-02,-4.892821642774447533e-01,-1.767766952966368654e-01
-3.425864243950510479e-01,-7.448690342834912714e-02,-5.507016019503075954e-01,-2.878929612425566442e-01,-1.305886024362612474e-01,-7.617127067656237482e-01,-4.966680157416004104e-01,-4.963069089824175273e-01,-6.623362709603883292e-02,-6.302706439077716549e-01,-2.029277236747832447e+00,4.325644612047202520e-01,7.176273276118111388e-01,4.749481658208113966e-01,2.800805936106286476e-01,4.783278468974136999e-01,-8.087874538665257296e-01,1.280587160188143780e+00,-6.436277836187281887e-01,4.979617339522358077e-01,-6.362483984730694930e-02,6.897882347921728829e-01,2.131725438538343731e+00,8.150063663001978487e-01,-6.457156870254534553e-01,-1.036748376311986242e+00,-8.078231342445260088e-01,5.427337262387786909e-01,-4.213042978299886832e-01,4.062674347167165023e-01,-5.809668599935657873e-02,0.000000000000000000e+00,0.000000000000000000e+00,1.473574796521728292e-01,1.213393822839661657e-01,4.230452339520751615e-01,3.730093609715441350e-01,1.090268041860391834e+00,1.069559787497829983e+00,1.399519884253765056e+00,-3.774647335768301359e-01,1.696017942249628430e+00,6.291352337973910025e-01,1.161234086461132353e+00,-3.669621702617922865e-01,-4.602362970513234064e-01,-5.183686688943279358e-02,-5.183686688943279358e-02,1.418158377741196352e+00,-1.040941436780788015e-01,-2.030901712371240009e-02,-8.401389803667852485e-02,-3.271524934852403366e-01,-5.191945123345532709e-01,-7.103890521813077674e-01,-5.752567881263277033e-02,-3.801429606348526863e-02,-1.147078669352808861e-01,-1.711160802546210780e-01,-7.340709118518067011e-02,-7.197411700355742237e-02,-1.244624194945742751e-01,-7.051263942166730025e-02,-2.872721242393142319e-02,-2.030901712371240009e-02,-2.019004323808653023e-01,-1.435916317235476011e-02,-1.435916317235476011e-02,-5.183686688943279358e-02,-3.801429606348527557e-02,-3.801429606348527557e-02,6.417367738851512016e+00,-4.064318733121485144e-02,-8.148853797899899276e-02,-1.210011918676099085e-01,-5.569323991926412171e-02,-7.051263942166730025e-02,-4.979810447122927364e-02,-3.212131358814808435e-02,-2.030901712371240009e-02,-3.801429606348527557e-02,-6.749673070628271765e-02,-3.519076715388935045e-02,-1.435916317235476185e-02,-3.524455202264515918e-01,-3.753330286669139260e-01,-2.907009498669055336e-01,-4.311306135592269523e-02,-3.519076715388935045e-02,-3.801429606348527557e-02,-1.435916317235476011e-02,-1.286658602907498339e-01,-4.767312946227962589e-02,-1.690913523558418063e+00,-2.487592975524973576e-02,2.013237442528823973e+00,-1.786283982422259831e-01,-4.979810447122926670e-02,5.840947806181536750e-01,-2.030901712371240009e-02,-4.892821642774447533e-01,-1.767766952966368654e-01
-3.324961779664064587e-01,-5.537123258831522232e-01,4.511560658017802483e-01,7.082331122151057645e-01,-2.382204725871877871e-01,1.425885379047182600e+00,5.905777172739697933e-01,6.573034482162921632e-01,-6.493539992246850634e-01,-3.636176791775609651e-02,8.414777418280475763e-01,-6.008461346790693741e-02,8.264608165031950282e-01,-8.804363048249802537e-02,3.713339322905371831e-01,-4.260427812531334402e-01,2.067092517690042597e-01,2.531406657092908907e-01,-2.847964338606140400e-01,9.575531288156864385e-01,-6.362483984730694930e-02,9.406936628861676253e-01,-1.081645831121102130e+00,9.638418723968501522e-01,1.120202334381258824e+00,2.261248592970551696e-01,-5.839904897081731328e-01,5.427337262387786909e-01,1.772928119392967572e+00,1.870620088349158827e+00,-5.809668599935657873e-02,0.000000000000000000e+00,0.000000000000000000e+00,1.473574796521728292e-01,1.213393822839661657e-01,4.230452339520751615e-01,-9.370055522310822838e-01,-6.279802966773180561e-02,-5.181208656627730447e-01,-9.555068114986333683e-01,-3.774647335768301359e-01,-4.668062001933125371e-01,-3.028481800313378436e-01,-1.421055132060808246e+00,-3.669621702617922865e-01,-4.602362970513234064e-01,-5.183686688943279358e-02,-5.183686688943279358e-02,-7.051398600435393460e-01,-1.040941436780788015e-01,-2.030901712371240009e-02,-8.401389803667852485e-02,-3.271524934852403366e-01,-5.191945123345532709e-01,1.407679351095596942e+00,-5.752567881263277033e-02,-3.801429606348526863e-02,-1.147078669352808861e-01,-1.711160802546210780e-01,-7.340709118518067011e-02,-7.197411700355742237e-02,-1.244624194945742751e-01,-7.051263942166730025e-02,-2.872721242393142319e-02,-2.030901712371240009e-02,-2.019004323808653023e-01,-1.435916317235476011e-02,-1.435916317235476011e-02,-5.183686688943279358e-02,-3.801429606348527557e-02,-3.801429606348527557e-02,-1.558271304830920190e-01,-4.064318733121485144e-02,-8.148853797899899276e-02,-1.210011918676099085e-01,-5.569323991926412171e-02,-7.051263942166730025e-02,-4.979810447122927364e-02,-3.212131358814808435e-02,-2.030901712371240009e-02,-3.801429606348527557e-02,-6.749673070628271765e-02,-3.519076715388935045e-02,-1.435916317235476185e-02,-3.524455202264515918e-01,-3.753330286669139260e-01,-2.907009498669055336e-01,-4.311306135592269523e-02,-3.519076715388935045e-02,-3.801429606348527557e-02,-1.435916317235476011e-02,-1.286658602907498339e-01,-4.767312946227962589e-02,5.913962991410492975e-01,-2.487592975524973576e-02,-4.967123990818995694e-01,-1.786283982422259831e-01,-4.979810447122926670e-02,-1.712050908829709783e+00,-2.030901712371240009e-02,-4.892821642774447533e-01,5.656854249492379694e+00
-4.769024916091401112e-01,-5.537123258831522232e-01,1.953942567429912014e+00,7.082331122151057645e-01,-3.458523427381143267e-01,-3.313655423434322955e-01,5.905777172739697933e-01,-4.963069089824175273e-01,-6.493539992246850634e-01,1.745364860052290412e+00,8.414777418280475763e-01,-5.527336881405341407e-01,-2.774217136808447282e-01,6.860700894345523881e-01,-9.062128092281823699e-01,8.894054051476624201e-01,-4.702885519880157239e-01,-3.072846949155379481e-01,-5.578202869374400130e-01,3.308375903655265127e-01,-7.697096432631360674e-01,-8.156443337717953490e-01,-7.709188923096936819e-01,-7.281828284914038107e-01,1.907717967987786201e-01,-3.632159839871641482e-01,4.232564107054141989e-01,4.500946936566423418e-01,1.524949798268455448e+00,2.770598476315010439e-01,-7.622329347767978769e-01,0.000000000000000000e+00,0.000000000000000000e+00,-6.258508857266168457e-01,-1.352414607349271769e+00,-1.068590490645627611e+00,1.587440977158886435e+00,1.789055475706520015e+00,5.403329031109622704e-01,9.285145451032854602e-01,-3.774647335768301359e-01,1.696017942249628430e+00,1.768226072921393000e+00,6.917269558207794766e-01,2.194380977853250148e+00,-4.602362970513234064e-01,-5.183686688943279358e-02,-5.183686688943279358e-02,-7.051398600435393460e-01,-1.040941436780788015e-01,-2.030901712371240009e-02,-8.401389803667852485e-02,-3.271524934852403366e-01,-5.191945123345532709e-01,1.407679351095596942e+00,-5.752567881263277033e-02,-3.801429606348526863e-02,-1.147078669352808861e-01,-1.711160802546210780e-01,-7.340709118518067011e-02,-7.197411700355742237e-02,-1.244624194945742751e-01,-7.051263942166730025e-02,-2.872721242393142319e-02,-2.030901712371240009e-02,-2.019004323808653023e-01,-1.435916317235476011e-02,-1.435916317235476011e-02,-5.183686688943279358e-02,-3.801429606348527557e-02,-3.801429606348527557e-02,-1.558271304830920190e-01,-4.064318733121485144e-02,-8.148853797899899276e-02,-1.210011918676099085e-01,-5.569323991926412171e-02,-7.051263942166730025e-02,-4.979810447122927364e-02,-3.212131358814808435e-02,-2.030901712371240009e-02,-3.801429606348527557e-02,-6.749673070628271765e-02,-3.519076715388935045e-02,-1.435916317235476185e-02,-3.524455202264515918e-01,-3.753330286669139260e-01,-2.907009498669055336e-01,-4.311306135592269523e-02,-3.519076715388935045e-02,-3.801429606348527557e-02,-1.435916317235476011e-02,-1.286658602907498339e-01,-4.767312946227962589e-02,5.913962991410492975e-01,-2.487592975524973576e-02,-4.967123990818995694e-01,-1.786283982422259831e-01,-4.979810447122926670e-02,5.840947806181536750e-01,-2.030901712371240009e-02,-4.892821642774447533e-01,-1.767766952966368654e-01
-7.283315829458585355e-01,-5.537123258831522232e-01,-5.507016019503075954e-01,7.082331122151057645e-01,-3.458523427381143267e-01,1.348438857806083802e-01,-4.966680157416004104e-01,-4.963069089824175273e-01,5.168867450326074531e-01,-6.302706439077716549e-01,8.414777418280475763e-01,1.862399238684066816e-01,-1.919096866947572200e-01,-5.650227912394683027e-01,-1.761860997889140579e-01,1.494658002972147348e-01,9.965400228188608933e-01,-1.101220622467378840e+00,-4.174080196407866095e-01,3.837033908878519084e-02,3.600260422021904771e-01,-6.292804948981121915e-02,-7.178679515370138819e-01,-6.263480085305367373e-01,-7.386587407837015284e-01,1.320614996824891030e+00,-2.440887836729143182e-02,-1.773242088314630704e+00,-1.202811734101178587e+00,8.369593916674348266e-01,3.643850632671082335e-01,0.000000000000000000e+00,0.000000000000000000e+00,5.339616623415676111e-01,7.108409781372613256e-01,1.019699523791156359e+00,-1.269583051434947540e+00,-3.473964322266737820e-02,-9.415023731722672595e-01,-9.555068114986333683e-01,-3.774647335768301359e-01,-4.668062001933125371e-01,-6.135093179742474589e-01,-9.515480014204554804e-01,-3.669621702617922865e-01,-4.602362970513234064e-01,-5.183686688943279358e-02,-5.183686688943279358e-02,-7.051398600435393460e-01,-1.040941436780788015e-01,-2.030901712371240009e-02,-8.401389803667852485e-02,-3.271524934852403366e-01,-5.191945123345532709e-01,1.407679351095596942e+00,-5.752567881263277033e-02,-3.801429606348526863e-02,-1.147078669352808861e-01,-1.711160802546210780e-01,-7.340709118518067011e-02,-7.197411700355742237e-02,-1.244624194945742751e-01,-7.051263942166730025e-02,-2.872721242393142319e-02,-2.030901712371240009e-02,-2.019004323808653023e-01,-1.435916317235476011e-02,-1.435916317235476011e-02,-5.183686688943279358e-02,-3.801429606348527557e-02,-3.801429606348527557e-02,-1.558271304830920190e-01,-4.064318733121485144e-02,-8.148853797899899276e-02,-1.210011918676099085e-01,-5.569323991926412171e-02,-7.051263942166730025e-02,-4.979810447122927364e-02,-3.212131358814808435e-02,-2.030901712371240009e-02,-3.801429606348527557e-02,-6.749673070628271765e-02,-3.519076715388935045e-02,-1.435916317235476185e-02,-3.524455202264515918e-01,-3.753330286669139260e-01,-2.907009498669055336e-01,-4.311306135592269523e-02,-3.519076715388935045e-02,-3.801429606348527557e-02,-1.435916317235476011e-02,-1.286658602907498339e-01,-4.767312946227962589e-02,5.913962991410492975e-01,-2.487592975524973576e-02,-4.967123990818995694e-01,-1.786283982422259831e-01,-4.979810447122926670e-02,5.840947806181536750e-01,-2.030901712371240009e-02,-4.892821642774447533e-01,-1.767766952966368654e-01
6.032501178834727140e-01,-5.537123258831522232e-01,1.953942567429912014e+00,-1.284019034700219164e+00,-9.557662735933646347e-01,-8.692994978711715559e-01,-4.966680157416004104e-01,6.573034482162921632e-01,-6.493539992246850634e-01,-3.636176791775609651e-02,5.640518405371012234e-01,-6.008461346790693741e-02,-1.567875939107257643e+00,-6.458563896985994313e-02,1.831387351169073696e+00,-3.438272696030836850e-01,-8.087874538665257296e-01,-2.605825815301355264e-01,-5.857666988267245384e-02,-1.006155558328148070e+00,3.600260422021904771e-01,1.442504519074156999e+00,1.536832182998640883e-01,1.413298650206154250e-01,4.885689282282582209e-03,-2.790244349465614282e-01,3.113400884372377608e-01,6.353727588209151511e-01,1.622638227802354116e+00,7.077518045822193127e-01,3.643850632671082335e-01,0.000000000000000000e+00,0.000000000000000000e+00,5.339616623415676111e-01,4.160901802106137248e-01,1.019699523791156359e+00,2.368358967305914664e-01,-6.840908723798725388e-01,-3.064301119080259928e-01,-4.845014723481537167e-01,9.257960654133498002e-01,-4.668062001933125371e-01,-4.064018926789744190e-01,-7.167944361002790421e-01,-3.669621702617922865e-01,-4.602362970513234064e-01,-5.183686688943279358e-02,-5.183686688943279358e-02,-7.051398600435393460e-01,-1.040941436780788015e-01,-2.030901712371240009e-02,-8.401389803667852485e-02,-3.271524934852403366e-01,1.926060419058570616e+00,-7.103890521813077674e-01,-5.752567881263277033e-02,-3.801429606348526863e-02,-1.147078669352808861e-01,-1.711160802546210780e-01,-7.340709118518067011e-02,-7.197411700355742237e-02,-1.244624194945742751e-01,-7.051263942166730025e-02,-2.872721242393142319e-02,-2.030901712371240009e-02,4.952936396459016066e+00,-1.435916317235476011e-02,-1.435916317235476011e-02,-5.183686688943279358e-02,-3.801429606348527557e-02,-3.801429606348527557e-02,-1.558271304830920190e-01,-4.064318733121485144e-02,-8.148853797899899276e-02,-1.210011918676099085e-01,-5.569323991926412171e-02,-7.051263942166730025e-02,-4.979810447122927364e-02,-3.212131358814808435e-02,-2.030901712371240009e-02,-3.801429606348527557e-02,-6.749673070628271765e-02,-3.519076715388935045e-02,-1.435916317235476185e-02,-3.524455202264515918e-01,-3.753330286669139260e-01,-2.907009498669055336e-01,-4.311306135592269523e-02,-3.519076715388935045e-02,-3.801429606348527557e-02,-1.435916317235476011e-02,-1.286658602907498339e-01,-4.767312946227962589e-02,5.913962991410492975e-01,-2.487592975524973576e-02,-4.967123990818995694e-01,-1.786283982422259831e-01,-4.979810447122926670e-02,5.840947806181536750e-01,-2.030901712371240009e-02,-4.892821642774447533e-01,-1.767766952966368654e-01
-1.511070043607274149e+00,2.800865631300469172e+00,-5.507016019503075954e-01,7.082331122151057645e-01,-5.611160830399674060e-01,-9.051617615730208621e-01,-4.966680157416004104e-01,-4.963069089824175273e-01,1.683127489289899970e+00,-6.302706439077716549e-01,8.414777418280475763e-01,1.417862610549974756e+00,-8.682320819483589913e-01,-1.042001951996438747e+00,-2.674394384688225657e-01,1.494658002972147348e-01,-8.087874538665257296e-01,-3.072846949155379481e-01,7.526942078313246798e-01,-5.883451993613747488e-01,3.600260422021904771e-01,-6.292804948981121915e-02,-6.799744224136715642e-01,-5.401800839482646666e-01,4.696009580735226452e-01,3.945079573782606652e-01,-8.078231342445260088e-01,-5.941998554510771746e-02,-6.467391352159088669e-01,7.938901959723629886e-01,-5.809668599935657873e-02,0.000000000000000000e+00,0.000000000000000000e+00,5.339616623415676111e-01,7.108409781372613256e-01,-1.736090558870059808e-01,-1.448426112140018540e-01,8.985357344857849426e-01,4.344875262335887722e-01,-2.489988027729138353e-01,-3.774647335768301359e-01,-4.668062001933125371e-01,-8.206167432695206099e-01,-4.820408707801026038e-01,-3.669621702617922865e-01,-4.602362970513234064e-01,-5.183686688943279358e-02,-5.183686688943279358e-02,-7.051398600435393460e-01,-1.040941436780788015e-01,-2.030901712371240009e-02,-8.401389803667852485e-02,-3.271524934852403366e-01,-5.191945123345532709e-01,1.407679351095596942e+00,-5.752567881263277033e-02,-3.801429606348526863e-02,-1.147078669352808861e-01,-1.711160802546210780e-01,-7.340709118518067011e-02,-7.197411700355742237e-02,-1.244624194945742751e-01,-7.051263942166730025e-02,-2.872721242393142319e-02,-2.030901712371240009e-02,-2.019004323808653023e-01,-1.435916317235476011e-02,-1.435916317235476011e-02,-5.183686688943279358e-02,-3.801429606348527557e-02,-3.801429606348527557e-02,-1.558271304830920190e-01,-4.064318733121485144e-02,-8.148853797899899276e-02,-1.210011918676099085e-01,-5.569323991926412171e-02,-7.051263942166730025e-02,-4.979810447122927364e-02,-3.212131358814808435e-02,-2.030901712371240009e-02,-3.801429606348527557e-02,-6.749673070628271765e-02,-3.519076715388935045e-02,-1.435916317235476185e-02,-3.524455202264515918e-01,-3.753330286669139260e-01,-2.907009498669055336e-01,-4.311306135592269523e-02,-3.519076715388935045e-02,-3.801429606348527557e-02,-1.435916317235476011e-02,-1.286658602907498339e-01,-4.767312946227962589e-02,5.913962991410492975e-01,-2.487592975524973576e-02,-4.967123990818995694e-01,-1.786283982422259831e-01,-4.979810447122926670e-02,5.840947806181536750e-01,-2.030901712371240009e-02,-4.892821642774447533e-01,-1.767766952966368654e-01
-4.347219532598879943e-01,3.280091053755272323e+00,-5.507016019503075954e-01,7.082331122151057645e-01,-8.481344034424381784e-01,-6.541259156600758295e-01,1.677823450289539942e+00,-4.963069089824175273e-01,-6.623362709603883292e-02,-6.302706439077716549e-01,8.414777418280475763e-01,-1.291707300149474991e+00,-7.593985930569748799e-01,-1.268762536618604830e+00,-2.674394384688225657e-01,9.716209167977121197e-01,-1.317896501095057737e-01,6.633221216768130091e-02,3.002546798754416879e-01,1.208239344195750409e+00,-1.334577485995799284e+00,-1.819266046147774096e+00,-6.496595991149974880e-01,-2.317253645463143372e-02,1.907717967987786201e-01,1.419333102564523941e-01,-6.959068119763496263e-01,-1.057395018361759059e-01,1.059051134337553712e+00,-1.967013050142891462e-01,-1.325541933798751071e+00,0.000000000000000000e+00,0.000000000000000000e+00,-1.399059251105406521e+00,-1.647165405275919259e+00,-1.665244780484708809e+00,3.952684849340075690e-01,-4.970349627461097541e-01,5.403329031109622704e-01,-4.845014723481537167e-01,-3.774647335768301359e-01,-4.668062001933125371e-01,1.113666705592083056e-01,2.222198251804266556e-01,-3.669621702617922865e-01,-4.602362970513234064e-01,-5.183686688943279358e-02,-5.183686688943279358e-02,-7.051398600435393460e-01,-1.040941436780788015e-01,-2.030901712371240009e-02,-8.401389803667852485e-02,-3.271524934852403366e-01,-5.191945123345532709e-01,1.407679351095596942e+00,-5.752567881263277033e-02,-3.801429606348526863e-02,-1.147078669352808861e-01,-1.711160802546210780e-01,-7.340709118518067011e-02,-7.197411700355742237e-02,-1.244624194945742751e-01,-7.051263942166730025e-02,-2.872721242393142319e-02,-2.030901712371240009e-02,-2.019004323808653023e-01,-1.435916317235476011e-02,-1.435916317235476011e-02,-5.183686688943279358e-02,-3.801429606348527557e-02,-3.801429606348527557e-02,-1.558271304830920190e-01,-4.064318733121485144e-02,-8.148853797899899276e-02,-1.210011918676099085e-01,-5.569323991926412171e-02,-7.051263942166730025e-02,-4.979810447122927364e-02,-3.212131358814808435e-02,-2.030901712371240009e-02,-3.801429606348527557e-02,-6.749673070628271765e-02,-3.519076715388935045e-02,-1.435916317235476185e-02,-3.524455202264515918e-01,-3.753330286669139260e-01,-2.907009498669055336e-01,-4.311306135592269523e-02,-3.519076715388935045e-02,-3.801429606348527557e-02,-1.435916317235476011e-02,-1.286658602907498339e-01,-4.767312946227962589e-02,5.913962991410492975e-01,-2.487592975524973576e-02,-4.967123990818995694e-01,-1.786283982422259831e-01,-4.979810447122926670e-02,5.840947806181536750e-01,-2.030901712371240009e-02,-4.892821642774447533e-01,-1.767766952966368654e-01
1.627529664165771606e-01,-5.537123258831522232e-01,4.511560658017802483e-01,-2.878929612425566442e-01,-7.405025332915116110e-01,3.858797316935533850e-01,-4.966680157416004104e-01,6.573034482162921632e-01,-6.623362709603883292e-02,-6.302706439077716549e-01,-1.486487429874241872e+00,1.171538073213661102e+00,4.299959641131527732e-01,1.543556151480935112e-01,7.363472870101713808e-01,-2.616117579530339854e-01,3.195422190618408820e-01,6.633221216768130091e-02,-1.064864585508688455e+00,4.561806980555584978e-01,-6.362483984730694930e-02,-3.138334775838059199e-01,1.385258066505270502e-01,-1.250073564154984829e-01,5.625440118317706073e-01,-5.315990820683696993e-01,-5.839904897081731328e-01,-8.468517624932668797e-01,-6.918261026930928592e-01,-5.843240662699356047e-01,-5.809668599935657873e-02,0.000000000000000000e+00,0.000000000000000000e+00,1.473574796521728292e-01,1.005591776063908815e+00,1.247180890325345903e-01,7.101696209912106150e-01,1.487761849832137884e+00,4.344875262335887722e-01,9.285145451032854602e-01,2.229056864403530014e+00,-4.668062001933125371e-01,6.291352337973910025e-01,9.264805211409559149e-01,-3.669621702617922865e-01,-4.602362970513234064e-01,-5.183686688943279358e-02,-5.183686688943279358e-02,1.418158377741196352e+00,-1.040941436780788015e-01,-2.030901712371240009e-02,-8.401389803667852485e-02,-3.271524934852403366e-01,-5.191945123345532709e-01,-7.103890521813077674e-01,-5.752567881263277033e-02,-3.801429606348526863e-02,-1.147078669352808861e-01,-1.711160802546210780e-01,-7.340709118518067011e-02,-7.197411700355742237e-02,-1.244624194945742751e-01,-7.051263942166730025e-02,-2.872721242393142319e-02,-2.030901712371240009e-02,-2.019004323808653023e-01,-1.435916317235476011e-02,-1.435916317235476011e-02,-5.183686688943279358e-02,-3.801429606348527557e-02,-3.801429606348527557e-02,-1.558271304830920190e-01,-4.064318733121485144e-02,-8.148853797899899276e-02,-1.210011918676099085e-01,-5.569323991926412171e-02,-7.051263942166730025e-02,-4.979810447122927364e-02,-3.212131358814808435e-02,-2.030901712371240009e-02,-3.801429606348527557e-02,-6.749673070628271765e-02,-3.519076715388935045e-02,-1.435916317235476185e-02,-3.524455202264515918e-01,2.664300564093018409e+00,-2.907009498669055336e-01,-4.311306135592269523e-02,-3.519076715388935045e-02,-3.801429606348527557e-02,-1.435916317235476011e-02,-1.286658602907498339e-01,-4.767312946227962589e-02,5.913962991410492975e-01,-2.487592975524973576e-02,-4.967123990818995694e-01,-1.786283982422259831e-01,-4.979810447122926670e-02,5.840947806181536750e-01,-2.030901712371240009e-02,-4.892821642774447533e-01,-1.767766952966368654e-01
1.182364097337322173e+00,-5.537123258831522232e-01,4.511560658017802483e-01,-1.284019034700219164e+00,-9.916435636436735646e-01,-9.768862889767194746e-01,-4.966680157416004104e-01,6.573034482162921632e-01,-6.493539992246850634e-01,-3.636176791775609651e-02,-1.359836474937070383e+00,9.252135358773474483e-01,-5.198091526297738546e-02,4.514901743081732866e-01,1.888272549307201120e-01,1.494658002972147348e-01,-2.446226174023423960e-01,-9.144121689257691532e-01,-1.025861177926284507e+00,-3.410696807892142027e-03,3.600260422021904771e-01,9.406936628861676253e-01,-7.102892457123456404e-01,2.039974465349952693e-01,7.484301193482666426e-01,8.154657025812744875e-01,8.750744390088503744e-02,7.280117914030515003e-01,-5.309406343298572056e-02,4.062674347167165023e-01,-5.809668599935657873e-02,0.000000000000000000e+00,0.000000000000000000e+00,5.339616623415676111e-01,1.005591776063908815e+00,7.213723788716157603e-01,-1.321302780641847807e+00,2.825873463346088021e-01,6.461782799883358797e-01,1.399519884253765056e+00,-3.774647335768301359e-01,-4.668062001933125371e-01,4.220278085021179071e-01,6.917269558207794766e-01,9.137094037957288473e-01,-4.602362970513234064e-01,-5.183686688943279358e-02,-5.183686688943279358e-02,-7.051398600435393460e-01,-1.040941436780788015e-01,-2.030901712371240009e-02,-8.401389803667852485e-02,-3.271524934852403366e-01,1.926060419058570616e+00,-7.103890521813077674e-01,-5.752567881263277033e-02,-3.801429606348526863e-02,-1.147078669352808861e-01,-1.711160802546210780e-01,-7.340709118518067011e-02,-7.197411700355742237e-02,-1.244624194945742751e-01,-7.051263942166730025e-02,-2.872721242393142319e-02,-2.030901712371240009e-02,-2.019004323808653023e-01,-1.435916317235476011e-02,-1.435916317235476011e-02,-5.183686688943279358e-02,-3.801429606348527557e-02,-3.801429606348527557e-02,-1.558271304830920190e-01,-4.064318733121485144e-02,-8.148853797899899276e-02,-1.210011918676099085e-01,-5.569323991926412171e-02,-7.051263942166730025e-02,-4.979810447122927364e-02,-3.212131358814808435e-02,-2.030901712371240009e-02,-3.801429606348527557e-02,-6.749673070628271765e-02,-3.519076715388935045e-02,-1.435916317235476185e-02,-3.524455202264515918e-01,-3.753330286669139260e-01,3.439961240091715222e+00,-4.311306135592269523e-02,-3.519076715388935045e-02,-3.801429606348527557e-02,-1.435916317235476011e-02,-1.286658602907498339e-01,-4.767312946227962589e-02,5.913962991410492975e-01,-2.487592975524973576e-02,-4.967123990818995694e-01,-1.786283982422259831e-01,-4.979810447122926670e-02,-1.712050908829709783e+00,-2.030901712371240009e-02,2.043810449286999731e+00,-1.767766952966368654e-01
1.012649460685037361e+00,-5.537123258831522232e-01,-5.507016019503075954e-01,7.082331122151057645e-01,-3.099750526878054524e-01,1.103125005730539065e+00,-4.966680157416004104e-01,-4.963069089824175273e-01,-6.493539992246850634e-01,-6.302706439077716549e-01,8.414777418280475763e-01,-6.008461346790693741e-02,1.370628260960116140e+00,-6.353967657773818001e-01,-5.411994545085482278e-01,-6.726893162032826501e-01,-6.959544865736890795e-01,-5.407952618425498903e-01,-3.472018859924600465e-01,3.308375903655265127e-01,2.563010628859577089e+00,1.944315375262146484e+00,-8.239698330823731487e-01,4.546677725925142299e-01,1.770803710688994892e+00,5.628910554594662718e-01,3.113400884372377608e-01,1.098567921731596897e+00,-1.357535038078231948e-01,7.077518045822193127e-01,2.617621059354920288e+00,0.000000000000000000e+00,0.000000000000000000e+00,1.307170027720357286e+00,4.160901802106137248e-01,1.616353813630237335e+00,2.136717594938498443e+00,1.229223860445472827e+00,5.403329031109622704e-01,1.635022553829005076e+00,-3.774647335768301359e-01,-4.668062001933125371e-01,2.700209486750122068e+00,2.335001913062014545e+00,-3.669621702617922865e-01,1.739375798511208382e+00,-5.183686688943279358e-02,-5.183686688943279358e-02,-7.051398600435393460e-01,-1.040941436780788015e-01,-2.030901712371240009e-02,-8.401389803667852485e-02,-3.271524934852403366e-01,-5.191945123345532709e-01,1.407679351095596942e+00,-5.752567881263277033e-02,-3.801429606348526863e-02,-1.147078669352808861e-01,-1.711160802546210780e-01,-7.340709118518067011e-02,-7.197411700355742237e-02,-1.244624194945742751e-01,-7.051263942166730025e-02,-2.872721242393142319e-02,-2.030901712371240009e-02,-2.019004323808653023e-01,-1.435916317235476011e-02,-1.435916317235476011e-02,-5.183686688943279358e-02,-3.801429606348527557e-02,-3.801429606348527557e-02,-1.558271304830920190e-01,-4.064318733121485144e-02,-8.148853797899899276e-02,-1.210011918676099085e-01,-5.569323991926412171e-02,-7.051263942166730025e-02,-4.979810447122927364e-02,-3.212131358814808435e-02,-2.030901712371240009e-02,-3.801429606348527557e-02,-6.749673070628271765e-02,-3.519076715388935045e-02,-1.435916317235476185e-02,-3.524455202264515918e-01,-3.753330286669139260e-01,-2.907009498669055336e-01,-4.311306135592269523e-02,-3.519076715388935045e-02,-3.801429606348527557e-02,-1.435916317235476011e-02,-1.286658602907498339e-01,-4.767312946227962589e-02,5.913962991410492975e-01,-2.487592975524973576e-02,-4.967123990818995694e-01,-1.786283982422259831e-01,-4.979810447122926670e-02,5.840947806181536750e-01,-2.030901712371240009e-02,-4.892821642774447533e-01,-1.767766952966368654e-01
5.408890866769313632e-01,-5.537123258831522232e-01,4.511560658017802483e-01,7.082331122151057645e-01,1.340380289626401433e+00,1.461747642749031906e+00,-4.966680157416004104e-01,-4.963069089824175273e-01,-6.493539992246850634e-01,5.575471080722594897e-01,8.414777418280475763e-01,1.417862610549974756e+00,1.782640754620356649e+00,4.045741912828975106e-01,-1.727492857347359134e+00,2.316813119472644900e-01,-8.087874538665257296e-01,-1.801752323248414722e+00,-1.236479578871264806e+00,3.837033908878519084e-02,3.600260422021904771e-01,1.191599090980162368e+00,3.128360406179026554e-01,3.058322664958623149e-01,4.885689282282582209e-03,1.419333102564523941e-01,-8.078231342445260088e-01,-1.520590181272440944e-01,-4.363332869890499954e-01,1.478522605462855299e-01,9.276940622890612609e-01,0.000000000000000000e+00,0.000000000000000000e+00,5.339616623415676111e-01,1.300342573990556527e+00,1.019699523791156359e+00,-1.752082297327169247e+00,-6.313143835903466394e-01,-1.047347750049640647e+00,-9.555068114986333683e-01,-3.774647335768301359e-01,-4.668062001933125371e-01,-7.170630306218840344e-01,-2.472873054599261933e-01,-3.669621702617922865e-01,-4.602362970513234064e-01,-5.183686688943279358e-02,-5.183686688943279358e-02,-7.051398600435393460e-01,-1.040941436780788015e-01,-2.030901712371240009e-02,-8.401389803667852485e-02,-3.271524934852403366e-01,-5.191945123345532709e-01,1.407679351095596942e+00,-5.752567881263277033e-02,-3.801429606348526863e-02,-1.147078669352808861e-01,-1.711160802546210780e-01,-7.340709118518067011e-02,-7.197411700355742237e-02,-1.244624194945742751e-01,-7.051263942166730025e-02,-2.872721242393142319e-02,-2.030901712371240009e-02,-2.019004323808653023e-01,-1.435916317235476011e-02,-1.435916317235476011e-02,-5.183686688943279358e-02,-3.801429606348527557e-02,-3.801429606348527557e-02,-1.558271304830920190e-01,-4.064318733121485144e-02,-8.148853797899899276e-02,-1.210011918676099085e-01,-5.569323991926412171e-02,-7.051263942166730025e-02,-4.979810447122927364e-02,-3.212131358814808435e-02,-2.030901712371240009e-02,-3.801429606348527557e-02,-6.749673070628271765e-02,-3.519076715388935045e-02,-1.435916317235476185e-02,-3.524455202264515918e-01,-3.753330286669139260e-01,-2.907009498669055336e-01,-4.311306135592269523e-02,-3.519076715388935045e-02,-3.801429606348527557e-02,-1.435916317235476011e-02,-1.286658602907498339e-01,-4.767312946227962589e-02,5.913962991410492975e-01,-2.487592975524973576e-02,-4.967123990818995694e-01,-1.786283982422259831e-01,-4.979810447122926670e-02,5.840947806181536750e-01,-2.030901712371240009e-02,-4.892821642774447533e-01,-1.767766952966368654e-01
1.647838744062010141e+00,-5.537123258831522232e-01,4.511560658017802483e-01,-1.284019034700219164e+00,-5.883402233564356820e-02,-8.334372341693222497e-01,-4.966680157416004104e-01,-4.963069089824175273e-01,-6.493539992246850634e-01,-3.636176791775609651e-02,5.399278491204971830e-01,1.862399238684066816e-01,-2.851955343159434109e-01,3.654775387618344751e-01,3.713339322905371831e-01,1.494658002972147348e-01,-8.087874538665257296e-01,-1.801752323248414722e+00,-1.236479578871264806e+00,3.726186262622038226e-01,-6.362483984730694930e-02,-1.066549761865789980e+00,-2.707243078815722570e-01,-1.480193806663961054e+00,2.837148505570266099e-01,-1.948328859059586526e-01,-2.440887836729143182e-02,5.427337262387786909e-01,1.344601928359719478e+00,1.870620088349158827e+00,-4.805784352658213909e-01,0.000000000000000000e+00,0.000000000000000000e+00,1.473574796521728292e-01,7.108409781372613256e-01,-4.719362008065465242e-01,6.269098573014235398e-02,-6.854269860201137599e-01,-3.064301119080259928e-01,-9.555068114986333683e-01,-3.774647335768301359e-01,-4.668062001933125371e-01,-9.241704559171570743e-01,-9.515480014204554804e-01,-3.669621702617922865e-01,1.739375798511208382e+00,-5.183686688943279358e-02,-5.183686688943279358e-02,1.418158377741196352e+00,-1.040941436780788015e-01,-2.030901712371240009e-02,-8.401389803667852485e-02,-3.271524934852403366e-01,-5.191945123345532709e-01,-7.103890521813077674e-01,-5.752567881263277033e-02,-3.801429606348526863e-02,-1.147078669352808861e-01,-1.711160802546210780e-01,-7.340709118518067011e-02,-7.197411700355742237e-02,-1.244624194945742751e-01,-7.051263942166730025e-02,-2.872721242393142319e-02,-2.030901712371240009e-02,-2.019004323808653023e-01,-1.435916317235476011e-02,-1.435916317235476011e-02,-5.183686688943279358e-02,-3.801429606348527557e-02,-3.801429606348527557e-02,-1.558271304830920190e-01,-4.064318733121485144e-02,-8.148853797899899276e-02,-1.210011918676099085e-01,-5.569323991926412171e-02,1.418185460368283479e+01,-4.979810447122927364e-02,-3.212131358814808435e-02,-2.030901712371240009e-02,-3.801429606348527557e-02,-6.749673070628271765e-02,-3.519076715388935045e-02,-1.435916317235476185e-02,-3.524455202264515918e-01,-3.753330286669139260e-01,-2.907009498669055336e-01,-4.311306135592269523e-02,-3.519076715388935045e-02,-3.801429606348527557e-02,-1.435916317235476011e-02,-1.286658602907498339e-01,-4.767312946227962589e-02,5.913962991410492975e-01,-2.487592975524973576e-02,-4.967123990818995694e-01,-1.786283982422259831e-01,-4.979810447122926670e-02,5.840947806181536750e-01,-2.030901712371240009e-02,-4.892821642774447533e-01,-1.767766952966368654e-01
-5.829327860478483725e-01,-5.537123258831522232e-01,-5.507016019503075954e-01,-1.284019034700219164e+00,-8.840116934927469972e-01,-9.051617615730208621e-01,-4.966680157416004104e-01,-4.963069089824175273e-01,-6.493539992246850634e-01,-3.636176791775609651e-02,3.348739220793629512e-01,-6.008461346790693741e-02,-5.572792565444040225e-01,-2.913462235920262211e-01,6.450939483302627897e-01,-2.616117579530339854e-01,-3.574555846951790183e-01,1.130343255530836949e-01,-4.096073381243058864e-01,5.815238057455904830e-01,3.600260422021904771e-01,-1.317455189959784834e+00,-2.404094845828982085e-01,-6.263480085305367373e-01,-6.457156870254534553e-01,5.774176121584963933e-02,-3.601578451718204787e-01,3.574556610745059926e-01,1.870616548926866241e+00,-2.442452223400181505e-02,-4.805784352658213909e-01,0.000000000000000000e+00,0.000000000000000000e+00,1.473574796521728292e-01,-1.734114156426813935e-01,-1.366917635565168210e+00,-1.509850654206243759e+00,-1.563259844846132118e-01,3.286421493562152185e-01,-1.349613319767399566e-02,-3.774647335768301359e-01,1.696017942249628430e+00,1.871779785569029464e+00,-7.167944361002790421e-01,9.137094037957288473e-01,-4.602362970513234064e-01,-5.183686688943279358e-02,-5.183686688943279358e-02,1.418158377741196352e+00,-1.040941436780788015e-01,-2.030901712371240009e-02,-8.401389803667852485e-02,-3.271524934852403366e-01,-5.191945123345532709e-01,-7.103890521813077674e-01,-5.752567881263277033e-02,-3.801429606348526863e-02,-1.147078669352808861e-01,-1.711160802546210780e-01,-7.340709118518067011e-02,-7.197411700355742237e-02,-1.244624194945742751e-01,-7.051263942166730025e-02,-2.872721242393142319e-02,-2.030901712371240009e-02,-2.019004323808653023e-01,-1.435916317235476011e-02,-1.435916317235476011e-02,-5.183686688943279358e-02,-3.801429606348527557e-02,-3.801429606348527557e-02,-1.558271304830920190e-01,-4.064318733121485144e-02,-8.148853797899899276e-02,-1.210011918676099085e-01,-5.569323991926412171e-02,-7.051263942166730025e-02,-4.979810447122927364e-02,-3.212131358814808435e-02,-2.030901712371240009e-02,-3.801429606348527557e-02,-6.749673070628271765e-02,-3.519076715388935045e-02,-1.435916317235476185e-02,-3.524455202264515918e-01,-3.753330286669139260e-01,-2.907009498669055336e-01,-4.311306135592269523e-02,-3.519076715388935045e-02,-3.801429606348527557e-02,-1.435916317235476011e-02,-1.286658602907498339e-01,-4.767312946227962589e-02,5.913962991410492975e-01,-2.487592975524973576e-02,-4.967123990818995694e-01,-1.786283982422259831e-01,-4.979810447122926670e-02,5.840947806181536750e-01,-2.030901712371240009e-02,-4.892821642774447533e-01,-1.767766952966368654e-01
-1.305258355176345808e-01,4.047385190264539689e-01,4.511560658017802483e-01,7.082331122151057645e-01,2.811349181689064114e+00,8.879514235194433391e-01,-4.966680157416004104e-01,-4.963069089824175273e-01,-6.623362709603883292e-02,-3.636176791775609651e-02,8.414777418280475763e-01,-3.064091508042205425e-01,6.554367625310201229e-01,1.655667071956918424e+00,6.450939483302627897e-01,6.427588701975132102e-01,-4.702885519880157239e-01,-6.341994886133547338e-01,-4.330093826737481111e-01,7.486479493322998335e-01,-4.872757218968044035e-01,-3.138334775838059199e-01,-3.578442731684854800e-02,-5.088462931910747722e-01,-1.810004182342134504e-01,-7.841737291901780260e-01,4.232564107054141989e-01,5.427337262387786909e-01,-7.218840810112155948e-01,9.661669787526503406e-01,-4.805784352658213909e-01,0.000000000000000000e+00,0.000000000000000000e+00,-2.392467030372219805e-01,-1.734114156426813935e-01,-1.736090558870059808e-01,3.802108422535175891e-01,-1.149064616371371639e-01,6.461782799883358797e-01,4.575092059528056976e-01,9.257960654133498002e-01,-4.668062001933125371e-01,-3.028481800313378436e-01,-2.472873054599261933e-01,-3.669621702617922865e-01,-4.602362970513234064e-01,-5.183686688943279358e-02,-5.183686688943279358e-02,-7.051398600435393460e-01,-1.040941436780788015e-01,-2.030901712371240009e-02,-8.401389803667852485e-02,-3.271524934852403366e-01,-5.191945123345532709e-01,1.407679351095596942e+00,-5.752567881263277033e-02,-3.801429606348526863e-02,-1.147078669352808861e-01,-1.711160802546210780e-01,-7.340709118518067011e-02,-7.197411700355742237e-02,-1.244624194945742751e-01,-7.051263942166730025e-02,-2.872721242393142319e-02,-2.030901712371240009e-02,-2.019004323808653023e-01,-1.435916317235476011e-02,-1.435916317235476011e-02,-5.183686688943279358e-02,-3.801429606348527557e-02,-3.801429606348527557e-02,-1.558271304830920190e-01,-4.064318733121485144e-02,-8.148853797899899276e-02,-1.210011918676099085e-01,-5.569323991926412171e-02,-7.051263942166730025e-02,-4.979810447122927364e-02,-3.212131358814808435e-02,-2.030901712371240009e-02,-3.801429606348527557e-02,-6.749673070628271765e-02,-3.519076715388935045e-02,-1.435916317235476185e-02,-3.524455202264515918e-01,-3.753330286669139260e-01,-2.907009498669055336e-01,-4.311306135592269523e-02,-3.519076715388935045e-02,-3.801429606348527557e-02,-1.435916317235476011e-02,-1.286658602907498339e-01,-4.767312946227962589e-02,5.913962991410492975e-01,-2.487592975524973576e-02,-4.967123990818995694e-01,-1.786283982422259831e-01,-4.979810447122926670e-02,-1.712050908829709783e+00,-2.030901712371240009e-02,2.043810449286999731e+00,-1.767766952966368654e-01
4.173249213950045999e-01,-5.537123258831522232e-01,4.511560658017802483e-01,7.082331122151057645e-01,5.869571985699155725e-01,2.424306768861562156e-01,5.905777172739697933e-01,-4.963069089824175273e-01,5.168867450326074531e-01,-3.636176791775609651e-02,8.414777418280475763e-01,-2.277005449494729383e+00,3.353111172311010885e-02,-6.197581047689565414e-01,-3.586927771487311012e-01,-9.718073465293448898e-02,-3.574555846951790183e-01,-1.671783547593307107e-01,1.415752136732187916e+00,-7.136883070514067340e-01,-1.617011407362130893e+00,-2.070171474241768728e+00,3.583082755659137142e-01,7.053380986500334959e-01,-2.739434719924614403e-01,8.154657025812744875e-01,1.430503311119001530e+00,-1.057395018361759059e-01,-2.303608511486300581e-02,5.354750218019320718e-01,-1.607196433309727501e+00,0.000000000000000000e+00,0.000000000000000000e+00,-2.945475981862985648e+00,-2.826168596982509662e+00,-1.963571925404249408e+00,1.026264728392679015e-01,1.663454596336276514e-01,-4.122754887853995465e-01,-2.489988027729138353e-01,-3.774647335768301359e-01,-4.668062001933125371e-01,-1.027724168564793761e+00,-1.421055132060808246e+00,-3.669621702617922865e-01,-4.602362970513234064e-01,-5.183686688943279358e-02,-5.183686688943279358e-02,-7.051398600435393460e-01,-1.040941436780788015e-01,-2.030901712371240009e-02,-8.401389803667852485e-02,-3.271524934852403366e-01,-5.191945123345532709e-01,1.407679351095596942e+00,-5.752567881263277033e-02,-3.801429606348526863e-02,-1.147078669352808861e-01,-1.711160802546210780e-01,-7.340709118518067011e-02,-7.197411700355742237e-02,-1.244624194945742751e-01,-7.051263942166730025e-02,-2.872721242393142319e-02,-2.030901712371240009e-02,-2.019004323808653023e-01,-1.435916317235476011e-02,-1.435916317235476011e-02,-5.183686688943279358e-02,-3.801429606348527557e-02,-3.801429606348527557e-02,-1.558271304830920190e-01,-4.064318733121485144e-02,-8.148853797899899276e-02,-1.210011918676099085e-01,-5.569323991926412171e-02,-7.051263942166730025e-02,-4.979810447122927364e-02,-3.212131358814808435e-02,-2.030901712371240009e-02,-3.801429606348527557e-02,-6.749673070628271765e-02,-3.519076715388935045e-02,-1.435916317235476185e-02,-3.524455202264515918e-01,-3.753330286669139260e-01,-2.907009498669055336e-01,-4.311306135592269523e-02,-3.519076715388935045e-02,-3.801429606348527557e-02,-1.435916317235476011e-02,-1.286658602907498339e-01,-4.767312946227962589e-02,-1.690913523558418063e+00,-2.487592975524973576e-02,-4.967123990818995694e-01,-1.786283982422259831e-01,-4.979810447122926670e-02,5.840947806181536750e-01,-2.030901712371240009e-02,-4.892821642774447533e-01,-1.767766952966368654e-01
4.689340506693836508e-01,-7.448690342834912714e-02,4.511560658017802483e-01,-1.284019034700219164e+00,-1.027520853693982383e+00,-7.617127067656237482e-01,-4.966680157416004104e-01,-4.963069089824175273e-01,-6.493539992246850634e-01,5.575471080722594897e-01,-9.195736315840468134e-01,-2.523329986831043037e+00,-1.063976597086693648e-01,-1.088917935021714412e+00,7.363472870101713808e-01,-2.152568525904178021e+00,-8.087874538665257296e-01,-1.801752323248414722e+00,-1.236479578871264806e+00,-1.549309024984953487e+00,-1.052143564629467676e+00,-8.156443337717953490e-01,-1.115714855635336622e-01,1.316347018415236381e+00,8.413731731065147157e-01,2.261248592970551696e-01,-1.363252006354677692e-01,7.953856332809684793e-02,1.497972902143424601e-01,1.009236174447722290e+00,-7.622329347767978769e-01,0.000000000000000000e+00,0.000000000000000000e+00,-2.172267616484195862e+00,-1.647165405275919259e+00,-7.702633457260871230e-01,-1.482354089311435974e+00,-1.124340316839335774e+00,-8.356569962948936503e-01,-2.489988027729138353e-01,9.257960654133498002e-01,-4.668062001933125371e-01,-9.574075473606477593e-02,-7.167944361002790421e-01,-3.669621702617922865e-01,-4.602362970513234064e-01,-5.183686688943279358e-02,-5.183686688943279358e-02,1.418158377741196352e+00,-1.040941436780788015e-01,-2.030901712371240009e-02,-8.401389803667852485e-02,-3.271524934852403366e-01,-5.191945123345532709e-01,-7.103890521813077674e-01,-5.752567881263277033e-02,-3.801429606348526863e-02,-1.147078669352808861e-01,-1.711160802546210780e-01,-7.340709118518067011e-02,-7.197411700355742237e-02,8.034553755751097981e+00,-7.051263942166730025e-02,-2.872721242393142319e-02,-2.030901712371240009e-02,-2.019004323808653023e-01,-1.435916317235476011e-02,-1.435916317235476011e-02,-5.183686688943279358e-02,-3.801429606348527557e-02,-3.801429606348527557e-02,-1.558271304830920190e-01,-4.064318733121485144e-02,-8.148853797899899276e-02,-1.210011918676099085e-01,-5.569323991926412171e-02,-7.051263942166730025e-02,-4.979810447122927364e-02,-3.212131358814808435e-02,-2.030901712371240009e-02,-3.801429606348527557e-02,-6.749673070628271765e-02,-3.519076715388935045e-02,-1.435916317235476185e-02,-3.524455202264515918e-01,-3.753330286669139260e-01,-2.907009498669055336e-01,-4.311306135592269523e-02,-3.519076715388935045e-02,-3.801429606348527557e-02,-1.435916317235476011e-02,-1.286658602907498339e-01,-4.767312946227962589e-02,5.913962991410492975e-01,-2.487592975524973576e-02,-4.967123990818995694e-01,-1.786283982422259831e-01,-4.979810447122926670e-02,5.840947806181536750e-01,-2.030901712371240009e-02,-4.892821642774447533e-01,-1.767766952966368654e-01
-1.500446728714061317e-01,-5.537123258831522232e-01,4.511560658017802483e-01,7.082331122151057645e-01,8.467513786559180411e-02,6.010533139046491113e-01,-4.966680157416004104e-01,1.810913805415002020e+00,-6.493539992246850634e-01,-6.302706439077716549e-01,8.414777418280475763e-01,1.171538073213661102e+00,6.554367625310201229e-01,1.123952597670459186e+00,-5.411994545085482278e-01,3.961123352473639447e-01,-3.574555846951790183e-01,1.597364389384861028e-01,-7.450366433329778104e-01,2.472755185721718374e-01,3.600260422021904771e-01,1.693409947168151630e+00,2.218915707218805100e-01,-6.655152469770239110e-01,-4.598295795089574756e-01,8.154657025812744875e-01,1.994237661690613783e-01,-1.773242088314630704e+00,-1.202811734101178587e+00,-2.828396964044327944e-01,3.643850632671082335e-01,0.000000000000000000e+00,0.000000000000000000e+00,5.339616623415676111e-01,2.184594967770498997e+00,1.318026668710696736e+00,-7.615512809975470976e-01,3.460527442460640812e-01,-1.047347750049640647e+00,-9.555068114986333683e-01,-3.774647335768301359e-01,-4.668062001933125371e-01,-1.131277881212430225e+00,-1.186301566740631808e+00,-3.669621702617922865e-01,-4.602362970513234064e-01,-5.183686688943279358e-02,-5.183686688943279358e-02,-7.051398600435393460e-01,-1.040941436780788015e-01,-2.030901712371240009e-02,-8.401389803667852485e-02,3.056678521220304923e+00,-5.191945123345532709e-01,-7.103890521813077674e-01,-5.752567881263277033e-02,-3.801429606348526863e-02,-1.147078669352808861e-01,-1.711160802546210780e-01,-7.340709118518067011e-02,-7.197411700355742237e-02,-1.244624194945742751e-01,-7.051263942166730025e-02,-2.872721242393142319e-02,-2.030901712371240009e-02,-2.019004323808653023e-01,-1.435916317235476011e-02,-1.435916317235476011e-02,-5.183686688943279358e-02,-3.801429606348527557e-02,-3.801429606348527557e-02,-1.558271304830920190e-01,-4.064318733121485144e-02,-8.148853797899899276e-02,-1.210011918676099085e-01,-5.569323991926412171e-02,-7.051263942166730025e-02,-4.979810447122927364e-02,-3.212131358814808435e-02,-2.030901712371240009e-02,-3.801429606348527557e-02,-6.749673070628271765e-02,-3.519076715388935045e-02,-1.435916317235476185e-02,-3.524455202264515918e-01,-3.753330286669139260e-01,-2.907009498669055336e-01,-4.311306135592269523e-02,-3.519076715388935045e-02,-3.801429606348527557e-02,-1.435916317235476011e-02,-1.286658602907498339e-01,-4.767312946227962589e-02,5.913962991410492975e-01,-2.487592975524973576e-02,-4.967123990818995694e-01,-1.786283982422259831e-01,-4.979810447122926670e-02,-1.712050908829709783e+00,-2.030901712371240009e-02,2.043810449286999731e+00,-1.767766952966368654e-01
5.513101608573347523e-01,-5.537123258831522232e-01,-4.977276807426366662e-02,7.082331122151057645e-01,-2.740977626374966336e-01,-4.389523334489801587e-01,5.905777172739697933e-01,-4.963069089824175273e-01,1.100007117161253767e+00,5.575471080722594897e-01,8.414777418280475763e-01,4.325644612047202520e-01,-1.141714803437684222e-01,-3.148042151046642756e-01,3.713339322905371831e-01,4.783278468974136999e-01,-1.317896501095057737e-01,-1.671783547593307107e-01,6.902887556994790064e-01,-1.287538044979241458e-01,9.248938849348538049e-01,6.897882347921728829e-01,-4.601919534982848448e-01,-6.498483515984290193e-01,-4.598295795089574756e-01,7.312741535406717119e-01,-8.078231342445260088e-01,2.648166284923695879e-01,1.036507650598961661e+00,7.077518045822193127e-01,9.276940622890612609e-01,0.000000000000000000e+00,0.000000000000000000e+00,9.205658450309623930e-01,1.300342573990556527e+00,4.230452339520751615e-01,6.355360877053038982e-01,-4.890182809046627610e-01,-9.473935815327891308e-02,9.285145451032854602e-01,9.257960654133498002e-01,-4.668062001933125371e-01,6.291352337973910025e-01,2.222198251804266556e-01,9.137094037957288473e-01,-4.602362970513234064e-01,-5.183686688943279358e-02,-5.183686688943279358e-02,-7.051398600435393460e-01,-1.040941436780788015e-01,-2.030901712371240009e-02,-8.401389803667852485e-02,-3.271524934852403366e-01,-5.191945123345532709e-01,1.407679351095596942e+00,-5.752567881263277033e-02,-3.801429606348526863e-02,-1.147078669352808861e-01,-1.711160802546210780e-01,-7.340709118518067011e-02,-7.197411700355742237e-02,-1.244624194945742751e-01,-7.051263942166730025e-02,-2.872721242393142319e-02,-2.030901712371240009e-02,-2.019004323808653023e-01,-1.435916317235476011e-02,-1.435916317235476011e-02,-5.183686688943279358e-02,-3.801429606348527557e-02,-3.801429606348527557e-02,-1.558271304830920190e-01,-4.064318733121485144e-02,-8.148853797899899276e-02,-1.210011918676099085e-01,-5.569323991926412171e-02,-7.051263942166730025e-02,-4.979810447122927364e-02,-3.212131358814808435e-02,-2.030901712371240009e-02,-3.801429606348527557e-02,-6.749673070628271765e-02,-3.519076715388935045e-02,-1.435916317235476185e-02,-3.524455202264515918e-01,-3.753330286669139260e-01,-2.907009498669055336e-01,-4.311306135592269523e-02,-3.519076715388935045e-02,-3.801429606348527557e-02,-1.435916317235476011e-02,-1.286658602907498339e-01,-4.767312946227962589e-02,5.913962991410492975e-01,-2.487592975524973576e-02,-4.967123990818995694e-01,-1.786283982422259831e-01,-4.979810447122926670e-02,5.840947806181536750e-01,-2.030901712371240009e-02,-4.892821642774447533e-01,-1.767766952966368654e-01
-7.936700639182294736e-01,-5.537123258831522232e-01,-4.977276807426366662e-02,2.700485259130430471e+00,2.201435250833813750e+00,2.501753290102661342e+00,-4.966680157416004104e-01,-4.963069089824175273e-01,-6.493539992246850634e-01,-6.302706439077716549e-01,8.414777418280475763e-01,-1.291707300149474991e+00,7.176273276118111388e-01,1.741679707503257069e+00,-1.761860997889140579e-01,1.494658002972147348e-01,-1.317896501095057737e-01,1.000374479875729250e+00,-8.308441400142659861e-01,4.979617339522358077e-01,-1.052143564629467676e+00,-1.568360618053779465e+00,3.962018046892561429e-01,2.431646849814824707e-01,-1.810004182342134504e-01,5.628910554594662718e-01,-8.078231342445260088e-01,-4.762956321647214275e-01,-6.016521677387247635e-01,1.052305370142794017e+00,-1.043887434287774418e+00,0.000000000000000000e+00,0.000000000000000000e+00,-1.012455068416011628e+00,-2.236667001129214238e+00,-2.261899070323790006e+00,-8.342207739338247663e-01,5.437975630017561901e-01,1.387095918129950478e+00,2.220065363775658440e-01,-3.774647335768301359e-01,-4.668062001933125371e-01,3.184740958544813871e-01,9.264805211409559149e-01,-3.669621702617922865e-01,-4.602362970513234064e-01,-5.183686688943279358e-02,-5.183686688943279358e-02,-7.051398600435393460e-01,-1.040941436780788015e-01,-2.030901712371240009e-02,-8.401389803667852485e-02,3.056678521220304923e+00,-5.191945123345532709e-01,-7.103890521813077674e-01,-5.752567881263277033e-02,-3.801429606348526863e-02,-1.147078669352808861e-01,-1.711160802546210780e-01,-7.340709118518067011e-02,-7.197411700355742237e-02,-1.244624194945742751e-01,-7.051263942166730025e-02,-2.872721242393142319e-02,-2.030901712371240009e-02,-2.019004323808653023e-01,-1.435916317235476011e-02,-1.435916317235476011e-02,-5.183686688943279358e-02,-3.801429606348527557e-02,-3.801429606348527557e-02,-1.558271304830920190e-01,-4.064318733121485144e-02,-8.148853797899899276e-02,-1.210011918676099085e-01,-5.569323991926412171e-02,-7.051263942166730025e-02,-4.979810447122927364e-02,-3.212131358814808435e-02,-2.030901712371240009e-02,-3.801429606348527557e-02,-6.749673070628271765e-02,-3.519076715388935045e-02,-1.435916317235476185e-02,-3.524455202264515918e-01,-3.753330286669139260e-01,-2.907009498669055336e-01,-4.311306135592269523e-02,-3.519076715388935045e-02,-3.801429606348527557e-02,-1.435916317235476011e-02,-1.286658602907498339e-01,-4.767312946227962589e-02,5.913962991410492975e-01,-2.487592975524973576e-02,-4.967123990818995694e-01,-1.786283982422259831e-01,-4.979810447122926670e-02,5.840947806181536750e-01,-2.030901712371240009e-02,-4.892821642774447533e-01,-1.767766952966368654e-01
-1.577731835586680509e+00,8.839639414812570095e-01,-5.507016019503075954e-01,-1.284019034700219164e+00,-9.557662735933646347e-01,-6.899881793619251358e-01,-4.966680157416004104e-01,6.573034482162921632e-01,-6.493539992246850634e-01,-6.302706439077716549e-01,2.699025080906558127e+00,-6.008461346790693741e-02,4.066745022078559479e-01,-1.284401197627029978e+00,-1.088719486587999441e+00,-1.330413409403680580e+00,-8.087874538665257296e-01,-2.605825815301355264e-01,-4.018066566078251078e-01,3.726186262622038226e-01,2.619497413132843455e+00,-6.292804948981121915e-02,-1.938039589308643063e+00,-2.005034801846891312e+00,3.766579043152746276e-01,4.786995064188634408e-01,1.994237661690613783e-01,5.427337262387786909e-01,-5.340217165229487195e-01,-1.574915567256587767e+00,1.378341261506623727e+00,0.000000000000000000e+00,0.000000000000000000e+00,1.307170027720357286e+00,4.160901802106137248e-01,1.019699523791156359e+00,-2.325697468307694471e-01,1.478409054350449559e+00,-8.356569962948936503e-01,1.635022553829005076e+00,-3.774647335768301359e-01,-4.668062001933125371e-01,-6.135093179742474589e-01,1.395987651781308791e+00,-3.669621702617922865e-01,-4.602362970513234064e-01,-5.183686688943279358e-02,-5.183686688943279358e-02,-7.051398600435393460e-01,-1.040941436780788015e-01,-2.030901712371240009e-02,-8.401389803667852485e-02,-3.271524934852403366e-01,1.926060419058570616e+00,-7.103890521813077674e-01,-5.752567881263277033e-02,-3.801429606348526863e-02,-1.147078669352808861e-01,-1.711160802546210780e-01,-7.340709118518067011e-02,-7.197411700355742237e-02,-1.244624194945742751e-01,-7.051263942166730025e-02,-2.872721242393142319e-02,-2.030901712371240009e-02,-2.019004323808653023e-01,-1.435916317235476011e-02,-1.435916317235476011e-02,-5.183686688943279358e-02,-3.801429606348527557e-02,-3.801429606348527557e-02,-1.558271304830920190e-01,-4.064318733121485144e-02,-8.148853797899899276e-02,-1.210011918676099085e-01,-5.569323991926412171e-02,-7.051263942166730025e-02,-4.979810447122927364e-02,-3.212131358814808435e-02,-2.030901712371240009e-02,2.630589287593180714e+01,-6.749673070628271765e-02,-3.519076715388935045e-02,-1.435916317235476185e-02,-3.524455202264515918e-01,-3.753330286669139260e-01,-2.907009498669055336e-01,-4.311306135592269523e-02,-3.519076715388935045e-02,-3.801429606348527557e-02,-1.435916317235476011e-02,-1.286658602907498339e-01,-4.767312946227962589e-02,-1.690913523558418063e+00,-2.487592975524973576e-02,-4.967123990818995694e-01,5.598214000911362120e+00,-4.979810447122926670e-02,5.840947806181536750e-01,-2.030901712371240009e-02,-4.892821642774447533e-01,-1.767766952966368654e-01
-2.995788166664018481e-01,-5.537123258831522232e-01,-4.977276807426366662e-02,-1.284019034700219164e+00,-1.063398143744291202e+00,-8.692994978711715559e-01,-4.966680157416004104e-01,6.573034482162921632e-01,-6.493539992246850634e-01,-3.636176791775609651e-02,-1.944843266789718417e+00,-3.064091508042205425e-01,-5.650530771795030383e-01,-1.057640613004863894e+00,-8.493276110900550846e-02,-2.616117579530339854e-01,7.708740882331873712e-01,-1.204762413739283167e-01,1.953999161369359028e+00,-1.340403845501566771e+00,-4.872757218968044035e-01,4.388828066981781961e-01,2.109101806493844308e-03,1.355514256861723776e+00,-4.598295795089574756e-01,3.945079573782606652e-01,5.351727329735904704e-01,-7.078932136200624115e-01,-6.767971135340316025e-01,4.493366304117883403e-01,-4.805784352658213909e-01,0.000000000000000000e+00,0.000000000000000000e+00,-2.392467030372219805e-01,4.160901802106137248e-01,-4.719362008065465242e-01,-6.987019898094151138e-01,-8.417584791159041235e-02,-1.259038503804387865e+00,-7.200041419233935702e-01,-3.774647335768301359e-01,-4.668062001933125371e-01,-3.028481800313378436e-01,-1.186301566740631808e+00,-3.669621702617922865e-01,-4.602362970513234064e-01,-5.183686688943279358e-02,-5.183686688943279358e-02,-7.051398600435393460e-01,-1.040941436780788015e-01,-2.030901712371240009e-02,-8.401389803667852485e-02,-3.271524934852403366e-01,1.926060419058570616e+00,-7.103890521813077674e-01,-5.752567881263277033e-02,-3.801429606348526863e-02,-1.147078669352808861e-01,-1.711160802546210780e-01,-7.340709118518067011e-02,-7.197411700355742237e-02,-1.244624194945742751e-01,-7.051263942166730025e-02,-2.872721242393142319e-02,-2.030901712371240009e-02,-2.019004323808653023e-01,-1.435916317235476011e-02,-1.435916317235476011e-02,-5.183686688943279358e-02,-3.801429606348527557e-02,-3.801429606348527557e-02,-1.558271304830920190e-01,-4.064318733121485144e-02,-8.148853797899899276e-02,-1.210011918676099085e-01,-5.569323991926412171e-02,-7.051263942166730025e-02,-4.979810447122927364e-02,-3.212131358814808435e-02,-2.030901712371240009e-02,-3.801429606348527557e-02,-6.749673070628271765e-02,-3.519076715388935045e-02,-1.435916317235476185e-02,-3.524455202264515918e-01,-3.753330286669139260e-01,3.439961240091715222e+00,-4.311306135592269523e-02,-3.519076715388935045e-02,-3.801429606348527557e-02,-1.435916317235476011e-02,-1.286658602907498339e-01,-4.767312946227962589e-02,5.913962991410492975e-01,-2.487592975524973576e-02,-4.967123990818995694e-01,-1.786283982422259831e-01,-4.979810447122926670e-02,5.840947806181536750e-01,-2.030901712371240009e-02,-4.892821642774447533e-01,-1.767766952966368654e-01
-1.556558859474114653e+00,-5.537123258831522232e-01,-5.507016019503075954e-01,-2.878929612425566442e-01,-1.664658924865700940e-01,3.858797316935533850e-01,5.905777172739697933e-01,6.573034482162921632e-01,-6.623362709603883292e-02,-3.636176791775609651e-02,-7.145197045429126925e-01,1.862399238684066816e-01,4.688650672886469639e-01,-2.366109100625379269e-01,-2.674394384688225657e-01,1.494658002972147348e-01,-4.702885519880157239e-01,-1.007816395696573997e+00,2.768526353259994632e-01,9.575531288156864385e-01,-7.697096432631360674e-01,4.388828066981781961e-01,2.109101806493844308e-03,8.649573119553326250e-02,6.554870655900186804e-01,-1.106413368653558910e-01,2.325833889264412591e+00,2.184971122013014133e-01,9.989351777013084632e-01,1.478522605462855299e-01,-4.805784352658213909e-01,0.000000000000000000e+00,0.000000000000000000e+00,-6.258508857266168457e-01,4.160901802106137248e-01,-1.736090558870059808e-01,-7.157236728395341974e-01,-1.747637330011838186e+00,-4.122754887853995465e-01,-2.489988027729138353e-01,-3.774647335768301359e-01,-4.668062001933125371e-01,8.362426590926641534e-01,2.222198251804266556e-01,-3.669621702617922865e-01,1.739375798511208382e+00,-5.183686688943279358e-02,-5.183686688943279358e-02,-7.051398600435393460e-01,-1.040941436780788015e-01,-2.030901712371240009e-02,-8.401389803667852485e-02,-3.271524934852403366e-01,1.926060419058570616e+00,-7.103890521813077674e-01,-5.752567881263277033e-02,-3.801429606348526863e-02,-1.147078669352808861e-01,-1.711160802546210780e-01,-7.340709118518067011e-02,-7.197411700355742237e-02,-1.244624194945742751e-01,-7.051263942166730025e-02,-2.872721242393142319e-02,-2.030901712371240009e-02,4.952936396459016066e+00,-1.435916317235476011e-02,-1.435916317235476011e-02,-5.183686688943279358e-02,-3.801429606348527557e-02,-3.801429606348527557e-02,-1.558271304830920190e-01,-4.064318733121485144e-02,-8.148853797899899276e-02,-1.210011918676099085e-01,-5.569323991926412171e-02,-7.051263942166730025e-02,-4.979810447122927364e-02,-3.212131358814808435e-02,-2.030901712371240009e-02,-3.801429606348527557e-02,-6.749673070628271765e-02,-3.519076715388935045e-02,-1.435916317235476185e-02,-3.524455202264515918e-01,-3.753330286669139260e-01,-2.907009498669055336e-01,-4.311306135592269523e-02,-3.519076715388935045e-02,-3.801429606348527557e-02,-1.435916317235476011e-02,-1.286658602907498339e-01,-4.767312946227962589e-02,-1.690913523558418063e+00,-2.487592975524973576e-02,2.013237442528823973e+00,-1.786283982422259831e-01,-4.979810447122926670e-02,5.840947806181536750e-01,-2.030901712371240009e-02,-4.892821642774447533e-01,-1.767766952966368654e-01
-6.915728756636974062e-02,3.759316476210075475e+00,-4.977276807426366662e-02,7.082331122151057645e-01,-3.458523427381143267e-01,-9.768862889767194746e-01,5.905777172739697933e-01,-4.963069089824175273e-01,1.100007117161253767e+00,5.575471080722594897e-01,8.414777418280475763e-01,-6.008461346790693741e-02,-8.993273644887542773e-01,-1.620632409308173205e+00,5.538406096503543097e-01,-5.904738045532329505e-01,2.012036728454390744e+00,-4.006889216863427361e-01,-9.758007746507620095e-02,-2.958779480846334686e-01,-6.362483984730694930e-02,-6.292804948981121915e-02,-1.119539360244444781e+00,-1.817032057303752390e+00,-8.805736447596543282e-02,-8.683652782307808016e-01,1.994237661690613783e-01,1.469124052060142516e+00,6.532684270428975593e-01,-5.843240662699356047e-01,-5.809668599935657873e-02,0.000000000000000000e+00,0.000000000000000000e+00,1.473574796521728292e-01,7.108409781372613256e-01,-4.719362008065465242e-01,1.674398043770290445e-01,-5.685170424990120264e-01,-1.153193126927014367e+00,-4.845014723481537167e-01,-3.774647335768301359e-01,1.696017942249628430e+00,-1.992944673837013236e-01,1.630741217101485230e+00,-3.669621702617922865e-01,-4.602362970513234064e-01,-5.183686688943279358e-02,-5.183686688943279358e-02,-7.051398600435393460e-01,-1.040941436780788015e-01,-2.030901712371240009e-02,-8.401389803667852485e-02,-3.271524934852403366e-01,-5.191945123345532709e-01,1.407679351095596942e+00,-5.752567881263277033e-02,-3.801429606348526863e-02,-1.147078669352808861e-01,-1.711160802546210780e-01,-7.340709118518067011e-02,-7.197411700355742237e-02,-1.244624194945742751e-01,-7.051263942166730025e-02,-2.872721242393142319e-02,-2.030901712371240009e-02,-2.019004323808653023e-01,-1.435916317235476011e-02,-1.435916317235476011e-02,-5.183686688943279358e-02,-3.801429606348527557e-02,-3.801429606348527557e-02,-1.558271304830920190e-01,-4.064318733121485144e-02,-8.148853797899899276e-02,-1.210011918676099085e-01,-5.569323991926412171e-02,-7.051263942166730025e-02,-4.979810447122927364e-02,-3.212131358814808435e-02,-2.030901712371240009e-02,-3.801429606348527557e-02,-6.749673070628271765e-02,-3.519076715388935045e-02,-1.435916317235476185e-02,-3.524455202264515918e-01,-3.753330286669139260e-01,-2.907009498669055336e-01,-4.311306135592269523e-02,-3.519076715388935045e-02,-3.801429606348527557e-02,-1.435916317235476011e-02,-1.286658602907498339e-01,-4.767312946227962589e-02,5.913962991410492975e-01,-2.487592975524973576e-02,-4.967123990818995694e-01,-1.786283982422259831e-01,-4.979810447122926670e-02,5.840947806181536750e-01,-2.030901712371240009e-02,-4.892821642774447533e-01,-1.767766952966368654e-01
9.061229246186908171e-01,-5.537123258831522232e-01,-5.507016019503075954e-01,-1.284019034700219164e+00,-9.198889835430558160e-01,-3.313655423434322955e-01,-4.966680157416004104e-01,-4.963069089824175273e-01,-6.493539992246850634e-01,-6.302706439077716549e-01,-1.414115455624429751e+00,-6.008461346790693741e-02,-9.862383907357066826e-02,-1.115016219951357607e-01,-4.499461158286396367e-01,2.316813119472644900e-01,2.067092517690042597e-01,-6.809016019987571555e-01,5.063287134805787709e-02,-2.958779480846334686e-01,-6.362483984730694930e-02,-3.138334775838059199e-01,1.790683676428260984e+00,-1.798414902405806592e-01,-3.668865257507094579e-01,-2.644978782475312235e-02,1.542419633387178024e+00,3.111361447834378180e-01,5.555799975089986686e-01,-1.105629136241454841e-01,-4.805784352658213909e-01,0.000000000000000000e+00,0.000000000000000000e+00,-2.392467030372219805e-01,-1.734114156426813935e-01,-1.736090558870059808e-01,1.130474255811843465e+00,5.725240062669412211e-01,1.387095918129950478e+00,9.285145451032854602e-01,-3.774647335768301359e-01,-4.668062001933125371e-01,9.397963717403006179e-01,2.100248347741838106e+00,-3.669621702617922865e-01,-4.602362970513234064e-01,-5.183686688943279358e-02,-5.183686688943279358e-02,1.418158377741196352e+00,-1.040941436780788015e-01,-2.030901712371240009e-02,-8.401389803667852485e-02,-3.271524934852403366e-01,-5.191945123345532709e-01,-7.103890521813077674e-01,-5.752567881263277033e-02,-3.801429606348526863e-02,-1.147078669352808861e-01,-1.711160802546210780e-01,-7.340709118518067011e-02,-7.197411700355742237e-02,-1.244624194945742751e-01,-7.051263942166730025e-02,-2.872721242393142319e-02,-2.030901712371240009e-02,-2.019004323808653023e-01,-1.435916317235476011e-02,-1.435916317235476011e-02,-5.183686688943279358e-02,-3.801429606348527557e-02,-3.801429606348527557e-02,-1.558271304830920190e-01,-4.064318733121485144e-02,-8.148853797899899276e-02,-1.210011918676099085e-01,-5.569323991926412171e-02,-7.051263942166730025e-02,-4.979810447122927364e-02,-3.212131358814808435e-02,-2.030901712371240009e-02,-3.801429606348527557e-02,-6.749673070628271765e-02,-3.519076715388935045e-02,-1.435916317235476185e-02,-3.524455202264515918e-01,2.664300564093018409e+00,-2.907009498669055336e-01,-4.311306135592269523e-02,-3.519076715388935045e-02,-3.801429606348527557e-02,-1.435916317235476011e-02,-1.286658602907498339e-01,-4.767312946227962589e-02,-1.690913523558418063e+00,-2.487592975524973576e-02,2.013237442528823973e+00,-1.786283982422259831e-01,-4.979810447122926670e-02,5.840947806181536750e-01,-2.030901712371240009e-02,-4.892821642774447533e-01,-1.767766952966368654e-01
-4.835190466443169410e-01,1.842414786390863091e+00,-5.507016019503075954e-01,2.700485259130430471e+00,1.125116549324548298e+00,5.191423067741356867e+00,-4.966680157416004104e-01,-4.963069089824175273e-01,1.683127489289899970e+00,-3.636176791775609651e-02,8.414777418280475763e-01,-2.277005449494729383e+00,1.292890054609127759e+00,1.856329371649440563e-01,6.320577570903027943e-03,1.494658002972147348e-01,2.067092517690042597e-01,3.932470058654981004e-01,1.665373945259572164e+00,3.837033908878519084e-02,-1.617011407362130893e+00,-1.819266046147774096e+00,-1.949372496348871220e-01,2.428696590295477353e+00,3.766579043152746276e-01,8.996572516218772630e-01,-8.078231342445260088e-01,1.283845986895869817e+00,-1.097608809987749012e+00,1.009236174447722290e+00,-1.325541933798751071e+00,0.000000000000000000e+00,0.000000000000000000e+00,-2.945475981862985648e+00,-1.941916203202566749e+00,-1.366917635565168210e+00,-5.284851595082242781e-01,-2.184552687558272976e-01,-2.005847350306524668e-01,-7.200041419233935702e-01,-3.774647335768301359e-01,-4.668062001933125371e-01,-3.028481800313378436e-01,-9.515480014204554804e-01,-3.669621702617922865e-01,-4.602362970513234064e-01,-5.183686688943279358e-02,-5.183686688943279358e-02,-7.051398600435393460e-01,-1.040941436780788015e-01,-2.030901712371240009e-02,-8.401389803667852485e-02,-3.271524934852403366e-01,-5.191945123345532709e-01,1.407679351095596942e+00,-5.752567881263277033e-02,-3.801429606348526863e-02,-1.147078669352808861e-01,-1.711160802546210780e-01,-7.340709118518067011e-02,-7.197411700355742237e-02,-1.244624194945742751e-01,-7.051263942166730025e-02,-2.872721242393142319e-02,-2.030901712371240009e-02,-2.019004323808653023e-01,-1.435916317235476011e-02,-1.435916317235476011e-02,-5.183686688943279358e-02,-3.801429606348527557e-02,-3.801429606348527557e-02,-1.558271304830920190e-01,-4.064318733121485144e-02,-8.148853797899899276e-02,-1.210011918676099085e-01,-5.569323991926412171e-02,-7.051263942166730025e-02,-4.979810447122927364e-02,-3.212131358814808435e-02,-2.030901712371240009e-02,-3.801429606348527557e-02,-6.749673070628271765e-02,-3.519076715388935045e-02,-1.435916317235476185e-02,-3.524455202264515918e-01,-3.753330286669139260e-01,-2.907009498669055336e-01,-4.311306135592269523e-02,-3.519076715388935045e-02,-3.801429606348527557e-02,-1.435916317235476011e-02,-1.286658602907498339e-01,-4.767312946227962589e-02,5.913962991410492975e-01,-2.487592975524973576e-02,-4.967123990818995694e-01,-1.786283982422259831e-01,-4.979810447122926670e-02,5.840947806181536750e-01,-2.030901712371240009e-02,-4.892821642774447533e-01,-1.767766952966368654e-01
-1.031866045184594238e+00,-7.448690342834912714e-02,-5.507016019503075954e-01,-1.284019034700219164e+00,-1.027520853693982383e+00,-1.120335343784116588e+00,-4.966680157416004104e-01,-4.963069089824175273e-01,-6.623362709603883292e-02,-6.302706439077716549e-01,-1.341743481374617630e+00,-6.008461346790693741e-02,-1.661161786728443834e+00,-2.121069561577781037e+00,-8.493276110900550846e-02,-2.152568525904178021e+00,-3.574555846951790183e-01,1.794310407427570198e+00,1.041319423941112321e+00,-2.384929742918500128e+00,2.647740805269476638e+00,-6.292804948981121915e-02,-9.755439495757431967e-01,-7.125159331128088080e-01,1.907717967987786201e-01,-1.710280768636808446e+00,9.828380220462961114e-01,1.721775959102332110e-01,6.307249433043053966e-01,-2.436299481158024527e+00,4.870857055442733063e+00,0.000000000000000000e+00,0.000000000000000000e+00,1.307170027720357286e+00,1.300342573990556527e+00,1.019699523791156359e+00,-2.862535163872988453e-01,-5.578281333770827022e-01,-3.064301119080259928e-01,9.285145451032854602e-01,-3.774647335768301359e-01,1.696017942249628430e+00,-9.574075473606477593e-02,4.569733905006030938e-01,-3.669621702617922865e-01,-4.602362970513234064e-01,-5.183686688943279358e-02,-5.183686688943279358e-02,-7.051398600435393460e-01,-1.040941436780788015e-01,-2.030901712371240009e-02,-8.401389803667852485e-02,-3.271524934852403366e-01,1.926060419058570616e+00,-7.103890521813077674e-01,-5.752567881263277033e-02,-3.801429606348526863e-02,-1.147078669352808861e-01,-1.711160802546210780e-01,-7.340709118518067011e-02,-7.197411700355742237e-02,-1.244624194945742751e-01,-7.051263942166730025e-02,-2.872721242393142319e-02,-2.030901712371240009e-02,-2.019004323808653023e-01,-1.435916317235476011e-02,-1.435916317235476011e-02,-5.183686688943279358e-02,-3.801429606348527557e-02,-3.801429606348527557e-02,-1.558271304830920190e-01,-4.064318733121485144e-02,-8.148853797899899276e-02,-1.210011918676099085e-01,-5.569323991926412171e-02,-7.051263942166730025e-02,-4.979810447122927364e-02,-3.212131358814808435e-02,-2.030901712371240009e-02,2.630589287593180714e+01,-6.749673070628271765e-02,-3.519076715388935045e-02,-1.435916317235476185e-02,-3.524455202264515918e-01,-3.753330286669139260e-01,-2.907009498669055336e-01,-4.311306135592269523e-02,-3.519076715388935045e-02,-3.801429606348527557e-02,-1.435916317235476011e-02,-1.286658602907498339e-01,-4.767312946227962589e-02,-1.690913523558418063e+00,-2.487592975524973576e-02,-4.967123990818995694e-01,5.598214000911362120e+00,-4.979810447122926670e-02,-1.712050908829709783e+00,-2.030901712371240009e-02,2.043810449286999731e+00,-1.767766952966368654e-01
-1.669867364451517400e+00,-5.537123258831522232e-01,-5.507016019503075954e-01,7.082331122151057645e-01,-4.893615029393497129e-01,-2.955032786415830448e-01,1.677823450289539942e+00,-4.963069089824175273e-01,-6.493539992246850634e-01,4.714909240002368662e+00,8.414777418280475763e-01,-6.008461346790693741e-02,-6.039221803549972289e-01,-1.503342451744983599e+00,-1.544986179987542174e+00,2.316813119472644900e-01,6.580411209403509432e-01,-2.707201460312350788e-02,-3.628032490254213815e-01,-1.173279701914857309e+00,9.248938849348538049e-01,6.897882347921728829e-01,-4.601919534982848448e-01,-6.498483515984290193e-01,-4.598295795089574756e-01,7.312741535406717119e-01,-8.078231342445260088e-01,2.648166284923695879e-01,1.036507650598961661e+00,7.077518045822193127e-01,9.276940622890612609e-01,0.000000000000000000e+00,0.000000000000000000e+00,9.205658450309623930e-01,1.005591776063908815e+00,4.230452339520751615e-01,-9.618833966597178931e-01,-7.943202476997685002e-01,-8.356569962948936503e-01,-7.200041419233935702e-01,-3.774647335768301359e-01,-4.668062001933125371e-01,6.291352337973910025e-01,2.222198251804266556e-01,9.137094037957288473e-01,-4.602362970513234064e-01,-5.183686688943279358e-02,-5.183686688943279358e-02,-7.051398600435393460e-01,-1.040941436780788015e-01,-2.030901712371240009e-02,-8.401389803667852485e-02,3.056678521220304923e+00,-5.191945123345532709e-01,-7.103890521813077674e-01,-5.752567881263277033e-02,-3.801429606348526863e-02,-1.147078669352808861e-01,-1.711160802546210780e-01,-7.340709118518067011e-02,-7.197411700355742237e-02,-1.244624194945742751e-01,-7.051263942166730025e-02,-2.872721242393142319e-02,-2.030901712371240009e-02,-2.019004323808653023e-01,-1.435916317235476011e-02,-1.435916317235476011e-02,-5.183686688943279358e-02,-3.801429606348527557e-02,-3.801429606348527557e-02,-1.558271304830920190e-01,-4.064318733121485144e-02,-8.148853797899899276e-02,-1.210011918676099085e-01,-5.569323991926412171e-02,-7.051263942166730025e-02,-4.979810447122927364e-02,-3.212131358814808435e-02,-2.030901712371240009e-02,-3.801429606348527557e-02,-6.749673070628271765e-02,-3.519076715388935045e-02,-1.435916317235476185e-02,-3.524455202264515918e-01,-3.753330286669139260e-01,-2.907009498669055336e-01,-4.311306135592269523e-02,-3.519076715388935045e-02,-3.801429606348527557e-02,-1.435916317235476011e-02,-1.286658602907498339e-01,-4.767312946227962589e-02,5.913962991410492975e-01,-2.487592975524973576e-02,-4.967123990818995694e-01,-1.786283982422259831e-01,-4.979810447122926670e-02,5.840947806181536750e-01,-2.030901712371240009e-02,-4.892821642774447533e-01,-1.767766952966368654e-01
6.146636753191526692e-01,4.047385190264539689e-01,4.959515570686175323e+00,7.082331122151057645e-01,3.716934582680625487e-01,-3.313655423434322955e-01,1.677823450289539942e+00,1.810913805415002020e+00,-6.493539992246850634e-01,2.933182612032321668e+00,8.414777418280475763e-01,-7.990582254768477943e-01,2.575729108801140185e-02,-3.304428761130895897e-01,-2.674394384688225657e-01,-2.616117579530339854e-01,-1.317896501095057737e-01,2.868459015291825676e+00,-1.080465948541649901e+00,-8.390314147414387191e-01,-1.052143564629467676e+00,-3.138334775838059199e-01,9.797621531887313884e-01,-5.401800839482646666e-01,1.907717967987786201e-01,-1.205131474393191793e+00,9.828380220462961114e-01,-1.983785344183122967e-01,6.833264053610199618e-01,-6.273932619650074427e-01,-1.043887434287774418e+00,0.000000000000000000e+00,0.000000000000000000e+00,-1.012455068416011628e+00,-1.057663809422624057e+00,-4.719362008065465242e-01,-2.201308246164516702e-01,-7.148276832929936764e-02,-9.415023731722672595e-01,-7.200041419233935702e-01,-3.774647335768301359e-01,-4.668062001933125371e-01,-9.241704559171570743e-01,-7.167944361002790421e-01,-3.669621702617922865e-01,1.739375798511208382e+00,-5.183686688943279358e-02,-5.183686688943279358e-02,-7.051398600435393460e-01,-1.040941436780788015e-01,-2.030901712371240009e-02,-8.401389803667852485e-02,-3.271524934852403366e-01,-5.191945123345532709e-01,1.407679351095596942e+00,-5.752567881263277033e-02,-3.801429606348526863e-02,-1.147078669352808861e-01,-1.711160802546210780e-01,-7.340709118518067011e-02,-7.197411700355742237e-02,-1.244624194945742751e-01,-7.051263942166730025e-02,-2.872721242393142319e-02,-2.030901712371240009e-02,-2.019004323808653023e-01,-1.435916317235476011e-02,-1.435916317235476011e-02,-5.183686688943279358e-02,-3.801429606348527557e-02,-3.801429606348527557e-02,-1.558271304830920190e-01,-4.064318733121485144e-02,-8.148853797899899276e-02,-1.210011918676099085e-01,-5.569323991926412171e-02,-7.051263942166730025e-02,-4.979810447122927364e-02,-3.212131358814808435e-02,-2.030901712371240009e-02,-3.801429606348527557e-02,-6.749673070628271765e-02,-3.519076715388935045e-02,-1.435916317235476185e-02,-3.524455202264515918e-01,-3.753330286669139260e-01,-2.907009498669055336e-01,-4.311306135592269523e-02,-3.519076715388935045e-02,-3.801429606348527557e-02,-1.435916317235476011e-02,-1.286658602907498339e-01,-4.767312946227962589e-02,5.913962991410492975e-01,-2.487592975524973576e-02,-4.967123990818995694e-01,-1.786283982422259831e-01,-4.979810447122926670e-02,5.840947806181536750e-01,-2.030901712371240009e-02,-4.892821642774447533e-01,-1.767766952966368654e-01
-1.199393474613516947e-01,-5.537123258831522232e-01,-4.977276807426366662e-02,7.082331122151057645e-01,-3.817296327884231455e-01,4.576042590972519419e-01,-4.966680157416004104e-01,-4.963069089824175273e-01,-6.493539992246850634e-01,5.575471080722594897e-01,8.414777418280475763e-01,1.664187147886288409e+00,-1.841358660596581487e-01,4.358515132997480279e-01,7.363472870101713808e-01,8.071898934976127205e-01,-1.895668281666913063e-02,-1.801752323248414722e+00,-1.236479578871264806e+00,-8.697276860124680820e-02,2.619497413132843455e+00,2.446126231450135968e+00,-1.324164417510494296e+00,2.823319234279700329e-01,1.306088441897754748e+00,-2.644978782475312235e-02,-5.839904897081731328e-01,8.206508239851878495e-01,5.255220191908759331e-01,-1.967013050142891462e-01,1.913484810577479101e+00,0.000000000000000000e+00,0.000000000000000000e+00,1.307170027720357286e+00,1.300342573990556527e+00,1.616353813630237335e+00,8.358682033674745826e-01,1.626717668417218654e+00,-9.415023731722672595e-01,-4.845014723481537167e-01,-3.774647335768301359e-01,-4.668062001933125371e-01,1.146903797035573769e+00,4.569733905006030938e-01,2.194380977853250148e+00,-4.602362970513234064e-01,-5.183686688943279358e-02,-5.183686688943279358e-02,-7.051398600435393460e-01,-1.040941436780788015e-01,-2.030901712371240009e-02,-8.401389803667852485e-02,-3.271524934852403366e-01,-5.191945123345532709e-01,1.407679351095596942e+00,-5.752567881263277033e-02,-3.801429606348526863e-02,-1.147078669352808861e-01,-1.711160802546210780e-01,-7.340709118518067011e-02,-7.197411700355742237e-02,-1.244624194945742751e-01,-7.051263942166730025e-02,-2.872721242393142319e-02,-2.030901712371240009e-02,-2.019004323808653023e-01,-1.435916317235476011e-02,-1.435916317235476011e-02,-5.183686688943279358e-02,-3.801429606348527557e-02,-3.801429606348527557e-02,-1.558271304830920190e-01,-4.064318733121485144e-02,-8.148853797899899276e-02,-1.210011918676099085e-01,-5.569323991926412171e-02,-7.051263942166730025e-02,-4.979810447122927364e-02,-3.212131358814808435e-02,-2.030901712371240009e-02,-3.801429606348527557e-02,-6.749673070628271765e-02,-3.519076715388935045e-02,-1.435916317235476185e-02,-3.524455202264515918e-01,-3.753330286669139260e-01,-2.907009498669055336e-01,-4.311306135592269523e-02,-3.519076715388935045e-02,-3.801429606348527557e-02,-1.435916317235476011e-02,-1.286658602907498339e-01,-4.767312946227962589e-02,-1.690913523558418063e+00,-2.487592975524973576e-02,-4.967123990818995694e-01,5.598214000911362120e+00,-4.979810447122926670e-02,5.840947806181536750e-01,-2.030901712371240009e-02,-4.892821642774447533e-01,-1.767766952966368654e-01
-1.512025700025620700e-01,-5.537123258831522232e-01,-5.507016019503075954e-01,-1.284019034700219164e+00,-8.840116934927469972e-01,-2.237787512378844601e-01,-4.966680157416004104e-01,6.573034482162921632e-01,-6.493539992246850634e-01,-6.302706439077716549e-01,-7.523393200290572069e-02,1.910511685222601841e+00,-1.763620454245594382e-01,-2.913462235920262211e-01,4.625872709704457186e-01,-8.371203395033821604e-01,-1.317896501095057737e-01,6.633221216768130091e-02,-1.989889371793257811e-01,3.308375903655265127e-01,9.248938849348538049e-01,1.879773786041834815e-01,-2.783030137062406095e-01,-4.931793978124797695e-01,4.885689282282582209e-03,1.419333102564523941e-01,-1.363252006354677692e-01,-2.910175670004486737e-01,2.174277414301183931e-01,1.870620088349158827e+00,9.276940622890612609e-01,0.000000000000000000e+00,0.000000000000000000e+00,9.205658450309623930e-01,1.300342573990556527e+00,-1.736090558870059808e-01,1.216892031195524915e+00,1.169766803454741044e+00,5.403329031109622704e-01,1.399519884253765056e+00,-3.774647335768301359e-01,-4.668062001933125371e-01,-3.028481800313378436e-01,-2.472873054599261933e-01,-3.669621702617922865e-01,1.739375798511208382e+00,-5.183686688943279358e-02,-5.183686688943279358e-02,-7.051398600435393460e-01,-1.040941436780788015e-01,-2.030901712371240009e-02,-8.401389803667852485e-02,-3.271524934852403366e-01,1.926060419058570616e+00,-7.103890521813077674e-01,-5.752567881263277033e-02,-3.801429606348526863e-02,-1.147078669352808861e-01,-1.711160802546210780e-01,-7.340709118518067011e-02,-7.197411700355742237e-02,-1.244624194945742751e-01,-7.051263942166730025e-02,-2.872721242393142319e-02,-2.030901712371240009e-02,4.952936396459016066e+00,-1.435916317235476011e-02,-1.435916317235476011e-02,-5.183686688943279358e-02,-3.801429606348527557e-02,-3.801429606348527557e-02,-1.558271304830920190e-01,-4.064318733121485144e-02,-8.148853797899899276e-02,-1.210011918676099085e-01,-5.569323991926412171e-02,-7.051263942166730025e-02,-4.979810447122927364e-02,-3.212131358814808435e-02,-2.030901712371240009e-02,-3.801429606348527557e-02,-6.749673070628271765e-02,-3.519076715388935045e-02,-1.435916317235476185e-02,-3.524455202264515918e-01,-3.753330286669139260e-01,-2.907009498669055336e-01,-4.311306135592269523e-02,-3.519076715388935045e-02,-3.801429606348527557e-02,-1.435916317235476011e-02,-1.286658602907498339e-01,-4.767312946227962589e-02,-1.690913523558418063e+00,-2.487592975524973576e-02,2.013237442528823973e+00,-1.786283982422259831e-01,-4.979810447122926670e-02,5.840947806181536750e-01,-2.030901712371240009e-02,-4.892821642774447533e-01,-1.767766952966368654e-01
7.472722969279907979e+00,-5.537123258831522232e-01,3.456729069058043891e+00,7.082331122151057645e-01,1.627398610028872206e+00,1.138987269432388372e+00,-4.966680157416004104e-01,-4.963069089824175273e-01,-6.493539992246850634e-01,2.339273736042306151e+00,8.414777418280475763e-01,6.788889985410339056e-01,8.497822784084918535e-01,1.452364478847389728e+00,-2.674394384688225657e-01,-5.904738045532329505e-01,-8.087874538665257296e-01,-1.801752323248414722e+00,-1.236479578871264806e+00,2.890565544688492028e-01,3.600260422021904771e-01,-5.647389056778006067e-01,1.222280739578122999e+00,5.095019064175967394e-01,-3.668865257507094579e-01,5.628910554594662718e-01,-4.720741674399969168e-01,-1.983785344183122967e-01,1.948842576915265357e-01,9.230977830575785026e-01,3.643850632671082335e-01,0.000000000000000000e+00,0.000000000000000000e+00,5.339616623415676111e-01,1.595093371917204017e+00,4.230452339520751615e-01,-1.169416993603862087e+00,2.013522567267035601e+00,-1.047347750049640647e+00,-7.200041419233935702e-01,-3.774647335768301359e-01,-4.668062001933125371e-01,-5.099556053266109945e-01,-7.167944361002790421e-01,-3.669621702617922865e-01,-4.602362970513234064e-01,-5.183686688943279358e-02,-5.183686688943279358e-02,-7.051398600435393460e-01,-1.040941436780788015e-01,-2.030901712371240009e-02,-8.401389803667852485e-02,-3.271524934852403366e-01,-5.191945123345532709e-01,1.407679351095596942e+00,-5.752567881263277033e-02,-3.801429606348526863e-02,-1.147078669352808861e-01,-1.711160802546210780e-01,-7.340709118518067011e-02,-7.197411700355742237e-02,-1.244624194945742751e-01,-7.051263942166730025e-02,-2.872721242393142319e-02,-2.030901712371240009e-02,-2.019004323808653023e-01,-1.435916317235476011e-02,-1.435916317235476011e-02,-5.183686688943279358e-02,-3.801429606348527557e-02,-3.801429606348527557e-02,-1.558271304830920190e-01,-4.064318733121485144e-02,-8.148853797899899276e-02,-1.210011918676099085e-01,-5.569323991926412171e-02,-7.051263942166730025e-02,-4.979810447122927364e-02,-3.212131358814808435e-02,-2.030901712371240009e-02,-3.801429606348527557e-02,-6.749673070628271765e-02,-3.519076715388935045e-02,-1.435916317235476185e-02,-3.524455202264515918e-01,-3.753330286669139260e-01,-2.907009498669055336e-01,-4.311306135592269523e-02,-3.519076715388935045e-02,-3.801429606348527557e-02,-1.435916317235476011e-02,-1.286658602907498339e-01,-4.767312946227962589e-02,-1.690913523558418063e+00,-2.487592975524973576e-02,2.013237442528823973e+00,-1.786283982422259831e-01,-4.979810447122926670e-02,-1.712050908829709783e+00,-2.030901712371240009e-02,2.043810449286999731e+00,-1.767766952966368654e-01
-4.080903192433014137e-01,-5.537123258831522232e-01,4.511560658017802483e-01,7.082331122151057645e-01,2.281842980668271903e-01,-1.520542238341859032e-01,-4.966680157416004104e-01,-4.963069089824175273e-01,-6.493539992246850634e-01,5.575471080722594897e-01,8.414777418280475763e-01,-6.008461346790693741e-02,-2.618740724106469742e-01,9.910239790988446540e-01,6.320577570903027943e-03,7.249743818475629098e-01,-1.895668281666913063e-02,-1.801752323248414722e+00,-1.236479578871264806e+00,-8.808124506381160845e-01,-6.362483984730694930e-02,1.879773786041834815e-01,2.370489823712175481e-01,-5.558469793268595582e-01,-5.527726332672054932e-01,3.103164083376579452e-01,-3.601578451718204787e-01,5.427337262387786909e-01,1.573117847938731162e-01,2.339906519364291781e-01,-5.809668599935657873e-02,0.000000000000000000e+00,0.000000000000000000e+00,1.473574796521728292e-01,1.213393822839661657e-01,1.247180890325345903e-01,-6.437088600197996557e-01,8.664690071199970811e-01,-2.005847350306524668e-01,-4.845014723481537167e-01,-3.774647335768301359e-01,1.696017942249628430e+00,1.664672360273756535e+00,4.569733905006030938e-01,2.194380977853250148e+00,1.739375798511208382e+00,-5.183686688943279358e-02,-5.183686688943279358e-02,-7.051398600435393460e-01,-1.040941436780788015e-01,-2.030901712371240009e-02,-8.401389803667852485e-02,3.056678521220304923e+00,-5.191945123345532709e-01,-7.103890521813077674e-01,-5.752567881263277033e-02,-3.801429606348526863e-02,-1.147078669352808861e-01,-1.711160802546210780e-01,-7.340709118518067011e-02,-7.197411700355742237e-02,-1.244624194945742751e-01,-7.051263942166730025e-02,-2.872721242393142319e-02,-2.030901712371240009e-02,-2.019004323808653023e-01,-1.435916317235476011e-02,-1.435916317235476011e-02,-5.183686688943279358e-02,-3.801429606348527557e-02,-3.801429606348527557e-02,-1.558271304830920190e-01,-4.064318733121485144e-02,-8.148853797899899276e-02,-1.210011918676099085e-01,-5.569323991926412171e-02,-7.051263942166730025e-02,-4.979810447122927364e-02,-3.212131358814808435e-02,-2.030901712371240009e-02,-3.801429606348527557e-02,-6.749673070628271765e-02,-3.519076715388935045e-02,-1.435916317235476185e-02,-3.524455202264515918e-01,-3.753330286669139260e-01,-2.907009498669055336e-01,-4.311306135592269523e-02,-3.519076715388935045e-02,-3.801429606348527557e-02,-1.435916317235476011e-02,-1.286658602907498339e-01,-4.767312946227962589e-02,5.913962991410492975e-01,-2.487592975524973576e-02,-4.967123990818995694e-01,-1.786283982422259831e-01,-4.979810447122926670e-02,-1.712050908829709783e+00,-2.030901712371240009e-02,2.043810449286999731e+00,-1.767766952966368654e-01
1.849184257844194434e-01,-5.537123258831522232e-01,-4.977276807426366662e-02,7.082331122151057645e-01,-4.534842128890408386e-01,1.707061494824576586e-01,-4.966680157416004104e-01,-4.963069089824175273e-01,-6.493539992246850634e-01,1.745364860052290412e+00,-2.011184243185379472e+00,-5.527336881405341407e-01,1.191830386352841886e+00,4.280321827955355651e-01,2.800805936106286476e-01,-9.718073465293448898e-02,-8.087874538665257296e-01,1.000374479875729250e+00,-1.957326230026869979e-02,-1.006155558328148070e+00,-4.872757218968044035e-01,4.388828066981781961e-01,-4.601919534982848448e-01,-5.088462931910747722e-01,6.554870655900186804e-01,-3.632159839871641482e-01,-8.078231342445260088e-01,1.721775959102332110e-01,1.013964166860369831e+00,8.369593916674348266e-01,-5.809668599935657873e-02,0.000000000000000000e+00,0.000000000000000000e+00,1.473574796521728292e-01,1.213393822839661657e-01,-1.736090558870059808e-01,-6.162122951249918712e-01,-4.756571445022511613e-01,-3.064301119080259928e-01,4.575092059528056976e-01,3.532317663393710117e+00,-4.668062001933125371e-01,-4.064018926789744190e-01,4.569733905006030938e-01,-3.669621702617922865e-01,-4.602362970513234064e-01,-5.183686688943279358e-02,-5.183686688943279358e-02,1.418158377741196352e+00,-1.040941436780788015e-01,-2.030901712371240009e-02,-8.401389803667852485e-02,-3.271524934852403366e-01,-5.191945123345532709e-01,-7.103890521813077674e-01,-5.752567881263277033e-02,-3.801429606348526863e-02,-1.147078669352808861e-01,-1.711160802546210780e-01,-7.340709118518067011e-02,-7.197411700355742237e-02,-1.244624194945742751e-01,-7.051263942166730025e-02,-2.872721242393142319e-02,-2.030901712371240009e-02,-2.019004323808653023e-01,-1.435916317235476011e-02,-1.435916317235476011e-02,-5.183686688943279358e-02,-3.801429606348527557e-02,-3.801429606348527557e-02,-1.558271304830920190e-01,-4.064318733121485144e-02,-8.148853797899899276e-02,-1.210011918676099085e-01,-5.569323991926412171e-02,-7.051263942166730025e-02,-4.979810447122927364e-02,-3.212131358814808435e-02,-2.030901712371240009e-02,-3.801429606348527557e-02,-6.749673070628271765e-02,-3.519076715388935045e-02,-1.435916317235476185e-02,-3.524455202264515918e-01,-3.753330286669139260e-01,-2.907009498669055336e-01,2.319482700948640641e+01,-3.519076715388935045e-02,-3.801429606348527557e-02,-1.435916317235476011e-02,-1.286658602907498339e-01,-4.767312946227962589e-02,5.913962991410492975e-01,-2.487592975524973576e-02,-4.967123990818995694e-01,-1.786283982422259831e-01,-4.979810447122926670e-02,5.840947806181536750e-01,-2.030901712371240009e-02,-4.892821642774447533e-01,-1.767766952966368654e-01
-8.097152098785331820e-01,8.839639414812570095e-01,-5.507016019503075954e-01,-1.284019034700219164e+00,-9.557662735933646347e-01,-1.120335343784116588e+00,-4.966680157416004104e-01,1.810913805415002020e+00,-6.623362709603883292e-02,-6.302706439077716549e-01,-8.472016573342346923e-01,2.156836222558915495e+00,-2.696478930457456569e-01,-4.086361811552155499e-01,1.375120657769531185e+00,-5.082582929031832508e-01,-8.087874538665257296e-01,3.932470058654981004e-01,4.796703547544989843e-01,3.726186262622038226e-01,2.619497413132843455e+00,6.897882347921728829e-01,2.192355085135691883e+00,-1.660363103517802807e+00,-4.598295795089574756e-01,-2.720579357124041753e+00,1.766252277923530567e+00,-1.032129827657539689e+00,-6.392246406363781830e-01,-1.015016023220653985e+00,2.110642960235162846e+00,0.000000000000000000e+00,0.000000000000000000e+00,1.307170027720357286e+00,1.595093371917204017e+00,1.019699523791156359e+00,1.681714913941084522e+00,1.567260611426487094e+00,4.344875262335887722e-01,-4.845014723481537167e-01,-3.774647335768301359e-01,-4.668062001933125371e-01,-1.027724168564793761e+00,-7.167944361002790421e-01,-3.669621702617922865e-01,-4.602362970513234064e-01,-5.183686688943279358e-02,-5.183686688943279358e-02,1.418158377741196352e+00,-1.040941436780788015e-01,-2.030901712371240009e-02,-8.401389803667852485e-02,-3.271524934852403366e-01,-5.191945123345532709e-01,-7.103890521813077674e-01,-5.752567881263277033e-02,-3.801429606348526863e-02,-1.147078669352808861e-01,-1.711160802546210780e-01,-7.340709118518067011e-02,-7.197411700355742237e-02,-1.244624194945742751e-01,-7.051263942166730025e-02,-2.872721242393142319e-02,-2.030901712371240009e-02,-2.019004323808653023e-01,-1.435916317235476011e-02,-1.435916317235476011e-02,-5.183686688943279358e-02,-3.801429606348527557e-02,-3.801429606348527557e-02,-1.558271304830920190e-01,-4.064318733121485144e-02,-8.148853797899899276e-02,-1.210011918676099085e-01,-5.569323991926412171e-02,-7.051263942166730025e-02,-4.979810447122927364e-02,-3.212131358814808435e-02,-2.030901712371240009e-02,-3.801429606348527557e-02,-6.749673070628271765e-02,-3.519076715388935045e-02,-1.435916317235476185e-02,2.837317947345407543e+00,-3.753330286669139260e-01,-2.907009498669055336e-01,-4.311306135592269523e-02,-3.519076715388935045e-02,-3.801429606348527557e-02,-1.435916317235476011e-02,-1.286658602907498339e-01,-4.767312946227962589e-02,5.913962991410492975e-01,-2.487592975524973576e-02,-4.967123990818995694e-01,-1.786283982422259831e-01,-4.979810447122926670e-02,5.840947806181536750e-01,-2.030901712371240009e-02,-4.892821642774447533e-01,-1.767766952966368654e-01
5.174003163020537421e-01,-5.537123258831522232e-01,-5.507016019503075954e-01,7.082331122151057645e-01,1.125116549324548298e+00,1.712783488661976827e+00,-4.966680157416004104e-01,-4.963069089824175273e-01,-6.493539992246850634e-01,-6.302706439077716549e-01,8.414777418280475763e-01,-5.527336881405341407e-01,-6.039221803549972289e-01,-3.304428761130895897e-01,9.757391625081156261e-02,4.783278468974136999e-01,-4.702885519880157239e-01,1.130343255530836949e-01,-7.606380063659393675e-01,-7.554693429480840994e-01,-6.362483984730694930e-02,1.879773786041834815e-01,4.265166279879301636e-01,1.238012541522261367e+00,-6.457156870254534553e-01,8.996572516218772630e-01,-2.440887836729143182e-02,5.427337262387786909e-01,-5.039637382048260950e-01,8.369593916674348266e-01,-5.809668599935657873e-02,0.000000000000000000e+00,0.000000000000000000e+00,1.473574796521728292e-01,-4.681622135693289666e-01,-1.736090558870059808e-01,5.798882777991453130e-01,4.409168127031866113e-01,2.227967724788416926e-01,1.164017214678525258e+00,-3.774647335768301359e-01,-4.668062001933125371e-01,7.812957911571764835e-03,1.395987651781308791e+00,9.137094037957288473e-01,1.739375798511208382e+00,-5.183686688943279358e-02,-5.183686688943279358e-02,-7.051398600435393460e-01,-1.040941436780788015e-01,-2.030901712371240009e-02,-8.401389803667852485e-02,-3.271524934852403366e-01,-5.191945123345532709e-01,1.407679351095596942e+00,-5.752567881263277033e-02,-3.801429606348526863e-02,-1.147078669352808861e-01,-1.711160802546210780e-01,-7.340709118518067011e-02,-7.197411700355742237e-02,-1.244624194945742751e-01,-7.051263942166730025e-02,-2.872721242393142319e-02,-2.030901712371240009e-02,-2.019004323808653023e-01,-1.435916317235476011e-02,-1.435916317235476011e-02,-5.183686688943279358e-02,-3.801429606348527557e-02,-3.801429606348527557e-02,-1.558271304830920190e-01,-4.064318733121485144e-02,-8.148853797899899276e-02,-1.210011918676099085e-01,-5.569323991926412171e-02,-7.051263942166730025e-02,-4.979810447122927364e-02,-3.212131358814808435e-02,-2.030901712371240009e-02,-3.801429606348527557e-02,-6.749673070628271765e-02,-3.519076715388935045e-02,-1.435916317235476185e-02,-3.524455202264515918e-01,-3.753330286669139260e-01,-2.907009498669055336e-01,-4.311306135592269523e-02,-3.519076715388935045e-02,-3.801429606348527557e-02,-1.435916317235476011e-02,-1.286658602907498339e-01,-4.767312946227962589e-02,5.913962991410492975e-01,-2.487592975524973576e-02,-4.967123990818995694e-01,-1.786283982422259831e-01,-4.979810447122926670e-02,5.840947806181536750e-01,-2.030901712371240009e-02,-4.892821642774447533e-01,-1.767766952966368654e-01
5.736410341010564906e-01,4.047385190264539689e-01,2.454871401305955825e+00,7.082331122151057645e-01,-8.122571133921292486e-01,2.065684131843069371e-01,-4.966680157416004104e-01,6.573034482162921632e-01,-6.623362709603883292e-02,2.933182612032321668e+00,8.414777418280475763e-01,6.788889985410339056e-01,-8.760059025834578961e-01,-1.339136511156518550e+00,6.450939483302627897e-01,3.961123352473639447e-01,-8.087874538665257296e-01,5.333533460217053657e-01,-7.528373248494586445e-01,-1.298622809604889516e+00,-6.362483984730694930e-02,4.388828066981781961e-01,-8.845994796797210791e-01,-6.233977490111865249e-02,-1.810004182342134504e-01,7.312741535406717119e-01,-5.839904897081731328e-01,2.648166284923695879e-01,3.977756113388545289e-01,6.171386915614185398e-02,-5.809668599935657873e-02,0.000000000000000000e+00,0.000000000000000000e+00,1.473574796521728292e-01,1.213393822839661657e-01,7.213723788716157603e-01,5.576291538366818790e-01,-6.613831376833470554e-02,-5.181208656627730447e-01,-2.489988027729138353e-01,-3.774647335768301359e-01,-4.668062001933125371e-01,-4.064018926789744190e-01,-9.515480014204554804e-01,-3.669621702617922865e-01,-4.602362970513234064e-01,-5.183686688943279358e-02,-5.183686688943279358e-02,-7.051398600435393460e-01,-1.040941436780788015e-01,-2.030901712371240009e-02,-8.401389803667852485e-02,-3.271524934852403366e-01,-5.191945123345532709e-01,1.407679351095596942e+00,-5.752567881263277033e-02,-3.801429606348526863e-02,-1.147078669352808861e-01,-1.711160802546210780e-01,-7.340709118518067011e-02,-7.197411700355742237e-02,-1.244624194945742751e-01,-7.051263942166730025e-02,-2.872721242393142319e-02,-2.030901712371240009e-02,-2.019004323808653023e-01,-1.435916317235476011e-02,-1.435916317235476011e-02,-5.183686688943279358e-02,-3.801429606348527557e-02,-3.801429606348527557e-02,-1.558271304830920190e-01,-4.064318733121485144e-02,-8.148853797899899276e-02,-1.210011918676099085e-01,-5.569323991926412171e-02,-7.051263942166730025e-02,-4.979810447122927364e-02,-3.212131358814808435e-02,-2.030901712371240009e-02,-3.801429606348527557e-02,-6.749673070628271765e-02,-3.519076715388935045e-02,-1.435916317235476185e-02,-3.524455202264515918e-01,-3.753330286669139260e-01,-2.907009498669055336e-01,-4.311306135592269523e-02,-3.519076715388935045e-02,-3.801429606348527557e-02,-1.435916317235476011e-02,-1.286658602907498339e-01,-4.767312946227962589e-02,5.913962991410492975e-01,-2.487592975524973576e-02,-4.967123990818995694e-01,-1.786283982422259831e-01,-4.979810447122926670e-02,-1.712050908829709783e+00,-2.030901712371240009e-02,2.043810449286999731e+00,-1.767766952966368654e-01
-6.915728756636974062e-02,-5.537123258831522232e-01,1.953942567429912014e+00,-1.284019034700219164e+00,-9.916435636436735646e-01,-5.106768608526787157e-01,-4.966680157416004104e-01,6.573034482162921632e-01,-6.493539992246850634e-01,-6.302706439077716549e-01,4.735868727248358501e-01,1.862399238684066816e-01,-1.295792216878796754e+00,-6.666740877942324284e-01,1.010107303049897043e+00,-9.718073465293448898e-02,5.452081536475141821e-01,5.333533460217053657e-01,1.064721468490554823e+00,-9.225934865347934499e-01,-6.362483984730694930e-02,-5.647389056778006067e-01,7.031745422851061467e-02,-2.111752809977705536e-01,6.554870655900186804e-01,1.419333102564523941e-01,-2.482415229036441240e-01,7.743313076941197304e-01,-2.710144062393752273e-01,7.938901959723629886e-01,-4.805784352658213909e-01,0.000000000000000000e+00,0.000000000000000000e+00,1.473574796521728292e-01,-4.681622135693289666e-01,-4.719362008065465242e-01,1.209575161024730727e-01,-1.135029225961265098e+00,2.868931194413180119e+00,4.575092059528056976e-01,-3.774647335768301359e-01,-4.668062001933125371e-01,-1.992944673837013236e-01,1.395987651781308791e+00,2.194380977853250148e+00,-4.602362970513234064e-01,-5.183686688943279358e-02,-5.183686688943279358e-02,-7.051398600435393460e-01,-1.040941436780788015e-01,-2.030901712371240009e-02,-8.401389803667852485e-02,-3.271524934852403366e-01,1.926060419058570616e+00,-7.103890521813077674e-01,-5.752567881263277033e-02,-3.801429606348526863e-02,-1.147078669352808861e-01,-1.711160802546210780e-01,-7.340709118518067011e-02,-7.197411700355742237e-02,-1.244624194945742751e-01,-7.051263942166730025e-02,-2.872721242393142319e-02,-2.030901712371240009e-02,-2.019004323808653023e-01,-1.435916317235476011e-02,-1.435916317235476011e-02,-5.183686688943279358e-02,-3.801429606348527557e-02,-3.801429606348527557e-02,-1.558271304830920190e-01,-4.064318733121485144e-02,-8.148853797899899276e-02,-1.210011918676099085e-01,-5.569323991926412171e-02,-7.051263942166730025e-02,-4.979810447122927364e-02,-3.212131358814808435e-02,-2.030901712371240009e-02,-3.801429606348527557e-02,-6.749673070628271765e-02,-3.519076715388935045e-02,-1.435916317235476185e-02,-3.524455202264515918e-01,-3.753330286669139260e-01,3.439961240091715222e+00,-4.311306135592269523e-02,-3.519076715388935045e-02,-3.801429606348527557e-02,-1.435916317235476011e-02,-1.286658602907498339e-01,-4.767312946227962589e-02,-1.690913523558418063e+00,-2.487592975524973576e-02,-4.967123990818995694e-01,5.598214000911362120e+00,-4.979810447122926670e-02,5.840947806181536750e-01,-2.030901712371240009e-02,-4.892821642774447533e-01,-1.767766952966368654e-01
-9.987832700087103666e-01,-7.448690342834912714e-02,-5.507016019503075954e-01,-1.284019034700219164e+00,-9.557662735933646347e-01,-1.120335343784116588e+00,-4.966680157416004104e-01,-4.963069089824175273e-01,-6.623362709603883292e-02,-6.302706439077716549e-01,-1.884533288248208205e+00,-6.008461346790693741e-02,4.222221434780537019e-01,-9.586296098671048815e-02,2.013894028528890878e+00,-1.412628921053730391e+00,-1.895668281666913063e-02,8.602681397195220958e-01,-5.266175608715170098e-01,-5.047831275680201291e-01,1.320301374847718145e+00,-6.292804948981121915e-02,-2.294238763068062958e+00,-2.326206157108087869e+00,-3.898722568564133795e+00,-4.572793436017302149e+00,-8.078231342445260088e-01,-1.773242088314630704e+00,-1.202811734101178587e+00,-2.436299481158024527e+00,1.491003061311014344e+00,0.000000000000000000e+00,0.000000000000000000e+00,2.080378393099147072e+00,7.108409781372613256e-01,1.318026668710696736e+00,1.045905131888970330e-01,2.498525621487003301e-01,2.227967724788416926e-01,4.575092059528056976e-01,9.257960654133498002e-01,1.696017942249628430e+00,-1.131277881212430225e+00,3.039262609022543860e+00,2.194380977853250148e+00,-4.602362970513234064e-01,-5.183686688943279358e-02,-5.183686688943279358e-02,1.418158377741196352e+00,-1.040941436780788015e-01,-2.030901712371240009e-02,-8.401389803667852485e-02,-3.271524934852403366e-01,-5.191945123345532709e-01,-7.103890521813077674e-01,-5.752567881263277033e-02,-3.801429606348526863e-02,-1.147078669352808861e-01,-1.711160802546210780e-01,-7.340709118518067011e-02,-7.197411700355742237e-02,-1.244624194945742751e-01,-7.051263942166730025e-02,-2.872721242393142319e-02,-2.030901712371240009e-02,-2.019004323808653023e-01,-1.435916317235476011e-02,-1.435916317235476011e-02,-5.183686688943279358e-02,-3.801429606348527557e-02,-3.801429606348527557e-02,-1.558271304830920190e-01,-4.064318733121485144e-02,-8.148853797899899276e-02,-1.210011918676099085e-01,-5.569323991926412171e-02,-7.051263942166730025e-02,-4.979810447122927364e-02,-3.212131358814808435e-02,-2.030901712371240009e-02,-3.801429606348527557e-02,-6.749673070628271765e-02,-3.519076715388935045e-02,-1.435916317235476185e-02,-3.524455202264515918e-01,-3.753330286669139260e-01,-2.907009498669055336e-01,-4.311306135592269523e-02,-3.519076715388935045e-02,-3.801429606348527557e-02,-1.435916317235476011e-02,-1.286658602907498339e-01,-4.767312946227962589e-02,5.913962991410492975e-01,-2.487592975524973576e-02,-4.967123990818995694e-01,-1.786283982422259831e-01,-4.979810447122926670e-02,5.840947806181536750e-01,-2.030901712371240009e-02,-4.892821642774447533e-01,-1.767766952966368654e-01
9.216718289513562423e-01,8.839639414812570095e-01,-4.977276807426366662e-02,7.082331122151057645e-01,-4.534842128890408386e-01,1.425885379047182600e+00,-4.966680157416004104e-01,-4.963069089824175273e-01,5.168867450326074531e-01,-3.636176791775609651e-02,8.414777418280475763e-01,-5.527336881405341407e-01,6.243414799906246149e-01,6.156961148966384467e-01,-5.411994545085482278e-01,3.138968235973142451e-01,-1.317896501095057737e-01,2.998427790946933125e-01,-9.758007746507620095e-02,1.417144523679137125e+00,-1.052143564629467676e+00,-3.138334775838059199e-01,-1.195326418491129861e+00,9.481749770182548165e-01,7.484301193482666426e-01,1.236423447784288365e+00,1.994237661690613783e-01,-2.910175670004486737e-01,3.752321276002626438e-01,-2.397705007093609841e-01,-1.043887434287774418e+00,0.000000000000000000e+00,0.000000000000000000e+00,2.466982575788541521e+00,-1.352414607349271769e+00,-1.068590490645627611e+00,1.667851242604860007e-01,-4.369098489352574166e-01,1.916322802516818191e+00,2.220065363775658440e-01,-3.774647335768301359e-01,1.696017942249628430e+00,-9.574075473606477593e-02,-9.515480014204554804e-01,-3.669621702617922865e-01,-4.602362970513234064e-01,-5.183686688943279358e-02,-5.183686688943279358e-02,-7.051398600435393460e-01,-1.040941436780788015e-01,-2.030901712371240009e-02,-8.401389803667852485e-02,-3.271524934852403366e-01,-5.191945123345532709e-01,1.407679351095596942e+00,-5.752567881263277033e-02,-3.801429606348526863e-02,-1.147078669352808861e-01,-1.711160802546210780e-01,-7.340709118518067011e-02,-7.197411700355742237e-02,-1.244624194945742751e-01,-7.051263942166730025e-02,-2.872721242393142319e-02,-2.030901712371240009e-02,-2.019004323808653023e-01,-1.435916317235476011e-02,-1.435916317235476011e-02,-5.183686688943279358e-02,-3.801429606348527557e-02,-3.801429606348527557e-02,-1.558271304830920190e-01,-4.064318733121485144e-02,-8.148853797899899276e-02,-1.210011918676099085e-01,-5.569323991926412171e-02,-7.051263942166730025e-02,-4.979810447122927364e-02,-3.212131358814808435e-02,-2.030901712371240009e-02,-3.801429606348527557e-02,-6.749673070628271765e-02,-3.519076715388935045e-02,-1.435916317235476185e-02,-3.524455202264515918e-01,-3.753330286669139260e-01,-2.907009498669055336e-01,-4.311306135592269523e-02,-3.519076715388935045e-02,-3.801429606348527557e-02,-1.435916317235476011e-02,-1.286658602907498339e-01,-4.767312946227962589e-02,5.913962991410492975e-01,-2.487592975524973576e-02,-4.967123990818995694e-01,-1.786283982422259831e-01,-4.979810447122926670e-02,5.840947806181536750e-01,-2.030901712371240009e-02,-4.892821642774447533e-01,-1.767766952966368654e-01
-4.294287092317465859e-01,8.839639414812570095e-01,-5.507016019503075954e-01,7.082331122151057645e-01,9.816073891233129123e-01,2.250717444189715977e+00,5.905777172739697933e-01,-4.963069089824175273e-01,-6.623362709603883292e-02,-6.302706439077716549e-01,8.414777418280475763e-01,4.325644612047202520e-01,1.160735103812446267e+00,6.547927674177018709e-01,3.713339322905371831e-01,8.071898934976127205e-01,-2.446226174023423960e-01,-1.428135416165195570e+00,-8.854489106296312695e-01,7.486479493322998335e-01,9.248938849348538049e-01,1.442504519074156999e+00,5.023036862346152986e-01,9.246746339503628676e-01,-2.739434719924614403e-01,-1.948328859059586526e-01,-2.482415229036441240e-01,-7.078932136200624115e-01,-6.617681243749702347e-01,4.493366304117883403e-01,9.276940622890612609e-01,0.000000000000000000e+00,0.000000000000000000e+00,9.205658450309623930e-01,7.108409781372613256e-01,1.318026668710696736e+00,5.406074708065627954e-01,-1.803760300089541357e-01,-9.415023731722672595e-01,-9.555068114986333683e-01,-3.774647335768301359e-01,-4.668062001933125371e-01,-7.170630306218840344e-01,-7.167944361002790421e-01,-3.669621702617922865e-01,-4.602362970513234064e-01,-5.183686688943279358e-02,-5.183686688943279358e-02,-7.051398600435393460e-01,-1.040941436780788015e-01,-2.030901712371240009e-02,-8.401389803667852485e-02,-3.271524934852403366e-01,-5.191945123345532709e-01,1.407679351095596942e+00,-5.752567881263277033e-02,-3.801429606348526863e-02,-1.147078669352808861e-01,-1.711160802546210780e-01,-7.340709118518067011e-02,-7.197411700355742237e-02,-1.244624194945742751e-01,-7.051263942166730025e-02,-2.872721242393142319e-02,-2.030901712371240009e-02,-2.019004323808653023e-01,-1.435916317235476011e-02,-1.435916317235476011e-02,-5.183686688943279358e-02,-3.801429606348527557e-02,-3.801429606348527557e-02,-1.558271304830920190e-01,-4.064318733121485144e-02,-8.148853797899899276e-02,-1.210011918676099085e-01,-5.569323991926412171e-02,-7.051263942166730025e-02,-4.979810447122927364e-02,-3.212131358814808435e-02,-2.030901712371240009e-02,-3.801429606348527557e-02,-6.749673070628271765e-02,-3.519076715388935045e-02,-1.435916317235476185e-02,-3.524455202264515918e-01,-3.753330286669139260e-01,-2.907009498669055336e-01,-4.311306135592269523e-02,-3.519076715388935045e-02,-3.801429606348527557e-02,-1.435916317235476011e-02,-1.286658602907498339e-01,-4.767312946227962589e-02,5.913962991410492975e-01,-2.487592975524973576e-02,-4.967123990818995694e-01,-1.786283982422259831e-01,-4.979810447122926670e-02,5.840947806181536750e-01,-2.030901712371240009e-02,-4.892821642774447533e-01,-1.767766952966368654e-01
9.421831495604043871e-01,-5.537123258831522232e-01,-5.507016019503075954e-01,-2.878929612425566442e-01,-6.687479531908938624e-01,2.424306768861562156e-01,-4.966680157416004104e-01,-4.963069089824175273e-01,-6.493539992246850634e-01,-3.636176791775609651e-02,-1.414115455624429751e+00,-6.008461346790693741e-02,2.241296172091189920e+00,-7.605060538447839802e-01,-3.586927771487311012e-01,-1.330413409403680580e+00,-8.087874538665257296e-01,-1.801752323248414722e+00,-1.236479578871264806e+00,-2.384929742918500128e+00,-4.872757218968044035e-01,1.879773786041834815e-01,3.810443930399191048e-01,1.347680809172426386e+00,9.782874304053058856e-02,5.774176121584963933e-02,-8.078231342445260088e-01,-2.446980507093804713e-01,-4.964492436252954666e-01,8.800285873625066646e-01,-4.805784352658213909e-01,0.000000000000000000e+00,0.000000000000000000e+00,-2.392467030372219805e-01,7.108409781372613256e-01,-4.719362008065465242e-01,2.505841791779953032e-01,-7.221701111267456730e-01,-4.122754887853995465e-01,-2.489988027729138353e-01,-3.774647335768301359e-01,-4.668062001933125371e-01,-1.027724168564793761e+00,-1.186301566740631808e+00,-3.669621702617922865e-01,-4.602362970513234064e-01,-5.183686688943279358e-02,-5.183686688943279358e-02,1.418158377741196352e+00,-1.040941436780788015e-01,-2.030901712371240009e-02,-8.401389803667852485e-02,-3.271524934852403366e-01,-5.191945123345532709e-01,-7.103890521813077674e-01,-5.752567881263277033e-02,-3.801429606348526863e-02,-1.147078669352808861e-01,-1.711160802546210780e-01,-7.340709118518067011e-02,-7.197411700355742237e-02,-1.244624194945742751e-01,-7.051263942166730025e-02,-2.872721242393142319e-02,-2.030901712371240009e-02,-2.019004323808653023e-01,-1.435916317235476011e-02,-1.435916317235476011e-02,-5.183686688943279358e-02,-3.801429606348527557e-02,-3.801429606348527557e-02,-1.558271304830920190e-01,-4.064318733121485144e-02,-8.148853797899899276e-02,-1.210011918676099085e-01,-5.569323991926412171e-02,-7.051263942166730025e-02,-4.979810447122927364e-02,-3.212131358814808435e-02,-2.030901712371240009e-02,-3.801429606348527557e-02,-6.749673070628271765e-02,-3.519076715388935045e-02,-1.435916317235476185e-02,2.837317947345407543e+00,-3.753330286669139260e-01,-2.907009498669055336e-01,-4.311306135592269523e-02,-3.519076715388935045e-02,-3.801429606348527557e-02,-1.435916317235476011e-02,-1.286658602907498339e-01,-4.767312946227962589e-02,-1.690913523558418063e+00,-2.487592975524973576e-02,-4.967123990818995694e-01,-1.786283982422259831e-01,-4.979810447122926670e-02,-1.712050908829709783e+00,-2.030901712371240009e-02,2.043810449286999731e+00,-1.767766952966368654e-01
2.593546699301584324e-01,4.047385190264539689e-01,-5.507016019503075954e-01,7.082331122151057645e-01,6.587117786705333211e-01,1.103125005730539065e+00,-4.966680157416004104e-01,-4.963069089824175273e-01,2.266247861418546172e+00,-6.302706439077716549e-01,8.414777418280475763e-01,-6.008461346790693741e-02,1.005258691110469504e+00,-8.804363048249802537e-02,3.713339322905371831e-01,1.053836428447761930e+00,-1.895668281666913063e-02,2.064385523238884967e-01,2.570253001171337814e+00,-2.384929742918500128e+00,-4.872757218968044035e-01,-6.292804948981121915e-02,-4.222984243749421385e-01,3.606664003209448244e-01,-7.386587407837015284e-01,4.786995064188634408e-01,-6.959068119763496263e-01,8.669703402762560795e-01,-4.137898032504579993e-01,1.047830648512136920e-01,-1.043887434287774418e+00,0.000000000000000000e+00,0.000000000000000000e+00,-2.392467030372219805e-01,-1.057663809422624057e+00,7.213723788716157603e-01,-6.628099722883686040e-02,-5.498114515356357090e-01,-1.576574634436508360e+00,-7.200041419233935702e-01,-3.774647335768301359e-01,-4.668062001933125371e-01,-3.028481800313378436e-01,1.395987651781308791e+00,9.137094037957288473e-01,-4.602362970513234064e-01,-5.183686688943279358e-02,-5.183686688943279358e-02,-7.051398600435393460e-01,-1.040941436780788015e-01,-2.030901712371240009e-02,-8.401389803667852485e-02,3.056678521220304923e+00,-5.191945123345532709e-01,-7.103890521813077674e-01,-5.752567881263277033e-02,-3.801429606348526863e-02,-1.147078669352808861e-01,-1.711160802546210780e-01,-7.340709118518067011e-02,-7.197411700355742237e-02,-1.244624194945742751e-01,-7.051263942166730025e-02,-2.872721242393142319e-02,-2.030901712371240009e-02,-2.019004323808653023e-01,-1.435916317235476011e-02,-1.435916317235476011e-02,-5.183686688943279358e-02,-3.801429606348527557e-02,-3.801429606348527557e-02,-1.558271304830920190e-01,-4.064318733121485144e-02,-8.148853797899899276e-02,-1.210011918676099085e-01,-5.569323991926412171e-02,-7.051263942166730025e-02,-4.979810447122927364e-02,-3.212131358814808435e-02,-2.030901712371240009e-02,-3.801429606348527557e-02,-6.749673070628271765e-02,-3.519076715388935045e-02,-1.435916317235476185e-02,-3.524455202264515918e-01,-3.753330286669139260e-01,-2.907009498669055336e-01,-4.311306135592269523e-02,-3.519076715388935045e-02,-3.801429606348527557e-02,-1.435916317235476011e-02,-1.286658602907498339e-01,-4.767312946227962589e-02,5.913962991410492975e-01,-2.487592975524973576e-02,-4.967123990818995694e-01,-1.786283982422259831e-01,-4.979810447122926670e-02,5.840947806181536750e-01,-2.030901712371240009e-02,-4.892821642774447533e-01,-1.767766952966368654e-01
-9.987832700087103666e-01,3.759316476210075475e+00,-5.507016019503075954e-01,7.082331122151057645e-01,-5.883402233564356820e-02,-8.032969643048733233e-02,-4.966680157416004104e-01,6.573034482162921632e-01,1.683127489289899970e+00,-6.302706439077716549e-01,8.414777418280475763e-01,-6.008461346790693741e-02,-8.526844406781611818e-01,-1.081098604517501727e+00,1.101360641729805412e+00,-3.438272696030836850e-01,-1.317896501095057737e-01,-6.341994886133547338e-01,1.587367130094764267e+00,1.793173846749233080e+00,3.600260422021904771e-01,-6.292804948981121915e-02,-1.081645831121102130e+00,-1.174689346781359722e+00,-6.457156870254534553e-01,-8.683652782307808016e-01,-2.482415229036441240e-01,-6.152541810379259513e-01,-8.270870051246449473e-01,7.508210002772911507e-01,9.276940622890612609e-01,0.000000000000000000e+00,0.000000000000000000e+00,9.205658450309623930e-01,1.213393822839661657e-01,1.019699523791156359e+00,-1.530800417935621160e+00,-1.078244396251015536e+00,-2.005847350306524668e-01,-1.662014820224352984e+00,-3.774647335768301359e-01,-4.668062001933125371e-01,2.149203832068448394e-01,2.222198251804266556e-01,2.194380977853250148e+00,-4.602362970513234064e-01,-5.183686688943279358e-02,-5.183686688943279358e-02,-7.051398600435393460e-01,-1.040941436780788015e-01,-2.030901712371240009e-02,-8.401389803667852485e-02,-3.271524934852403366e-01,-5.191945123345532709e-01,1.407679351095596942e+00,-5.752567881263277033e-02,-3.801429606348526863e-02,-1.147078669352808861e-01,-1.711160802546210780e-01,-7.340709118518067011e-02,-7.197411700355742237e-02,-1.244624194945742751e-01,-7.051263942166730025e-02,-2.872721242393142319e-02,-2.030901712371240009e-02,-2.019004323808653023e-01,-1.435916317235476011e-02,-1.435916317235476011e-02,-5.183686688943279358e-02,-3.801429606348527557e-02,-3.801429606348527557e-02,-1.558271304830920190e-01,-4.064318733121485144e-02,-8.148853797899899276e-02,-1.210011918676099085e-01,-5.569323991926412171e-02,-7.051263942166730025e-02,-4.979810447122927364e-02,-3.212131358814808435e-02,-2.030901712371240009e-02,-3.801429606348527557e-02,-6.749673070628271765e-02,-3.519076715388935045e-02,-1.435916317235476185e-02,-3.524455202264515918e-01,-3.753330286669139260e-01,-2.907009498669055336e-01,-4.311306135592269523e-02,-3.519076715388935045e-02,-3.801429606348527557e-02,-1.435916317235476011e-02,-1.286658602907498339e-01,-4.767312946227962589e-02,5.913962991410492975e-01,-2.487592975524973576e-02,-4.967123990818995694e-01,-1.786283982422259831e-01,-4.979810447122926670e-02,5.840947806181536750e-01,-2.030901712371240009e-02,-4.892821642774447533e-01,-1.767766952966368654e-01
-1.489235411991190805e+00,-5.537123258831522232e-01,1.953942567429912014e+00,7.082331122151057645e-01,-3.458523427381143267e-01,3.858797316935533850e-01,2.765069183305110201e+00,1.810913805415002020e+00,-6.493539992246850634e-01,5.575471080722594897e-01,-1.227154522145748050e+00,-1.045382762813161337e+00,1.034954974390001892e-01,8.424566995188050855e-01,-8.493276110900550846e-02,1.136051940097811741e+00,-1.317896501095057737e-01,1.140480820031936515e+00,-4.486107457067096127e-01,4.561806980555584978e-01,-1.052143564629467676e+00,-8.156443337717953490e-01,-3.161965428295833158e-01,1.726636557778053471e-01,6.554870655900186804e-01,-3.632159839871641482e-01,-2.440887836729143182e-02,-7.078932136200624115e-01,-4.663912653071727310e-01,-1.359569588781228688e+00,-1.043887434287774418e+00,0.000000000000000000e+00,0.000000000000000000e+00,-1.012455068416011628e+00,-7.629130114959765674e-01,-1.068590490645627611e+00,-3.354699140168477395e-02,-4.542793262583925684e-01,-7.298116194175201521e-01,-1.349613319767399566e-02,-3.774647335768301359e-01,1.696017942249628430e+00,-1.027724168564793761e+00,-4.820408707801026038e-01,9.137094037957288473e-01,-4.602362970513234064e-01,-5.183686688943279358e-02,-5.183686688943279358e-02,-7.051398600435393460e-01,-1.040941436780788015e-01,-2.030901712371240009e-02,-8.401389803667852485e-02,-3.271524934852403366e-01,1.926060419058570616e+00,-7.103890521813077674e-01,-5.752567881263277033e-02,-3.801429606348526863e-02,-1.147078669352808861e-01,-1.711160802546210780e-01,-7.340709118518067011e-02,-7.197411700355742237e-02,-1.244624194945742751e-01,-7.051263942166730025e-02,-2.872721242393142319e-02,-2.030901712371240009e-02,-2.019004323808653023e-01,-1.435916317235476011e-02,-1.435916317235476011e-02,-5.183686688943279358e-02,-3.801429606348527557e-02,-3.801429606348527557e-02,-1.558271304830920190e-01,-4.064318733121485144e-02,-8.148853797899899276e-02,-1.210011918676099085e-01,-5.569323991926412171e-02,-7.051263942166730025e-02,-4.979810447122927364e-02,-3.212131358814808435e-02,-2.030901712371240009e-02,-3.801429606348527557e-02,-6.749673070628271765e-02,-3.519076715388935045e-02,-1.435916317235476185e-02,-3.524455202264515918e-01,-3.753330286669139260e-01,3.439961240091715222e+00,-4.311306135592269523e-02,-3.519076715388935045e-02,-3.801429606348527557e-02,-1.435916317235476011e-02,-1.286658602907498339e-01,-4.767312946227962589e-02,5.913962991410492975e-01,-2.487592975524973576e-02,-4.967123990818995694e-01,-1.786283982422259831e-01,-4.979810447122926670e-02,5.840947806181536750e-01,-2.030901712371240009e-02,-4.892821642774447533e-01,-1.767766952966368654e-01
1.025551743003632055e+00,-7.448690342834912714e-02,9.520848996778241702e-01,-2.878929612425566442e-01,-8.122571133921292486e-01,-4.446743272863804691e-02,5.905777172739697933e-01,-4.963069089824175273e-01,-6.623362709603883292e-02,-3.636176791775609651e-02,-5.714093844045281534e-02,4.325644612047202520e-01,-5.198091526297738546e-02,-1.049821282500651431e+00,1.010107303049897043e+00,-1.083766874453531370e+00,2.124869695747227727e+00,2.531406657092908907e-01,-4.330093826737481111e-01,-8.697276860124680820e-02,-1.052143564629467676e+00,-1.568360618053779465e+00,-4.374558360242791766e-01,4.938350110390017922e-01,2.837148505570266099e-01,6.470826045000689364e-01,-8.078231342445260088e-01,2.648166284923695879e-01,3.000871818049558604e-01,-6.749371792907364609e-02,-1.325541933798751071e+00,0.000000000000000000e+00,0.000000000000000000e+00,-1.012455068416011628e+00,-4.681622135693289666e-01,-1.665244780484708809e+00,-8.577892581293742325e-01,-1.650769091094353991e+00,-7.298116194175201521e-01,6.930118755280455511e-01,-3.774647335768301359e-01,-4.668062001933125371e-01,7.812957911571764835e-03,-1.186301566740631808e+00,-3.669621702617922865e-01,-4.602362970513234064e-01,-5.183686688943279358e-02,-5.183686688943279358e-02,1.418158377741196352e+00,-1.040941436780788015e-01,-2.030901712371240009e-02,-8.401389803667852485e-02,-3.271524934852403366e-01,-5.191945123345532709e-01,-7.103890521813077674e-01,-5.752567881263277033e-02,-3.801429606348526863e-02,-1.147078669352808861e-01,-1.711160802546210780e-01,-7.340709118518067011e-02,-7.197411700355742237e-02,-1.244624194945742751e-01,-7.051263942166730025e-02,-2.872721242393142319e-02,-2.030901712371240009e-02,-2.019004323808653023e-01,-1.435916317235476011e-02,-1.435916317235476011e-02,-5.183686688943279358e-02,-3.801429606348527557e-02,-3.801429606348527557e-02,-1.558271304830920190e-01,-4.064318733121485144e-02,-8.148853797899899276e-02,-1.210011918676099085e-01,-5.569323991926412171e-02,-7.051263942166730025e-02,-4.979810447122927364e-02,-3.212131358814808435e-02,-2.030901712371240009e-02,-3.801429606348527557e-02,-6.749673070628271765e-02,-3.519076715388935045e-02,-1.435916317235476185e-02,-3.524455202264515918e-01,2.664300564093018409e+00,-2.907009498669055336e-01,-4.311306135592269523e-02,-3.519076715388935045e-02,-3.801429606348527557e-02,-1.435916317235476011e-02,-1.286658602907498339e-01,-4.767312946227962589e-02,5.913962991410492975e-01,-2.487592975524973576e-02,-4.967123990818995694e-01,-1.786283982422259831e-01,-4.979810447122926670e-02,5.840947806181536750e-01,-2.030901712371240009e-02,-4.892821642774447533e-01,-1.767766952966368654e-01
-5.359552452980930193e-01,8.839639414812570095e-01,1.453013733553867981e+00,7.082331122151057645e-01,4.879784781528296450e-02,4.934665227991011927e-01,4.939560649336250719e+00,6.573034482162921632e-01,5.168867450326074531e-01,-6.302706439077716549e-01,8.414777418280475763e-01,6.788889985410339056e-01,1.222925668893237283e+00,5.062254878376619693e-01,6.320577570903027943e-03,1.494658002972147348e-01,2.124869695747227727e+00,-7.743058287695619990e-01,-4.330093826737481111e-01,7.486479493322998335e-01,-6.362483984730694930e-02,4.388828066981781961e-01,5.516004257917359738e-02,3.528329526316471565e-01,4.885689282282582209e-03,5.774176121584963933e-02,-3.601578451718204787e-01,-1.773242088314630704e+00,-1.202811734101178587e+00,-1.105629136241454841e-01,-5.809668599935657873e-02,0.000000000000000000e+00,0.000000000000000000e+00,1.473574796521728292e-01,4.160901802106137248e-01,7.213723788716157603e-01,-4.355205829591123901e-01,3.019609941181056745e-01,-2.005847350306524668e-01,-4.845014723481537167e-01,-3.774647335768301359e-01,-4.668062001933125371e-01,-1.992944673837013236e-01,-7.167944361002790421e-01,-3.669621702617922865e-01,-4.602362970513234064e-01,-5.183686688943279358e-02,-5.183686688943279358e-02,-7.051398600435393460e-01,-1.040941436780788015e-01,-2.030901712371240009e-02,-8.401389803667852485e-02,3.056678521220304923e+00,-5.191945123345532709e-01,-7.103890521813077674e-01,-5.752567881263277033e-02,-3.801429606348526863e-02,-1.147078669352808861e-01,-1.711160802546210780e-01,-7.340709118518067011e-02,-7.197411700355742237e-02,-1.244624194945742751e-01,-7.051263942166730025e-02,-2.872721242393142319e-02,-2.030901712371240009e-02,-2.019004323808653023e-01,-1.435916317235476011e-02,-1.435916317235476011e-02,-5.183686688943279358e-02,-3.801429606348527557e-02,-3.801429606348527557e-02,-1.558271304830920190e-01,-4.064318733121485144e-02,-8.148853797899899276e-02,-1.210011918676099085e-01,-5.569323991926412171e-02,-7.051263942166730025e-02,-4.979810447122927364e-02,-3.212131358814808435e-02,-2.030901712371240009e-02,-3.801429606348527557e-02,-6.749673070628271765e-02,-3.519076715388935045e-02,-1.435916317235476185e-02,-3.524455202264515918e-01,-3.753330286669139260e-01,-2.907009498669055336e-01,-4.311306135592269523e-02,-3.519076715388935045e-02,-3.801429606348527557e-02,-1.435916317235476011e-02,-1.286658602907498339e-01,-4.767312946227962589e-02,5.913962991410492975e-01,-2.487592975524973576e-02,-4.967123990818995694e-01,-1.786283982422259831e-01,-4.979810447122926670e-02,-1.712050908829709783e+00,-2.030901712371240009e-02,2.043810449286999731e+00,-1.767766952966368654e-01
8.353257857422989874e-01,1.363189363936059939e+00,4.511560658017802483e-01,7.082331122151057645e-01,2.281842980668271903e-01,7.803646324138955315e-01,5.905777172739697933e-01,1.810913805415002020e+00,1.100007117161253767e+00,5.575471080722594897e-01,8.414777418280475763e-01,-6.008461346790693741e-02,-5.495054359093053398e-01,-6.901320793068704829e-01,1.888272549307201120e-01,7.249743818475629098e-01,-2.446226174023423960e-01,2.531406657092908907e-01,1.657573263743090886e+00,1.082896236505718424e+00,3.600260422021904771e-01,-6.292804948981121915e-02,-5.814512466929810941e-01,1.178295219527231708e-01,8.413731731065147157e-01,2.261248592970551696e-01,-1.363252006354677692e-01,-4.299761158736532529e-01,1.179283047610044433e+00,1.864467346107001947e-02,3.643850632671082335e-01,0.000000000000000000e+00,0.000000000000000000e+00,5.339616623415676111e-01,4.160901802106137248e-01,4.230452339520751615e-01,-4.309378221433111111e-01,4.308959604013778977e-01,-8.356569962948936503e-01,-7.200041419233935702e-01,-3.774647335768301359e-01,-4.668062001933125371e-01,-4.064018926789744190e-01,-2.472873054599261933e-01,-3.669621702617922865e-01,-4.602362970513234064e-01,-5.183686688943279358e-02,-5.183686688943279358e-02,-7.051398600435393460e-01,-1.040941436780788015e-01,-2.030901712371240009e-02,-8.401389803667852485e-02,3.056678521220304923e+00,-5.191945123345532709e-01,-7.103890521813077674e-01,-5.752567881263277033e-02,-3.801429606348526863e-02,-1.147078669352808861e-01,-1.711160802546210780e-01,-7.340709118518067011e-02,-7.197411700355742237e-02,-1.244624194945742751e-01,-7.051263942166730025e-02,-2.872721242393142319e-02,-2.030901712371240009e-02,-2.019004323808653023e-01,-1.435916317235476011e-02,-1.435916317235476011e-02,-5.183686688943279358e-02,-3.801429606348527557e-02,-3.801429606348527557e-02,-1.558271304830920190e-01,-4.064318733121485144e-02,-8.148853797899899276e-02,-1.210011918676099085e-01,-5.569323991926412171e-02,-7.051263942166730025e-02,-4.979810447122927364e-02,-3.212131358814808435e-02,-2.030901712371240009e-02,-3.801429606348527557e-02,-6.749673070628271765e-02,-3.519076715388935045e-02,-1.435916317235476185e-02,-3.524455202264515918e-01,-3.753330286669139260e-01,-2.907009498669055336e-01,-4.311306135592269523e-02,-3.519076715388935045e-02,-3.801429606348527557e-02,-1.435916317235476011e-02,-1.286658602907498339e-01,-4.767312946227962589e-02,-1.690913523558418063e+00,-2.487592975524973576e-02,2.013237442528823973e+00,-1.786283982422259831e-01,-4.979810447122926670e-02,5.840947806181536750e-01,-2.030901712371240009e-02,-4.892821642774447533e-01,-1.767766952966368654e-01
-9.668583919639822666e-01,-5.537123258831522232e-01,4.511560658017802483e-01,7.082331122151057645e-01,-7.763798233418204298e-01,-3.313655423434322955e-01,-4.966680157416004104e-01,6.573034482162921632e-01,-6.493539992246850634e-01,5.575471080722594897e-01,8.414777418280475763e-01,-1.538031837485788644e+00,3.133886545866697571e-01,4.984061573334491180e-01,-5.411994545085482278e-01,4.783278468974136999e-01,-1.895668281666913063e-02,5.333533460217053657e-01,-8.230434584977852630e-01,1.219324108821398522e-01,-1.334577485995799284e+00,-1.568360618053779465e+00,-7.330253631863509201e-01,-4.696790547445871544e-01,1.907717967987786201e-01,-6.157906311089724749e-01,-2.482415229036441240e-01,1.191206954313733357e+00,2.306457234539645462e+00,4.062674347167165023e-01,-1.043887434287774418e+00,0.000000000000000000e+00,0.000000000000000000e+00,-2.172267616484195862e+00,-1.352414607349271769e+00,-1.366917635565168210e+00,1.097125652324206467e-02,1.437657588323094204e+00,-4.122754887853995465e-01,-2.489988027729138353e-01,-3.774647335768301359e-01,1.696017942249628430e+00,-7.170630306218840344e-01,-4.820408707801026038e-01,-3.669621702617922865e-01,-4.602362970513234064e-01,-5.183686688943279358e-02,-5.183686688943279358e-02,-7.051398600435393460e-01,-1.040941436780788015e-01,-2.030901712371240009e-02,-8.401389803667852485e-02,-3.271524934852403366e-01,-5.191945123345532709e-01,1.407679351095596942e+00,-5.752567881263277033e-02,-3.801429606348526863e-02,-1.147078669352808861e-01,-1.711160802546210780e-01,-7.340709118518067011e-02,-7.197411700355742237e-02,-1.244624194945742751e-01,-7.051263942166730025e-02,-2.872721242393142319e-02,-2.030901712371240009e-02,-2.019004323808653023e-01,-1.435916317235476011e-02,-1.435916317235476011e-02,-5.183686688943279358e-02,-3.801429606348527557e-02,-3.801429606348527557e-02,-1.558271304830920190e-01,-4.064318733121485144e-02,-8.148853797899899276e-02,-1.210011918676099085e-01,-5.569323991926412171e-02,-7.051263942166730025e-02,-4.979810447122927364e-02,-3.212131358814808435e-02,-2.030901712371240009e-02,-3.801429606348527557e-02,-6.749673070628271765e-02,-3.519076715388935045e-02,-1.435916317235476185e-02,-3.524455202264515918e-01,-3.753330286669139260e-01,-2.907009498669055336e-01,-4.311306135592269523e-02,-3.519076715388935045e-02,-3.801429606348527557e-02,-1.435916317235476011e-02,-1.286658602907498339e-01,-4.767312946227962589e-02,5.913962991410492975e-01,-2.487592975524973576e-02,-4.967123990818995694e-01,-1.786283982422259831e-01,-4.979810447122926670e-02,5.840947806181536750e-01,-2.030901712371240009e-02,-4.892821642774447533e-01,-1.767766952966368654e-01
-5.906704113772511672e-02,-5.537123258831522232e-01,-4.977276807426366662e-02,7.082331122151057645e-01,6.587117786705333211e-01,3.141552042898547725e-01,-4.966680157416004104e-01,-4.963069089824175273e-01,-6.623362709603883292e-02,-3.636176791775609651e-02,8.414777418280475763e-01,-3.064091508042205425e-01,1.812337037899886261e-01,-2.444302405667503897e-01,-8.493276110900550846e-02,-9.718073465293448898e-02,-8.087874538665257296e-01,6.633221216768130091e-02,1.111525557589438939e+00,1.458925559575814379e+00,3.600260422021904771e-01,1.879773786041834815e-01,6.766139202019908483e-01,-5.950142177733468429e-01,-6.457156870254534553e-01,-1.036748376311986242e+00,-8.078231342445260088e-01,-2.446980507093804713e-01,-1.658114821259459026e-01,1.052305370142794017e+00,3.643850632671082335e-01,0.000000000000000000e+00,0.000000000000000000e+00,5.339616623415676111e-01,-7.629130114959765674e-01,-4.719362008065465242e-01,-5.932984910459854211e-01,1.676153873106141834e+00,4.344875262335887722e-01,4.575092059528056976e-01,-3.774647335768301359e-01,-4.668062001933125371e-01,-9.574075473606477593e-02,1.630741217101485230e+00,9.137094037957288473e-01,-4.602362970513234064e-01,-5.183686688943279358e-02,-5.183686688943279358e-02,-7.051398600435393460e-01,-1.040941436780788015e-01,-2.030901712371240009e-02,-8.401389803667852485e-02,-3.271524934852403366e-01,-5.191945123345532709e-01,1.407679351095596942e+00,-5.752567881263277033e-02,-3.801429606348526863e-02,-1.147078669352808861e-01,-1.711160802546210780e-01,-7.340709118518067011e-02,-7.197411700355742237e-02,-1.244624194945742751e-01,-7.051263942166730025e-02,-2.872721242393142319e-02,-2.030901712371240009e-02,-2.019004323808653023e-01,-1.435916317235476011e-02,-1.435916317235476011e-02,-5.183686688943279358e-02,-3.801429606348527557e-02,-3.801429606348527557e-02,-1.558271304830920190e-01,-4.064318733121485144e-02,-8.148853797899899276e-02,-1.210011918676099085e-01,-5.569323991926412171e-02,-7.051263942166730025e-02,-4.979810447122927364e-02,-3.212131358814808435e-02,-2.030901712371240009e-02,-3.801429606348527557e-02,-6.749673070628271765e-02,-3.519076715388935045e-02,-1.435916317235476185e-02,-3.524455202264515918e-01,-3.753330286669139260e-01,-2.907009498669055336e-01,-4.311306135592269523e-02,-3.519076715388935045e-02,-3.801429606348527557e-02,-1.435916317235476011e-02,-1.286658602907498339e-01,-4.767312946227962589e-02,5.913962991410492975e-01,-2.487592975524973576e-02,-4.967123990818995694e-01,-1.786283982422259831e-01,-4.979810447122926670e-02,5.840947806181536750e-01,-2.030901712371240009e-02,-4.892821642774447533e-01,-1.767766952966368654e-01
-1.566612279065829338e-01,-5.537123258831522232e-01,-5.507016019503075954e-01,-2.878929612425566442e-01,-4.176069228387320198e-01,-3.313655423434322955e-01,-4.966680157416004104e-01,6.573034482162921632e-01,-6.623362709603883292e-02,-6.302706439077716549e-01,-1.257309511416503378e+00,1.862399238684066816e-01,-5.339577946391075303e-01,-6.458563896985994313e-02,6.320577570903027943e-03,9.716209167977121197e-01,-1.895668281666913063e-02,6.734596861779125199e-01,-6.436277836187281887e-01,4.979617339522358077e-01,-4.872757218968044035e-01,-1.066549761865789980e+00,8.736602716433718996e-01,8.698405001252803581e-01,4.885689282282582209e-03,1.236423447784288365e+00,1.994237661690613783e-01,1.283845986895869817e+00,-1.014949369612911712e+00,6.216134131920756367e-01,-7.622329347767978769e-01,0.000000000000000000e+00,0.000000000000000000e+00,-2.392467030372219805e-01,-4.681622135693289666e-01,-7.702633457260871230e-01,-8.854012119130028058e-02,-1.505132704308067115e+00,2.551395063781059402e+00,3.519043910430923905e+00,9.257960654133498002e-01,1.696017942249628430e+00,2.149203832068448394e-01,1.161234086461132353e+00,-3.669621702617922865e-01,-4.602362970513234064e-01,-5.183686688943279358e-02,-5.183686688943279358e-02,-7.051398600435393460e-01,-1.040941436780788015e-01,-2.030901712371240009e-02,-8.401389803667852485e-02,-3.271524934852403366e-01,1.926060419058570616e+00,-7.103890521813077674e-01,-5.752567881263277033e-02,-3.801429606348526863e-02,-1.147078669352808861e-01,-1.711160802546210780e-01,-7.340709118518067011e-02,-7.197411700355742237e-02,-1.244624194945742751e-01,-7.051263942166730025e-02,-2.872721242393142319e-02,-2.030901712371240009e-02,-2.019004323808653023e-01,-1.435916317235476011e-02,-1.435916317235476011e-02,-5.183686688943279358e-02,-3.801429606348527557e-02,-3.801429606348527557e-02,-1.558271304830920190e-01,-4.064318733121485144e-02,-8.148853797899899276e-02,-1.210011918676099085e-01,-5.569323991926412171e-02,-7.051263942166730025e-02,-4.979810447122927364e-02,-3.212131358814808435e-02,-2.030901712371240009e-02,-3.801429606348527557e-02,-6.749673070628271765e-02,-3.519076715388935045e-02,-1.435916317235476185e-02,-3.524455202264515918e-01,-3.753330286669139260e-01,-2.907009498669055336e-01,-4.311306135592269523e-02,-3.519076715388935045e-02,-3.801429606348527557e-02,-1.435916317235476011e-02,7.772069434271623223e+00,-4.767312946227962589e-02,-1.690913523558418063e+00,-2.487592975524973576e-02,2.013237442528823973e+00,-1.786283982422259831e-01,-4.979810447122926670e-02,5.840947806181536750e-01,-2.030901712371240009e-02,-4.892821642774447533e-01,-1.767766952966368654e-01
3.983023256688712488e-01,8.839639414812570095e-01,9.520848996778241702e-01,-2.878929612425566442e-01,-3.099750526878054524e-01,-1.520542238341859032e-01,2.765069183305110201e+00,-4.963069089824175273e-01,-6.623362709603883292e-02,5.575471080722594897e-01,-2.863188568981910875e-01,-1.291707300149474991e+00,8.653299196786893299e-01,-2.030994936158864780e-03,-3.586927771487311012e-01,-2.616117579530339854e-01,1.335038924697370621e+00,2.074523087739984728e+00,1.259738506402573233e+00,-8.697276860124680820e-02,-1.334577485995799284e+00,-1.819266046147774096e+00,-6.648170107643345261e-01,-2.033418333084732466e-01,3.766579043152746276e-01,-2.790244349465614282e-01,-8.078231342445260088e-01,1.005928889149460659e+00,2.550002143277718125e-01,4.924058261068601783e-01,-1.325541933798751071e+00,0.000000000000000000e+00,0.000000000000000000e+00,-1.399059251105406521e+00,-1.352414607349271769e+00,-1.963571925404249408e+00,-4.911683928652709197e-01,-1.302711487811531121e+00,-1.047347750049640647e+00,-4.845014723481537167e-01,-3.774647335768301359e-01,-4.668062001933125371e-01,-1.441939019155339841e+00,-1.186301566740631808e+00,-3.669621702617922865e-01,-4.602362970513234064e-01,-5.183686688943279358e-02,-5.183686688943279358e-02,-7.051398600435393460e-01,-1.040941436780788015e-01,-2.030901712371240009e-02,-8.401389803667852485e-02,-3.271524934852403366e-01,1.926060419058570616e+00,-7.103890521813077674e-01,-5.752567881263277033e-02,-3.801429606348526863e-02,-1.147078669352808861e-01,-1.711160802546210780e-01,-7.340709118518067011e-02,-7.197411700355742237e-02,-1.244624194945742751e-01,-7.051263942166730025e-02,-2.872721242393142319e-02,-2.030901712371240009e-02,-2.019004323808653023e-01,-1.435916317235476011e-02,-1.435916317235476011e-02,-5.183686688943279358e-02,-3.801429606348527557e-02,-3.801429606348527557e-02,-1.558271304830920190e-01,-4.064318733121485144e-02,-8.148853797899899276e-02,-1.210011918676099085e-01,-5.569323991926412171e-02,-7.051263942166730025e-02,-4.979810447122927364e-02,-3.212131358814808435e-02,-2.030901712371240009e-02,-3.801429606348527557e-02,-6.749673070628271765e-02,-3.519076715388935045e-02,-1.435916317235476185e-02,-3.524455202264515918e-01,-3.753330286669139260e-01,3.439961240091715222e+00,-4.311306135592269523e-02,-3.519076715388935045e-02,-3.801429606348527557e-02,-1.435916317235476011e-02,-1.286658602907498339e-01,-4.767312946227962589e-02,5.913962991410492975e-01,-2.487592975524973576e-02,-4.967123990818995694e-01,-1.786283982422259831e-01,-4.979810447122926670e-02,5.840947806181536750e-01,-2.030901712371240009e-02,-4.892821642774447533e-01,-1.767766952966368654e-01
1.184845305475513477e+00,1.363189363936059939e+00,4.511560658017802483e-01,7.082331122151057645e-01,-8.840116934927469972e-01,3.500174679917040788e-01,1.677823450289539942e+00,-4.963069089824175273e-01,-6.493539992246850634e-01,-3.636176791775609651e-02,8.414777418280475763e-01,4.325644612047202520e-01,1.579122418846921616e-01,-9.794473079627376011e-01,1.888272549307201120e-01,-1.248197897753630770e+00,3.591698270554103622e+00,1.280587160188143780e+00,9.743696044694237501e-02,-1.716433168571662726e+00,-6.362483984730694930e-02,1.442504519074156999e+00,-4.980854826216272735e-01,-6.233977490111865249e-02,1.907717967987786201e-01,5.774176121584963933e-02,-1.363252006354677692e-01,1.258580796191650364e-01,-4.588767707276420471e-01,8.800285873625066646e-01,-5.809668599935657873e-02,0.000000000000000000e+00,0.000000000000000000e+00,1.473574796521728292e-01,1.005591776063908815e+00,1.318026668710696736e+00,-9.586099960770027018e-01,-5.999157130446792774e-01,-1.364883880681761363e+00,-1.191009481073873166e+00,-3.774647335768301359e-01,-4.668062001933125371e-01,-8.206167432695206099e-01,-9.515480014204554804e-01,-3.669621702617922865e-01,-4.602362970513234064e-01,-5.183686688943279358e-02,-5.183686688943279358e-02,-7.051398600435393460e-01,-1.040941436780788015e-01,-2.030901712371240009e-02,-8.401389803667852485e-02,-3.271524934852403366e-01,-5.191945123345532709e-01,1.407679351095596942e+00,-5.752567881263277033e-02,-3.801429606348526863e-02,-1.147078669352808861e-01,-1.711160802546210780e-01,-7.340709118518067011e-02,-7.197411700355742237e-02,-1.244624194945742751e-01,-7.051263942166730025e-02,-2.872721242393142319e-02,-2.030901712371240009e-02,-2.019004323808653023e-01,-1.435916317235476011e-02,-1.435916317235476011e-02,-5.183686688943279358e-02,-3.801429606348527557e-02,-3.801429606348527557e-02,-1.558271304830920190e-01,-4.064318733121485144e-02,-8.148853797899899276e-02,-1.210011918676099085e-01,-5.569323991926412171e-02,-7.051263942166730025e-02,-4.979810447122927364e-02,-3.212131358814808435e-02,-2.030901712371240009e-02,-3.801429606348527557e-02,-6.749673070628271765e-02,-3.519076715388935045e-02,-1.435916317235476185e-02,-3.524455202264515918e-01,-3.753330286669139260e-01,-2.907009498669055336e-01,-4.311306135592269523e-02,-3.519076715388935045e-02,-3.801429606348527557e-02,-1.435916317235476011e-02,-1.286658602907498339e-01,-4.767312946227962589e-02,-1.690913523558418063e+00,-2.487592975524973576e-02,-4.967123990818995694e-01,5.598214000911362120e+00,-4.979810447122926670e-02,5.840947806181536750e-01,-2.030901712371240009e-02,-4.892821642774447533e-01,-1.767766952966368654e-01
2.231658579494954012e-02,-5.537123258831522232e-01,-5.507016019503075954e-01,-1.284019034700219164e+00,-7.405025332915116110e-01,-1.120335343784116588e+00,-4.966680157416004104e-01,-4.963069089824175273e-01,-6.623362709603883292e-02,-6.302706439077716549e-01,-1.462363438457637832e+00,4.325644612047202520e-01,-1.141714803437684222e-01,-3.148042151046642756e-01,3.713339322905371831e-01,4.783278468974136999e-01,-1.317896501095057737e-01,-1.671783547593307107e-01,6.902887556994790064e-01,-1.287538044979241458e-01,9.248938849348538049e-01,-6.292804948981121915e-02,9.646047415393940172e-01,-1.174689346781359722e+00,3.766579043152746276e-01,-1.289323023433794457e+00,1.990084922459883554e+00,1.005928889149460659e+00,-4.964492436252954666e-01,-5.412548705748637667e-01,9.276940622890612609e-01,0.000000000000000000e+00,0.000000000000000000e+00,9.205658450309623930e-01,1.300342573990556527e+00,7.213723788716157603e-01,3.972325252836366727e-01,3.079073195359363080e+00,-9.473935815327891308e-02,9.285145451032854602e-01,9.257960654133498002e-01,-4.668062001933125371e-01,1.043350084387937082e+00,2.100248347741838106e+00,2.194380977853250148e+00,-4.602362970513234064e-01,-5.183686688943279358e-02,-5.183686688943279358e-02,1.418158377741196352e+00,-1.040941436780788015e-01,-2.030901712371240009e-02,-8.401389803667852485e-02,-3.271524934852403366e-01,-5.191945123345532709e-01,-7.103890521813077674e-01,-5.752567881263277033e-02,-3.801429606348526863e-02,-1.147078669352808861e-01,-1.711160802546210780e-01,-7.340709118518067011e-02,-7.197411700355742237e-02,8.034553755751097981e+00,-7.051263942166730025e-02,-2.872721242393142319e-02,-2.030901712371240009e-02,-2.019004323808653023e-01,-1.435916317235476011e-02,-1.435916317235476011e-02,-5.183686688943279358e-02,-3.801429606348527557e-02,-3.801429606348527557e-02,-1.558271304830920190e-01,-4.064318733121485144e-02,-8.148853797899899276e-02,-1.210011918676099085e-01,-5.569323991926412171e-02,-7.051263942166730025e-02,-4.979810447122927364e-02,-3.212131358814808435e-02,-2.030901712371240009e-02,-3.801429606348527557e-02,-6.749673070628271765e-02,-3.519076715388935045e-02,-1.435916317235476185e-02,-3.524455202264515918e-01,-3.753330286669139260e-01,-2.907009498669055336e-01,-4.311306135592269523e-02,-3.519076715388935045e-02,-3.801429606348527557e-02,-1.435916317235476011e-02,-1.286658602907498339e-01,-4.767312946227962589e-02,5.913962991410492975e-01,-2.487592975524973576e-02,-4.967123990818995694e-01,-1.786283982422259831e-01,-4.979810447122926670e-02,5.840947806181536750e-01,-2.030901712371240009e-02,-4.892821642774447533e-01,-1.767766952966368654e-01
-1.483280512459531630e+00,-5.537123258831522232e-01,-5.507016019503075954e-01,-1.284019034700219164e+00,-1.099275433794600021e+00,-8.692994978711715559e-01,1.677823450289539942e+00,-4.963069089824175273e-01,-6.493539992246850634e-01,-6.302706439077716549e-01,3.650289113501178906e-01,-6.008461346790693741e-02,8.420084577733931708e-01,-9.247119944332491404e-01,-1.761860997889140579e-01,3.961123352473639447e-01,1.560704859283044144e+00,-1.801752323248414722e+00,-1.236479578871264806e+00,-2.384929742918500128e+00,3.600260422021904771e-01,-6.292804948981121915e-02,-1.657627473795908690e+00,2.509981326707801386e-01,2.049632871963738889e+00,-6.157906311089724749e-01,-8.078231342445260088e-01,-6.152541810379259513e-01,-3.386448574551513824e-01,-2.828396964044327944e-01,-5.809668599935657873e-02,0.000000000000000000e+00,0.000000000000000000e+00,5.339616623415676111e-01,1.005591776063908815e+00,4.230452339520751615e-01,-4.348659028425693185e-01,-9.860525550743753920e-01,-9.415023731722672595e-01,-1.426512150649113186e+00,-3.774647335768301359e-01,-4.668062001933125371e-01,-6.135093179742474589e-01,-7.167944361002790421e-01,-3.669621702617922865e-01,1.739375798511208382e+00,-5.183686688943279358e-02,-5.183686688943279358e-02,-7.051398600435393460e-01,-1.040941436780788015e-01,-2.030901712371240009e-02,-8.401389803667852485e-02,-3.271524934852403366e-01,1.926060419058570616e+00,-7.103890521813077674e-01,-5.752567881263277033e-02,-3.801429606348526863e-02,-1.147078669352808861e-01,-1.711160802546210780e-01,-7.340709118518067011e-02,-7.197411700355742237e-02,-1.244624194945742751e-01,-7.051263942166730025e-02,-2.872721242393142319e-02,-2.030901712371240009e-02,-2.019004323808653023e-01,-1.435916317235476011e-02,-1.435916317235476011e-02,-5.183686688943279358e-02,-3.801429606348527557e-02,-3.801429606348527557e-02,-1.558271304830920190e-01,-4.064318733121485144e-02,-8.148853797899899276e-02,-1.210011918676099085e-01,-5.569323991926412171e-02,-7.051263942166730025e-02,-4.979810447122927364e-02,-3.212131358814808435e-02,-2.030901712371240009e-02,-3.801429606348527557e-02,-6.749673070628271765e-02,-3.519076715388935045e-02,-1.435916317235476185e-02,-3.524455202264515918e-01,-3.753330286669139260e-01,-2.907009498669055336e-01,-4.311306135592269523e-02,-3.519076715388935045e-02,-3.801429606348527557e-02,-1.435916317235476011e-02,7.772069434271623223e+00,-4.767312946227962589e-02,5.913962991410492975e-01,-2.487592975524973576e-02,-4.967123990818995694e-01,-1.786283982422259831e-01,-4.979810447122926670e-02,5.840947806181536750e-01,-2.030901712371240009e-02,-4.892821642774447533e-01,-1.767766952966368654e-01
-1.539024988630896207e+00,2.321640208845666020e+00,-5.507016019503075954e-01,7.082331122151057645e-01,2.281842980668271903e-01,-9.051617615730208621e-01,5.905777172739697933e-01,1.810913805415002020e+00,-6.623362709603883292e-02,-3.636176791775609651e-02,-2.095495131554673054e-02,4.325644612047202520e-01,-9.148750057589520868e-01,-4.555521641804913813e-01,-1.761860997889140579e-01,7.249743818475629098e-01,6.580411209403509432e-01,-2.605825815301355264e-01,4.952717177874604859e-01,1.219324108821398522e-01,-7.697096432631360674e-01,-6.292804948981121915e-02,-1.369636652458505521e+00,-1.495860702042555834e+00,-8.805736447596543282e-02,-1.948328859059586526e-01,7.590053775099431244e-01,7.953856332809684793e-02,6.532684270428975593e-01,-1.359569588781228688e+00,-4.805784352658213909e-01,0.000000000000000000e+00,0.000000000000000000e+00,-2.392467030372219805e-01,-1.734114156426813935e-01,-1.068590490645627611e+00,2.545122598772535660e-01,1.262626701451501798e+00,-4.122754887853995465e-01,-2.489988027729138353e-01,-3.774647335768301359e-01,-4.668062001933125371e-01,2.149203832068448394e-01,-1.253374013974976713e-02,2.194380977853250148e+00,-4.602362970513234064e-01,-5.183686688943279358e-02,-5.183686688943279358e-02,-7.051398600435393460e-01,-1.040941436780788015e-01,-2.030901712371240009e-02,-8.401389803667852485e-02,-3.271524934852403366e-01,1.926060419058570616e+00,-7.103890521813077674e-01,-5.752567881263277033e-02,-3.801429606348526863e-02,-1.147078669352808861e-01,-1.711160802546210780e-01,-7.340709118518067011e-02,-7.197411700355742237e-02,-1.244624194945742751e-01,-7.051263942166730025e-02,-2.872721242393142319e-02,-2.030901712371240009e-02,-2.019004323808653023e-01,-1.435916317235476011e-02,-1.435916317235476011e-02,-5.183686688943279358e-02,-3.801429606348527557e-02,-3.801429606348527557e-02,-1.558271304830920190e-01,-4.064318733121485144e-02,-8.148853797899899276e-02,-1.210011918676099085e-01,-5.569323991926412171e-02,-7.051263942166730025e-02,-4.979810447122927364e-02,-3.212131358814808435e-02,-2.030901712371240009e-02,-3.801429606348527557e-02,-6.749673070628271765e-02,-3.519076715388935045e-02,-1.435916317235476185e-02,-3.524455202264515918e-01,-3.753330286669139260e-01,3.439961240091715222e+00,-4.311306135592269523e-02,-3.519076715388935045e-02,-3.801429606348527557e-02,-1.435916317235476011e-02,-1.286658602907498339e-01,-4.767312946227962589e-02,-1.690913523558418063e+00,-2.487592975524973576e-02,2.013237442528823973e+00,-1.786283982422259831e-01,-4.979810447122926670e-02,-1.712050908829709783e+00,-2.030901712371240009e-02,2.043810449286999731e+00,-1.767766952966368654e-01
5.344379455176340166e-01,-5.537123258831522232e-01,4.511560658017802483e-01,7.082331122151057645e-01,2.380821701085357844e+00,1.605196697556429131e+00,-4.966680157416004104e-01,-4.963069089824175273e-01,-6.493539992246850634e-01,-6.302706439077716549e-01,8.414777418280475763e-01,4.325644612047202520e-01,6.554367625310201229e-01,8.111793775019545683e-01,-4.499461158286396367e-01,-9.718073465293448898e-02,-5.831215192808524295e-01,3.465448924800957342e-01,7.136908002489211755e-01,4.979617339522358077e-01,-7.697096432631360674e-01,1.879773786041834815e-01,-6.572383049396658405e-01,-2.317253645463143372e-02,4.885689282282582209e-03,9.838488006624800386e-01,-4.720741674399969168e-01,7.743313076941197304e-01,4.203190950774467471e-01,-2.828396964044327944e-01,-7.622329347767978769e-01,0.000000000000000000e+00,0.000000000000000000e+00,-6.258508857266168457e-01,1.213393822839661657e-01,-1.736090558870059808e-01,-2.738145941729810962e-01,1.249259367861515896e-01,1.169513956014681527e-01,-2.489988027729138353e-01,-3.774647335768301359e-01,-4.668062001933125371e-01,-9.574075473606477593e-02,-7.167944361002790421e-01,-3.669621702617922865e-01,-4.602362970513234064e-01,-5.183686688943279358e-02,-5.183686688943279358e-02,-7.051398600435393460e-01,-1.040941436780788015e-01,-2.030901712371240009e-02,-8.401389803667852485e-02,-3.271524934852403366e-01,-5.191945123345532709e-01,1.407679351095596942e+00,-5.752567881263277033e-02,-3.801429606348526863e-02,-1.147078669352808861e-01,-1.711160802546210780e-01,-7.340709118518067011e-02,-7.197411700355742237e-02,-1.244624194945742751e-01,-7.051263942166730025e-02,-2.872721242393142319e-02,-2.030901712371240009e-02,-2.019004323808653023e-01,-1.435916317235476011e-02,-1.435916317235476011e-02,-5.183686688943279358e-02,-3.801429606348527557e-02,-3.801429606348527557e-02,-1.558271304830920190e-01,-4.064318733121485144e-02,-8.148853797899899276e-02,-1.210011918676099085e-01,-5.569323991926412171e-02,-7.051263942166730025e-02,-4.979810447122927364e-02,-3.212131358814808435e-02,-2.030901712371240009e-02,-3.801429606348527557e-02,-6.749673070628271765e-02,-3.519076715388935045e-02,-1.435916317235476185e-02,-3.524455202264515918e-01,-3.753330286669139260e-01,-2.907009498669055336e-01,-4.311306135592269523e-02,-3.519076715388935045e-02,-3.801429606348527557e-02,-1.435916317235476011e-02,-1.286658602907498339e-01,-4.767312946227962589e-02,5.913962991410492975e-01,-2.487592975524973576e-02,-4.967123990818995694e-01,-1.786283982422259831e-01,-4.979810447122926670e-02,5.840947806181536750e-01,-2.030901712371240009e-02,-4.892821642774447533e-01,-1.767766952966368654e-01
6.095358451668906330e-01,-5.537123258831522232e-01,4.511560658017802483e-01,7.082331122151057645e-01,1.125116549324548298e+00,7.803646324138955315e-01,5.905777172739697933e-01,-4.963069089824175273e-01,-6.493539992246850634e-01,5.575471080722594897e-01,8.414777418280475763e-01,6.788889985410339056e-01,-6.116960009900960227e-01,-4.711908251889166399e-01,-7.237061318683652988e-01,4.783278468974136999e-01,9.387628447616762351e-02,2.531406657092908907e-01,-7.060332357505740841e-01,2.472755185721718374e-01,9.248938849348538049e-01,9.406936628861676253e-01,-2.858817195309092396e-01,5.878363833105715308e-01,8.413731731065147157e-01,5.774176121584963933e-02,8.750744390088503744e-02,4.500946936566423418e-01,4.729205571341613124e-01,-4.551164791847201463e-01,9.276940622890612609e-01,0.000000000000000000e+00,0.000000000000000000e+00,9.205658450309623930e-01,1.005591776063908815e+00,7.213723788716157603e-01,2.240157053352298977e+00,9.506441664551903425e-01,5.403329031109622704e-01,2.220065363775658440e-01,-3.774647335768301359e-01,-4.668062001933125371e-01,8.362426590926641534e-01,9.264805211409559149e-01,-3.669621702617922865e-01,-4.602362970513234064e-01,-5.183686688943279358e-02,-5.183686688943279358e-02,-7.051398600435393460e-01,-1.040941436780788015e-01,-2.030901712371240009e-02,-8.401389803667852485e-02,-3.271524934852403366e-01,-5.191945123345532709e-01,1.407679351095596942e+00,-5.752567881263277033e-02,-3.801429606348526863e-02,-1.147078669352808861e-01,-1.711160802546210780e-01,-7.340709118518067011e-02,-7.197411700355742237e-02,-1.244624194945742751e-01,-7.051263942166730025e-02,-2.872721242393142319e-02,-2.030901712371240009e-02,-2.019004323808653023e-01,-1.435916317235476011e-02,-1.435916317235476011e-02,-5.183686688943279358e-02,-3.801429606348527557e-02,-3.801429606348527557e-02,-1.558271304830920190e-01,-4.064318733121485144e-02,-8.148853797899899276e-02,-1.210011918676099085e-01,-5.569323991926412171e-02,-7.051263942166730025e-02,-4.979810447122927364e-02,-3.212131358814808435e-02,-2.030901712371240009e-02,-3.801429606348527557e-02,-6.749673070628271765e-02,-3.519076715388935045e-02,-1.435916317235476185e-02,-3.524455202264515918e-01,-3.753330286669139260e-01,-2.907009498669055336e-01,-4.311306135592269523e-02,-3.519076715388935045e-02,-3.801429606348527557e-02,-1.435916317235476011e-02,-1.286658602907498339e-01,-4.767312946227962589e-02,-1.690913523558418063e+00,-2.487592975524973576e-02,2.013237442528823973e+00,-1.786283982422259831e-01,-4.979810447122926670e-02,5.840947806181536750e-01,-2.030901712371240009e-02,-4.892821642774447533e-01,-1.767766952966368654e-01
5.688808585374832694e-02,3.280091053755272323e+00,-4.977276807426366662e-02,7.082331122151057645e-01,-7.046252432412027922e-01,5.293287865009504989e-01,-4.966680157416004104e-01,6.573034482162921632e-01,4.015608977804484780e+00,-6.302706439077716549e-01,8.414777418280475763e-01,-1.784356374822102298e+00,1.020964981781364266e-02,-9.090733334248238817e-01,-1.179972825267908032e+00,6.725028864716499355e-02,-1.317896501095057737e-01,1.597364389384861028e-01,2.780871402116318336e+00,-4.212210557746654538e-01,-1.334577485995799284e+00,-1.568360618053779465e+00,-3.616687777775943746e-01,-3.130101009586379601e-01,9.782874304053058856e-02,1.419333102564523941e-01,4.232564107054141989e-01,-7.078932136200624115e-01,-7.369130701702769626e-01,-5.412548705748637667e-01,-1.325541933798751071e+00,0.000000000000000000e+00,0.000000000000000000e+00,-1.399059251105406521e+00,-1.941916203202566749e+00,-1.366917635565168210e+00,8.306307624351302321e-01,1.044840178092192318e+00,5.403329031109622704e-01,6.930118755280455511e-01,-3.774647335768301359e-01,-4.668062001933125371e-01,1.113666705592083056e-01,-1.253374013974976713e-02,-3.669621702617922865e-01,-4.602362970513234064e-01,-5.183686688943279358e-02,-5.183686688943279358e-02,-7.051398600435393460e-01,-1.040941436780788015e-01,-2.030901712371240009e-02,-8.401389803667852485e-02,-3.271524934852403366e-01,-5.191945123345532709e-01,1.407679351095596942e+00,-5.752567881263277033e-02,-3.801429606348526863e-02,-1.147078669352808861e-01,-1.711160802546210780e-01,-7.340709118518067011e-02,-7.197411700355742237e-02,-1.244624194945742751e-01,-7.051263942166730025e-02,-2.872721242393142319e-02,-2.030901712371240009e-02,-2.019004323808653023e-01,-1.435916317235476011e-02,-1.435916317235476011e-02,-5.183686688943279358e-02,-3.801429606348527557e-02,-3.801429606348527557e-02,-1.558271304830920190e-01,-4.064318733121485144e-02,-8.148853797899899276e-02,-1.210011918676099085e-01,-5.569323991926412171e-02,-7.051263942166730025e-02,-4.979810447122927364e-02,-3.212131358814808435e-02,-2.030901712371240009e-02,-3.801429606348527557e-02,-6.749673070628271765e-02,-3.519076715388935045e-02,-1.435916317235476185e-02,-3.524455202264515918e-01,-3.753330286669139260e-01,-2.907009498669055336e-01,-4.311306135592269523e-02,-3.519076715388935045e-02,-3.801429606348527557e-02,-1.435916317235476011e-02,-1.286658602907498339e-01,-4.767312946227962589e-02,-1.690913523558418063e+00,-2.487592975524973576e-02,2.013237442528823973e+00,-1.786283982422259831e-01,-4.979810447122926670e-02,5.840947806181536750e-01,-2.030901712371240009e-02,-4.892821642774447533e-01,-1.767766952966368654e-01
-5.658583299953381940e-02,-7.448690342834912714e-02,4.511560658017802483e-01,2.700485259130430471e+00,1.160993839374857117e+00,3.326585355245194719e+00,-4.966680157416004104e-01,-4.963069089824175273e-01,-6.623362709603883292e-02,1.151455984062275117e+00,-7.507056916678187530e-01,-1.291707300149474991e+00,2.201028069654832053e-01,3.342002167449839578e-01,4.625872709704457186e-01,6.427588701975132102e-01,2.067092517690042597e-01,-4.940931484571475241e-01,-3.316005229594985448e-01,2.890565544688492028e-01,-1.052143564629467676e+00,-8.156443337717953490e-01,-1.115714855635336622e-01,1.316347018415236381e+00,8.413731731065147157e-01,2.261248592970551696e-01,-1.363252006354677692e-01,7.953856332809684793e-02,1.497972902143424601e-01,1.009236174447722290e+00,-7.622329347767978769e-01,0.000000000000000000e+00,0.000000000000000000e+00,-2.172267616484195862e+00,-1.057663809422624057e+00,-7.702633457260871230e-01,-2.700019023625435319e-02,4.008272063083774539e-02,-9.415023731722672595e-01,2.220065363775658440e-01,-3.774647335768301359e-01,-4.668062001933125371e-01,-9.574075473606477593e-02,-7.167944361002790421e-01,-3.669621702617922865e-01,-4.602362970513234064e-01,-5.183686688943279358e-02,-5.183686688943279358e-02,1.418158377741196352e+00,-1.040941436780788015e-01,-2.030901712371240009e-02,-8.401389803667852485e-02,-3.271524934852403366e-01,-5.191945123345532709e-01,-7.103890521813077674e-01,-5.752567881263277033e-02,-3.801429606348526863e-02,-1.147078669352808861e-01,-1.711160802546210780e-01,-7.340709118518067011e-02,-7.197411700355742237e-02,-1.244624194945742751e-01,-7.051263942166730025e-02,-2.872721242393142319e-02,-2.030901712371240009e-02,-2.019004323808653023e-01,-1.435916317235476011e-02,-1.435916317235476011e-02,-5.183686688943279358e-02,-3.801429606348527557e-02,-3.801429606348527557e-02,-1.558271304830920190e-01,-4.064318733121485144e-02,-8.148853797899899276e-02,-1.210011918676099085e-01,-5.569323991926412171e-02,-7.051263942166730025e-02,-4.979810447122927364e-02,-3.212131358814808435e-02,-2.030901712371240009e-02,-3.801429606348527557e-02,-6.749673070628271765e-02,-3.519076715388935045e-02,-1.435916317235476185e-02,-3.524455202264515918e-01,2.664300564093018409e+00,-2.907009498669055336e-01,-4.311306135592269523e-02,-3.519076715388935045e-02,-3.801429606348527557e-02,-1.435916317235476011e-02,-1.286658602907498339e-01,-4.767312946227962589e-02,5.913962991410492975e-01,-2.487592975524973576e-02,-4.967123990818995694e-01,-1.786283982422259831e-01,-4.979810447122926670e-02,5.840947806181536750e-01,-2.030901712371240009e-02,-4.892821642774447533e-01,-1.767766952966368654e-01
6.095358451668906330e-01,1.363189363936059939e+00,1.453013733553867981e+00,7.082331122151057645e-01,-2.023431825368789405e-01,7.803646324138955315e-01,-4.966680157416004104e-01,-4.963069089824175273e-01,-6.623362709603883292e-02,-6.302706439077716549e-01,8.414777418280475763e-01,-7.990582254768477943e-01,1.112693180740988996e-01,-7.135900708195082043e-01,-4.499461158286396367e-01,3.138968235973142451e-01,5.452081536475141821e-01,-7.743058287695619990e-01,6.200826220511521658e-01,-2.958779480846334686e-01,-1.052143564629467676e+00,-3.138334775838059199e-01,-1.797798379855501116e-01,-1.955083856191756064e-01,2.837148505570266099e-01,-4.474075330277669238e-01,8.750744390088503744e-02,1.098567921731596897e+00,-1.207245146487618270e-01,1.478522605462855299e-01,-1.043887434287774418e+00,0.000000000000000000e+00,0.000000000000000000e+00,-1.012455068416011628e+00,-1.057663809422624057e+00,-4.719362008065465242e-01,4.954345427650929112e-01,1.269975326472828181e+00,-5.181208656627730447e-01,-2.489988027729138353e-01,-3.774647335768301359e-01,-4.668062001933125371e-01,1.768226072921393000e+00,6.917269558207794766e-01,-3.669621702617922865e-01,1.739375798511208382e+00,-5.183686688943279358e-02,-5.183686688943279358e-02,-7.051398600435393460e-01,-1.040941436780788015e-01,-2.030901712371240009e-02,-8.401389803667852485e-02,-3.271524934852403366e-01,-5.191945123345532709e-01,1.407679351095596942e+00,-5.752567881263277033e-02,-3.801429606348526863e-02,-1.147078669352808861e-01,-1.711160802546210780e-01,-7.340709118518067011e-02,-7.197411700355742237e-02,-1.244624194945742751e-01,-7.051263942166730025e-02,-2.872721242393142319e-02,-2.030901712371240009e-02,-2.019004323808653023e-01,-1.435916317235476011e-02,-1.435916317235476011e-02,-5.183686688943279358e-02,-3.801429606348527557e-02,-3.801429606348527557e-02,-1.558271304830920190e-01,-4.064318733121485144e-02,-8.148853797899899276e-02,-1.210011918676099085e-01,-5.569323991926412171e-02,-7.051263942166730025e-02,-4.979810447122927364e-02,-3.212131358814808435e-02,-2.030901712371240009e-02,-3.801429606348527557e-02,-6.749673070628271765e-02,-3.519076715388935045e-02,-1.435916317235476185e-02,-3.524455202264515918e-01,-3.753330286669139260e-01,-2.907009498669055336e-01,-4.311306135592269523e-02,-3.519076715388935045e-02,-3.801429606348527557e-02,-1.435916317235476011e-02,-1.286658602907498339e-01,-4.767312946227962589e-02,5.913962991410492975e-01,-2.487592975524973576e-02,-4.967123990818995694e-01,-1.786283982422259831e-01,-4.979810447122926670e-02,-1.712050908829709783e+00,-2.030901712371240009e-02,2.043810449286999731e+00,-1.767766952966368654e-01
2.696103302346825048e-01,4.047385190264539689e-01,9.520848996778241702e-01,7.082331122151057645e-01,-2.023431825368789405e-01,3.141552042898547725e-01,-4.966680157416004104e-01,6.573034482162921632e-01,2.266247861418546172e+00,-6.302706439077716549e-01,8.414777418280475763e-01,-6.008461346790693741e-02,2.201028069654832053e-01,-3.773588591383653656e-01,3.713339322905371831e-01,9.716209167977121197e-01,-2.446226174023423960e-01,-2.605825815301355264e-01,1.236336461853130952e+00,1.333582451885782394e+00,-4.872757218968044035e-01,-8.156443337717953490e-01,1.116178858032764287e+00,8.385067093680904637e-01,-3.668865257507094579e-01,2.261248592970551696e-01,8.750744390088503744e-02,5.427337262387786909e-01,-1.007434875033381028e+00,3.201290433265728819e-01,-4.805784352658213909e-01,0.000000000000000000e+00,0.000000000000000000e+00,-2.392467030372219805e-01,1.213393822839661657e-01,-7.702633457260871230e-01,2.186473283795769440e+00,-3.607513714415111483e-01,-4.122754887853995465e-01,-2.489988027729138353e-01,-3.774647335768301359e-01,-4.668062001933125371e-01,-7.170630306218840344e-01,-1.186301566740631808e+00,-3.669621702617922865e-01,-4.602362970513234064e-01,-5.183686688943279358e-02,-5.183686688943279358e-02,-7.051398600435393460e-01,-1.040941436780788015e-01,-2.030901712371240009e-02,-8.401389803667852485e-02,3.056678521220304923e+00,-5.191945123345532709e-01,-7.103890521813077674e-01,-5.752567881263277033e-02,-3.801429606348526863e-02,-1.147078669352808861e-01,-1.711160802546210780e-01,-7.340709118518067011e-02,-7.197411700355742237e-02,-1.244624194945742751e-01,-7.051263942166730025e-02,-2.872721242393142319e-02,-2.030901712371240009e-02,-2.019004323808653023e-01,-1.435916317235476011e-02,-1.435916317235476011e-02,-5.183686688943279358e-02,-3.801429606348527557e-02,-3.801429606348527557e-02,-1.558271304830920190e-01,-4.064318733121485144e-02,-8.148853797899899276e-02,-1.210011918676099085e-01,-5.569323991926412171e-02,-7.051263942166730025e-02,-4.979810447122927364e-02,-3.212131358814808435e-02,-2.030901712371240009e-02,-3.801429606348527557e-02,-6.749673070628271765e-02,-3.519076715388935045e-02,-1.435916317235476185e-02,-3.524455202264515918e-01,-3.753330286669139260e-01,-2.907009498669055336e-01,-4.311306135592269523e-02,-3.519076715388935045e-02,-3.801429606348527557e-02,-1.435916317235476011e-02,-1.286658602907498339e-01,-4.767312946227962589e-02,5.913962991410492975e-01,-2.487592975524973576e-02,-4.967123990818995694e-01,-1.786283982422259831e-01,-4.979810447122926670e-02,-1.712050908829709783e+00,-2.030901712371240009e-02,-4.892821642774447533e-01,-1.767766952966368654e-01
-9.443621048443811006e-01,4.047385190264539689e-01,-5.507016019503075954e-01,7.082331122151057645e-01,1.268625709525783574e+00,-2.237787512378844601e-01,-4.966680157416004104e-01,-4.963069089824175273e-01,2.266247861418546172e+00,-6.302706439077716549e-01,8.414777418280475763e-01,-1.538031837485788644e+00,9.572167680390113176e-02,7.642633944766786813e-01,3.713339322905371831e-01,-1.496522300288474598e-02,-6.959544865736890795e-01,-3.072846949155379481e-01,1.442410495458268938e-01,2.054944826754944998e-01,-1.052143564629467676e+00,-8.156443337717953490e-01,-3.768261894269314127e-01,-3.130101009586379601e-01,4.696009580735226452e-01,1.068040349703082814e+00,-8.078231342445260088e-01,-1.773242088314630704e+00,-1.202811734101178587e+00,1.478522605462855299e-01,-1.325541933798751071e+00,0.000000000000000000e+00,0.000000000000000000e+00,-1.012455068416011628e+00,-1.352414607349271769e+00,-1.366917635565168210e+00,1.008049074018294577e+00,-8.631301001721883859e-01,-5.181208656627730447e-01,-2.489988027729138353e-01,-3.774647335768301359e-01,-4.668062001933125371e-01,-1.441939019155339841e+00,-9.515480014204554804e-01,-3.669621702617922865e-01,-4.602362970513234064e-01,-5.183686688943279358e-02,-5.183686688943279358e-02,-7.051398600435393460e-01,-1.040941436780788015e-01,-2.030901712371240009e-02,-8.401389803667852485e-02,-3.271524934852403366e-01,-5.191945123345532709e-01,1.407679351095596942e+00,-5.752567881263277033e-02,-3.801429606348526863e-02,-1.147078669352808861e-01,-1.711160802546210780e-01,-7.340709118518067011e-02,-7.197411700355742237e-02,-1.244624194945742751e-01,-7.051263942166730025e-02,-2.872721242393142319e-02,-2.030901712371240009e-02,-2.019004323808653023e-01,-1.435916317235476011e-02,-1.435916317235476011e-02,-5.183686688943279358e-02,-3.801429606348527557e-02,-3.801429606348527557e-02,-1.558271304830920190e-01,-4.064318733121485144e-02,-8.148853797899899276e-02,-1.210011918676099085e-01,-5.569323991926412171e-02,-7.051263942166730025e-02,-4.979810447122927364e-02,-3.212131358814808435e-02,-2.030901712371240009e-02,-3.801429606348527557e-02,-6.749673070628271765e-02,-3.519076715388935045e-02,-1.435916317235476185e-02,-3.524455202264515918e-01,-3.753330286669139260e-01,-2.907009498669055336e-01,-4.311306135592269523e-02,-3.519076715388935045e-02,-3.801429606348527557e-02,-1.435916317235476011e-02,-1.286658602907498339e-01,-4.767312946227962589e-02,5.913962991410492975e-01,-2.487592975524973576e-02,-4.967123990818995694e-01,-1.786283982422259831e-01,-4.979810447122926670e-02,5.840947806181536750e-01,-2.030901712371240009e-02,-4.892821642774447533e-01,-1.767766952966368654e-01
6.101975006704083437e-01,4.047385190264539689e-01,-5.507016019503075954e-01,-1.284019034700219164e+00,-4.893615029393497129e-01,-1.084473080082267282e+00,5.905777172739697933e-01,-4.963069089824175273e-01,-6.493539992246850634e-01,-6.302706439077716549e-01,-3.285358418772480471e-01,9.252135358773474483e-01,8.031393545978983139e-01,2.142699657647886835e-02,-2.674394384688225657e-01,1.494658002972147348e-01,1.673537826575880905e+00,1.280587160188143780e+00,-5.344182423879977328e-01,-3.410696807892142027e-03,3.600260422021904771e-01,1.879773786041834815e-01,-7.481827748356879582e-01,-1.668196551207100420e+00,-7.386587407837015284e-01,-2.644978782475312235e-02,1.994237661690613783e-01,-1.057395018361759059e-01,1.209341025928167168e+00,-8.858084361354384706e-01,9.276940622890612609e-01,0.000000000000000000e+00,0.000000000000000000e+00,9.205658450309623930e-01,7.108409781372613256e-01,4.230452339520751615e-01,-2.751239544060671838e-01,-8.437564523886915691e-01,-6.239662425401465429e-01,2.220065363775658440e-01,-3.774647335768301359e-01,-4.668062001933125371e-01,-4.064018926789744190e-01,-4.820408707801026038e-01,-3.669621702617922865e-01,1.739375798511208382e+00,-5.183686688943279358e-02,-5.183686688943279358e-02,-7.051398600435393460e-01,-1.040941436780788015e-01,-2.030901712371240009e-02,-8.401389803667852485e-02,-3.271524934852403366e-01,1.926060419058570616e+00,-7.103890521813077674e-01,-5.752567881263277033e-02,-3.801429606348526863e-02,-1.147078669352808861e-01,-1.711160802546210780e-01,-7.340709118518067011e-02,-7.197411700355742237e-02,-1.244624194945742751e-01,-7.051263942166730025e-02,-2.872721242393142319e-02,-2.030901712371240009e-02,4.952936396459016066e+00,-1.435916317235476011e-02,-1.435916317235476011e-02,-5.183686688943279358e-02,-3.801429606348527557e-02,-3.801429606348527557e-02,-1.558271304830920190e-01,-4.064318733121485144e-02,-8.148853797899899276e-02,-1.210011918676099085e-01,-5.569323991926412171e-02,-7.051263942166730025e-02,-4.979810447122927364e-02,-3.212131358814808435e-02,-2.030901712371240009e-02,-3.801429606348527557e-02,-6.749673070628271765e-02,-3.519076715388935045e-02,-1.435916317235476185e-02,-3.524455202264515918e-01,-3.753330286669139260e-01,-2.907009498669055336e-01,-4.311306135592269523e-02,-3.519076715388935045e-02,-3.801429606348527557e-02,-1.435916317235476011e-02,-1.286658602907498339e-01,-4.767312946227962589e-02,5.913962991410492975e-01,-2.487592975524973576e-02,-4.967123990818995694e-01,-1.786283982422259831e-01,-4.979810447122926670e-02,5.840947806181536750e-01,-2.030901712371240009e-02,-4.892821642774447533e-01,-1.767766952966368654e-01
-2.350674050734280207e-01,-7.448690342834912714e-02,-5.507016019503075954e-01,-2.878929612425566442e-01,-5.883402233564356820e-02,-1.520542238341859032e-01,5.905777172739697933e-01,-4.963069089824175273e-01,-6.493539992246850634e-01,-3.636176791775609651e-02,-1.251278513562352313e+00,-6.008461346790693741e-02,1.501384212495934511e-01,-9.586296098671048815e-02,2.800805936106286476e-01,-1.496522300288474598e-02,5.452081536475141821e-01,7.201617995633149416e-01,-6.670298281681704688e-01,3.837033908878519084e-02,-6.362483984730694930e-02,1.879773786041834815e-01,-5.132428942709642561e-01,4.233339818353242801e-01,-8.316017945419494906e-01,8.154657025812744875e-01,-5.839904897081731328e-01,1.721775959102332110e-01,7.465234441903566276e-02,6.216134131920756367e-01,-7.622329347767978769e-01,0.000000000000000000e+00,0.000000000000000000e+00,-2.392467030372219805e-01,-1.734114156426813935e-01,-4.719362008065465242e-01,-4.630171478539201191e-01,6.994548020898516683e-01,4.344875262335887722e-01,2.220065363775658440e-01,-3.774647335768301359e-01,-4.668062001933125371e-01,4.220278085021179071e-01,-1.253374013974976713e-02,-3.669621702617922865e-01,-4.602362970513234064e-01,-5.183686688943279358e-02,-5.183686688943279358e-02,-7.051398600435393460e-01,-1.040941436780788015e-01,-2.030901712371240009e-02,-8.401389803667852485e-02,-3.271524934852403366e-01,1.926060419058570616e+00,-7.103890521813077674e-01,-5.752567881263277033e-02,-3.801429606348526863e-02,-1.147078669352808861e-01,-1.711160802546210780e-01,-7.340709118518067011e-02,-7.197411700355742237e-02,-1.244624194945742751e-01,-7.051263942166730025e-02,-2.872721242393142319e-02,-2.030901712371240009e-02,4.952936396459016066e+00,-1.435916317235476011e-02,-1.435916317235476011e-02,-5.183686688943279358e-02,-3.801429606348527557e-02,-3.801429606348527557e-02,-1.558271304830920190e-01,-4.064318733121485144e-02,-8.148853797899899276e-02,-1.210011918676099085e-01,-5.569323991926412171e-02,-7.051263942166730025e-02,-4.979810447122927364e-02,-3.212131358814808435e-02,-2.030901712371240009e-02,-3.801429606348527557e-02,-6.749673070628271765e-02,-3.519076715388935045e-02,-1.435916317235476185e-02,-3.524455202264515918e-01,-3.753330286669139260e-01,-2.907009498669055336e-01,-4.311306135592269523e-02,-3.519076715388935045e-02,-3.801429606348527557e-02,-1.435916317235476011e-02,-1.286658602907498339e-01,-4.767312946227962589e-02,5.913962991410492975e-01,-2.487592975524973576e-02,-4.967123990818995694e-01,-1.786283982422259831e-01,-4.979810447122926670e-02,5.840947806181536750e-01,-2.030901712371240009e-02,-4.892821642774447533e-01,-1.767766952966368654e-01
3.425578494975067279e-01,-5.537123258831522232e-01,-5.507016019503075954e-01,-1.284019034700219164e+00,-1.099275433794600021e+00,-5.106768608526787157e-01,-4.966680157416004104e-01,-4.963069089824175273e-01,-6.493539992246850634e-01,-6.302706439077716549e-01,-8.954496401674427730e-01,-6.008461346790693741e-02,-2.929693549510424821e-01,-7.448673928363587216e-01,-7.237061318683652988e-01,4.783278468974136999e-01,1.335038924697370621e+00,-2.605825815301355264e-01,6.824880741829981723e-01,-6.301262352580521142e-01,-4.872757218968044035e-01,-1.066549761865789980e+00,-8.921781855043895426e-01,-7.505641076036477857e-03,-1.810004182342134504e-01,9.838488006624800386e-01,-5.839904897081731328e-01,1.144887438022665238e+00,-2.259274387621911795e-01,1.909214562413573679e-01,-4.805784352658213909e-01,0.000000000000000000e+00,0.000000000000000000e+00,-2.392467030372219805e-01,-1.734114156426813935e-01,-4.719362008065465242e-01,5.196577070771855045e-01,-3.727763942036815825e-01,-7.298116194175201521e-01,-1.349613319767399566e-02,-3.774647335768301359e-01,-4.668062001933125371e-01,3.114424337340667925e+00,1.865494782421661668e+00,3.475052551910771559e+00,3.938987894073740392e+00,-5.183686688943279358e-02,-5.183686688943279358e-02,1.418158377741196352e+00,-1.040941436780788015e-01,-2.030901712371240009e-02,-8.401389803667852485e-02,-3.271524934852403366e-01,-5.191945123345532709e-01,-7.103890521813077674e-01,-5.752567881263277033e-02,-3.801429606348526863e-02,-1.147078669352808861e-01,-1.711160802546210780e-01,-7.340709118518067011e-02,-7.197411700355742237e-02,-1.244624194945742751e-01,-7.051263942166730025e-02,-2.872721242393142319e-02,-2.030901712371240009e-02,-2.019004323808653023e-01,-1.435916317235476011e-02,-1.435916317235476011e-02,-5.183686688943279358e-02,-3.801429606348527557e-02,-3.801429606348527557e-02,-1.558271304830920190e-01,-4.064318733121485144e-02,-8.148853797899899276e-02,-1.210011918676099085e-01,-5.569323991926412171e-02,-7.051263942166730025e-02,-4.979810447122927364e-02,-3.212131358814808435e-02,-2.030901712371240009e-02,-3.801429606348527557e-02,-6.749673070628271765e-02,-3.519076715388935045e-02,-1.435916317235476185e-02,2.837317947345407543e+00,-3.753330286669139260e-01,-2.907009498669055336e-01,-4.311306135592269523e-02,-3.519076715388935045e-02,-3.801429606348527557e-02,-1.435916317235476011e-02,-1.286658602907498339e-01,-4.767312946227962589e-02,5.913962991410492975e-01,-2.487592975524973576e-02,-4.967123990818995694e-01,-1.786283982422259831e-01,-4.979810447122926670e-02,5.840947806181536750e-01,-2.030901712371240009e-02,-4.892821642774447533e-01,-1.767766952966368654e-01
-2.569020366895115037e-01,-5.537123258831522232e-01,4.511560658017802483e-01,-1.284019034700219164e+00,-9.916435636436735646e-01,-7.617127067656237482e-01,-4.966680157416004104e-01,6.573034482162921632e-01,-6.493539992246850634e-01,-3.636176791775609651e-02,-1.444270444895184635e+00,-2.277005449494729383e+00,1.611616700648180966e+00,-1.766965594458413599e-02,1.101360641729805412e+00,-3.438272696030836850e-01,3.195422190618408820e-01,1.130343255530836949e-01,5.654778514357869934e-01,-1.705348403946014557e-01,-1.617011407362130893e+00,-2.321076902335763581e+00,-6.269234816409917643e-01,-7.438497238699987024e-01,-2.739434719924614403e-01,7.312741535406717119e-01,3.333080789678000144e+00,3.111361447834378180e-01,2.246341277903399991e+00,-2.436299481158024527e+00,-1.607196433309727501e+00,0.000000000000000000e+00,0.000000000000000000e+00,-2.945475981862985648e+00,-2.236667001129214238e+00,-1.665244780484708809e+00,2.418884725168549465e+00,-5.491433947155150985e-01,-1.364883880681761363e+00,-4.845014723481537167e-01,-3.774647335768301359e-01,-4.668062001933125371e-01,-5.099556053266109945e-01,-1.421055132060808246e+00,-3.669621702617922865e-01,-4.602362970513234064e-01,-5.183686688943279358e-02,-5.183686688943279358e-02,-7.051398600435393460e-01,-1.040941436780788015e-01,-2.030901712371240009e-02,-8.401389803667852485e-02,-3.271524934852403366e-01,1.926060419058570616e+00,-7.103890521813077674e-01,-5.752567881263277033e-02,-3.801429606348526863e-02,-1.147078669352808861e-01,-1.711160802546210780e-01,-7.340709118518067011e-02,-7.197411700355742237e-02,-1.244624194945742751e-01,-7.051263942166730025e-02,-2.872721242393142319e-02,-2.030901712371240009e-02,4.952936396459016066e+00,-1.435916317235476011e-02,-1.435916317235476011e-02,-5.183686688943279358e-02,-3.801429606348527557e-02,-3.801429606348527557e-02,-1.558271304830920190e-01,-4.064318733121485144e-02,-8.148853797899899276e-02,-1.210011918676099085e-01,-5.569323991926412171e-02,-7.051263942166730025e-02,-4.979810447122927364e-02,-3.212131358814808435e-02,-2.030901712371240009e-02,-3.801429606348527557e-02,-6.749673070628271765e-02,-3.519076715388935045e-02,-1.435916317235476185e-02,-3.524455202264515918e-01,-3.753330286669139260e-01,-2.907009498669055336e-01,-4.311306135592269523e-02,-3.519076715388935045e-02,-3.801429606348527557e-02,-1.435916317235476011e-02,-1.286658602907498339e-01,-4.767312946227962589e-02,-1.690913523558418063e+00,-2.487592975524973576e-02,-4.967123990818995694e-01,-1.786283982422259831e-01,-4.979810447122926670e-02,5.840947806181536750e-01,-2.030901712371240009e-02,-4.892821642774447533e-01,-1.767766952966368654e-01
1.182364097337322173e+00,-5.537123258831522232e-01,4.511560658017802483e-01,7.082331122151057645e-01,5.510799085196067537e-01,-6.899881793619251358e-01,-4.966680157416004104e-01,6.573034482162921632e-01,1.683127489289899970e+00,5.575471080722594897e-01,8.414777418280475763e-01,9.252135358773474483e-01,-1.070351418460929738e+00,-2.991655540962390170e-01,7.363472870101713808e-01,-1.496522300288474598e-02,9.387628447616762351e-02,5.800554594071076764e-01,1.571765767061803043e+00,-4.519173270456947056e-02,-6.362483984730694930e-02,-5.647389056778006067e-01,7.031745422851061467e-02,-2.111752809977705536e-01,6.554870655900186804e-01,1.419333102564523941e-01,-2.482415229036441240e-01,7.743313076941197304e-01,-2.710144062393752273e-01,7.938901959723629886e-01,-4.805784352658213909e-01,0.000000000000000000e+00,0.000000000000000000e+00,1.473574796521728292e-01,4.160901802106137248e-01,-4.719362008065465242e-01,7.677814712469982483e-01,5.905615404101969279e-01,9.637144106204564853e-01,-4.845014723481537167e-01,9.257960654133498002e-01,1.696017942249628430e+00,-1.992944673837013236e-01,1.395987651781308791e+00,2.194380977853250148e+00,-4.602362970513234064e-01,-5.183686688943279358e-02,-5.183686688943279358e-02,-7.051398600435393460e-01,9.606688375213465747e+00,-2.030901712371240009e-02,-8.401389803667852485e-02,-3.271524934852403366e-01,-5.191945123345532709e-01,-7.103890521813077674e-01,-5.752567881263277033e-02,-3.801429606348526863e-02,-1.147078669352808861e-01,-1.711160802546210780e-01,-7.340709118518067011e-02,-7.197411700355742237e-02,-1.244624194945742751e-01,-7.051263942166730025e-02,-2.872721242393142319e-02,-2.030901712371240009e-02,-2.019004323808653023e-01,-1.435916317235476011e-02,-1.435916317235476011e-02,-5.183686688943279358e-02,-3.801429606348527557e-02,-3.801429606348527557e-02,-1.558271304830920190e-01,-4.064318733121485144e-02,-8.148853797899899276e-02,-1.210011918676099085e-01,-5.569323991926412171e-02,-7.051263942166730025e-02,-4.979810447122927364e-02,-3.212131358814808435e-02,-2.030901712371240009e-02,-3.801429606348527557e-02,-6.749673070628271765e-02,-3.519076715388935045e-02,-1.435916317235476185e-02,-3.524455202264515918e-01,-3.753330286669139260e-01,-2.907009498669055336e-01,-4.311306135592269523e-02,-3.519076715388935045e-02,-3.801429606348527557e-02,-1.435916317235476011e-02,-1.286658602907498339e-01,-4.767312946227962589e-02,5.913962991410492975e-01,-2.487592975524973576e-02,-4.967123990818995694e-01,-1.786283982422259831e-01,-4.979810447122926670e-02,5.840947806181536750e-01,-2.030901712371240009e-02,-4.892821642774447533e-01,-1.767766952966368654e-01
-1.500446728714061317e-01,1.363189363936059939e+00,-5.507016019503075954e-01,7.082331122151057645e-01,-1.305886024362612474e-01,1.067262742028689759e+00,-4.966680157416004104e-01,2.964524162613712210e+00,2.266247861418546172e+00,1.151455984062275117e+00,-6.421477302931004605e-01,-1.784356374822102298e+00,1.339532978419720743e+00,7.017087504429776468e-01,9.757391625081156261e-02,-9.718073465293448898e-02,-1.317896501095057737e-01,8.602681397195220958e-01,3.236567244248839681e-01,1.637134467788171899e-01,-1.617011407362130893e+00,-1.819266046147774096e+00,-3.010391311802462777e-01,3.371660572530522093e-01,9.343162268647626778e-01,-9.525568272713834661e-01,3.113400884372377608e-01,-2.446980507093804713e-01,-2.184129441826604956e-01,-9.288776318305103086e-01,-1.607196433309727501e+00,0.000000000000000000e+00,0.000000000000000000e+00,-2.945475981862985648e+00,-1.941916203202566749e+00,-1.963571925404249408e+00,-1.477116648379091846e+00,-2.226634070038295388e+00,-1.470729257559134862e+00,-2.489988027729138353e-01,-3.774647335768301359e-01,-4.668062001933125371e-01,-1.027724168564793761e+00,-7.167944361002790421e-01,-3.669621702617922865e-01,-4.602362970513234064e-01,-5.183686688943279358e-02,-5.183686688943279358e-02,1.418158377741196352e+00,-1.040941436780788015e-01,-2.030901712371240009e-02,-8.401389803667852485e-02,-3.271524934852403366e-01,-5.191945123345532709e-01,-7.103890521813077674e-01,-5.752567881263277033e-02,-3.801429606348526863e-02,-1.147078669352808861e-01,-1.711160802546210780e-01,-7.340709118518067011e-02,-7.197411700355742237e-02,-1.244624194945742751e-01,-7.051263942166730025e-02,-2.872721242393142319e-02,-2.030901712371240009e-02,-2.019004323808653023e-01,-1.435916317235476011e-02,-1.435916317235476011e-02,-5.183686688943279358e-02,-3.801429606348527557e-02,-3.801429606348527557e-02,-1.558271304830920190e-01,-4.064318733121485144e-02,-8.148853797899899276e-02,-1.210011918676099085e-01,-5.569323991926412171e-02,-7.051263942166730025e-02,-4.979810447122927364e-02,-3.212131358814808435e-02,-2.030901712371240009e-02,-3.801429606348527557e-02,-6.749673070628271765e-02,-3.519076715388935045e-02,-1.435916317235476185e-02,-3.524455202264515918e-01,2.664300564093018409e+00,-2.907009498669055336e-01,-4.311306135592269523e-02,-3.519076715388935045e-02,-3.801429606348527557e-02,-1.435916317235476011e-02,-1.286658602907498339e-01,-4.767312946227962589e-02,5.913962991410492975e-01,-2.487592975524973576e-02,-4.967123990818995694e-01,-1.786283982422259831e-01,-4.979810447122926670e-02,5.840947806181536750e-01,-2.030901712371240009e-02,-4.892821642774447533e-01,-1.767766952966368654e-01
9.603786759071405443e-01,-7.448690342834912714e-02,-5.507016019503075954e-01,-1.284019034700219164e+00,-9.557662735933646347e-01,-1.012748552678568670e+00,5.905777172739697933e-01,-4.963069089824175273e-01,1.100007117161253767e+00,-6.302706439077716549e-01,-7.868916787927248135e-01,-6.008461346790693741e-02,-8.449106200430623881e-01,-9.559893164500997687e-01,6.320577570903027943e-03,8.071898934976127205e-01,4.323751863546776431e-01,-6.341994886133547338e-01,7.604948893478056249e-01,3.308375903655265127e-01,-6.362483984730694930e-02,-3.138334775838059199e-01,-6.496595991149974880e-01,6.505039648249509865e-01,-8.805736447596543282e-02,6.470826045000689364e-01,1.994237661690613783e-01,4.500946936566423418e-01,6.983553945200813295e-01,2.770598476315010439e-01,-5.809668599935657873e-02,0.000000000000000000e+00,0.000000000000000000e+00,1.473574796521728292e-01,7.108409781372613256e-01,-4.719362008065465242e-01,1.229330953409842664e+00,-4.048431215694694996e-01,8.578690337430828761e-01,4.575092059528056976e-01,-3.774647335768301359e-01,-4.668062001933125371e-01,1.113666705592083056e-01,4.569733905006030938e-01,-3.669621702617922865e-01,-4.602362970513234064e-01,-5.183686688943279358e-02,-5.183686688943279358e-02,-7.051398600435393460e-01,-1.040941436780788015e-01,-2.030901712371240009e-02,-8.401389803667852485e-02,-3.271524934852403366e-01,1.926060419058570616e+00,-7.103890521813077674e-01,-5.752567881263277033e-02,-3.801429606348526863e-02,-1.147078669352808861e-01,-1.711160802546210780e-01,-7.340709118518067011e-02,-7.197411700355742237e-02,-1.244624194945742751e-01,-7.051263942166730025e-02,-2.872721242393142319e-02,-2.030901712371240009e-02,-2.019004323808653023e-01,-1.435916317235476011e-02,-1.435916317235476011e-02,-5.183686688943279358e-02,-3.801429606348527557e-02,-3.801429606348527557e-02,-1.558271304830920190e-01,-4.064318733121485144e-02,-8.148853797899899276e-02,-1.210011918676099085e-01,-5.569323991926412171e-02,-7.051263942166730025e-02,-4.979810447122927364e-02,-3.212131358814808435e-02,-2.030901712371240009e-02,-3.801429606348527557e-02,-6.749673070628271765e-02,-3.519076715388935045e-02,-1.435916317235476185e-02,-3.524455202264515918e-01,-3.753330286669139260e-01,3.439961240091715222e+00,-4.311306135592269523e-02,-3.519076715388935045e-02,-3.801429606348527557e-02,-1.435916317235476011e-02,-1.286658602907498339e-01,-4.767312946227962589e-02,-1.690913523558418063e+00,-2.487592975524973576e-02,2.013237442528823973e+00,-1.786283982422259831e-01,-4.979810447122926670e-02,-1.712050908829709783e+00,-2.030901712371240009e-02,2.043810449286999731e+00,-1.767766952966368654e-01
1.062935278952380935e+00,-5.537123258831522232e-01,-5.507016019503075954e-01,7.082331122151057645e-01,-7.405025332915116110e-01,-4.030900697471309080e-01,-4.966680157416004104e-01,-4.963069089824175273e-01,-6.493539992246850634e-01,-6.302706439077716549e-01,8.414777418280475763e-01,2.649485297231542802e+00,-8.449106200430623881e-01,-7.370480623321462588e-01,-4.499461158286396367e-01,-5.082582929031832508e-01,-2.446226174023423960e-01,-1.801752323248414722e+00,-1.236479578871264806e+00,5.815238057455904830e-01,2.195846531083346154e+00,1.693409947168151630e+00,-4.905067767969589210e-01,-2.190087286870682215e-01,7.484301193482666426e-01,-8.683652782307808016e-01,-8.078231342445260088e-01,-7.078932136200624115e-01,-8.496304888632369989e-01,-1.536321093192173082e-01,2.476793809599432183e+00,0.000000000000000000e+00,0.000000000000000000e+00,1.307170027720357286e+00,1.595093371917204017e+00,1.318026668710696736e+00,4.882330614831194571e-01,8.845065412632526769e-01,-5.181208656627730447e-01,-9.555068114986333683e-01,-3.774647335768301359e-01,-4.668062001933125371e-01,3.184740958544813871e-01,-1.253374013974976713e-02,-3.669621702617922865e-01,1.739375798511208382e+00,-5.183686688943279358e-02,-5.183686688943279358e-02,-7.051398600435393460e-01,-1.040941436780788015e-01,-2.030901712371240009e-02,-8.401389803667852485e-02,-3.271524934852403366e-01,-5.191945123345532709e-01,1.407679351095596942e+00,-5.752567881263277033e-02,-3.801429606348526863e-02,-1.147078669352808861e-01,-1.711160802546210780e-01,-7.340709118518067011e-02,-7.197411700355742237e-02,-1.244624194945742751e-01,-7.051263942166730025e-02,-2.872721242393142319e-02,-2.030901712371240009e-02,-2.019004323808653023e-01,-1.435916317235476011e-02,-1.435916317235476011e-02,-5.183686688943279358e-02,-3.801429606348527557e-02,-3.801429606348527557e-02,-1.558271304830920190e-01,-4.064318733121485144e-02,-8.148853797899899276e-02,-1.210011918676099085e-01,-5.569323991926412171e-02,-7.051263942166730025e-02,-4.979810447122927364e-02,-3.212131358814808435e-02,-2.030901712371240009e-02,-3.801429606348527557e-02,-6.749673070628271765e-02,-3.519076715388935045e-02,-1.435916317235476185e-02,-3.524455202264515918e-01,-3.753330286669139260e-01,-2.907009498669055336e-01,-4.311306135592269523e-02,-3.519076715388935045e-02,-3.801429606348527557e-02,-1.435916317235476011e-02,-1.286658602907498339e-01,-4.767312946227962589e-02,5.913962991410492975e-01,-2.487592975524973576e-02,-4.967123990818995694e-01,-1.786283982422259831e-01,-4.979810447122926670e-02,5.840947806181536750e-01,-2.030901712371240009e-02,-4.892821642774447533e-01,-1.767766952966368654e-01
9.112875816078827573e-02,-5.537123258831522232e-01,-5.507016019503075954e-01,7.082331122151057645e-01,-3.458523427381143267e-01,3.500174679917040788e-01,-4.966680157416004104e-01,-4.963069089824175273e-01,-6.493539992246850634e-01,-6.302706439077716549e-01,-9.376666251465000101e-01,1.862399238684066816e-01,2.272391454631585539e+00,-1.378233163677581752e+00,-6.324527931884567078e-01,-5.904738045532329505e-01,-8.087874538665257296e-01,-1.801752323248414722e+00,-1.236479578871264806e+00,-1.006155558328148070e+00,9.248938849348538049e-01,9.406936628861676253e-01,1.991554532478751471e-01,6.348370694463559838e-01,-8.805736447596543282e-02,-6.999821801495752505e-01,-8.078231342445260088e-01,-1.773242088314630704e+00,-1.202811734101178587e+00,-2.436299481158024527e+00,9.276940622890612609e-01,0.000000000000000000e+00,0.000000000000000000e+00,9.205658450309623930e-01,1.213393822839661657e-01,1.318026668710696736e+00,1.674513432659111123e+00,2.050933749193788014e+00,-8.356569962948936503e-01,-2.489988027729138353e-01,-3.774647335768301359e-01,-4.668062001933125371e-01,-4.064018926789744190e-01,-2.472873054599261933e-01,-3.669621702617922865e-01,-4.602362970513234064e-01,-5.183686688943279358e-02,-5.183686688943279358e-02,1.418158377741196352e+00,-1.040941436780788015e-01,-2.030901712371240009e-02,-8.401389803667852485e-02,-3.271524934852403366e-01,-5.191945123345532709e-01,-7.103890521813077674e-01,-5.752567881263277033e-02,-3.801429606348526863e-02,-1.147078669352808861e-01,-1.711160802546210780e-01,-7.340709118518067011e-02,-7.197411700355742237e-02,-1.244624194945742751e-01,-7.051263942166730025e-02,-2.872721242393142319e-02,-2.030901712371240009e-02,-2.019004323808653023e-01,-1.435916317235476011e-02,-1.435916317235476011e-02,-5.183686688943279358e-02,-3.801429606348527557e-02,-3.801429606348527557e-02,-1.558271304830920190e-01,-4.064318733121485144e-02,-8.148853797899899276e-02,-1.210011918676099085e-01,-5.569323991926412171e-02,-7.051263942166730025e-02,-4.979810447122927364e-02,-3.212131358814808435e-02,-2.030901712371240009e-02,-3.801429606348527557e-02,-6.749673070628271765e-02,-3.519076715388935045e-02,-1.435916317235476185e-02,-3.524455202264515918e-01,2.664300564093018409e+00,-2.907009498669055336e-01,-4.311306135592269523e-02,-3.519076715388935045e-02,-3.801429606348527557e-02,-1.435916317235476011e-02,-1.286658602907498339e-01,-4.767312946227962589e-02,5.913962991410492975e-01,-2.487592975524973576e-02,-4.967123990818995694e-01,-1.786283982422259831e-01,-4.979810447122926670e-02,5.840947806181536750e-01,-2.030901712371240009e-02,-4.892821642774447533e-01,-1.767766952966368654e-01
7.342947344169033219e-02,-5.537123258831522232e-01,-5.507016019503075954e-01,-1.284019034700219164e+00,-1.135152723844908840e+00,-8.334372341693222497e-01,-4.966680157416004104e-01,-4.963069089824175273e-01,-6.493539992246850634e-01,-6.302706439077716549e-01,-1.908657279664812245e+00,6.788889985410339056e-01,-6.116960009900960227e-01,-4.711908251889166399e-01,-7.237061318683652988e-01,4.783278468974136999e-01,9.387628447616762351e-02,2.531406657092908907e-01,-7.060332357505740841e-01,2.472755185721718374e-01,9.248938849348538049e-01,1.442504519074156999e+00,-9.073355971537265807e-01,2.196643419135902164e-01,4.696009580735226452e-01,4.786995064188634408e-01,-1.363252006354677692e-01,8.669703402762560795e-01,6.232104487247749347e-01,8.800285873625066646e-01,9.276940622890612609e-01,0.000000000000000000e+00,0.000000000000000000e+00,9.205658450309623930e-01,1.005591776063908815e+00,1.019699523791156359e+00,1.997270730114830695e+00,1.469718118501307791e-01,5.403329031109622704e-01,2.220065363775658440e-01,-3.774647335768301359e-01,-4.668062001933125371e-01,4.220278085021179071e-01,-2.472873054599261933e-01,-3.669621702617922865e-01,-4.602362970513234064e-01,-5.183686688943279358e-02,-5.183686688943279358e-02,1.418158377741196352e+00,-1.040941436780788015e-01,-2.030901712371240009e-02,-8.401389803667852485e-02,-3.271524934852403366e-01,-5.191945123345532709e-01,-7.103890521813077674e-01,-5.752567881263277033e-02,-3.801429606348526863e-02,-1.147078669352808861e-01,-1.711160802546210780e-01,-7.340709118518067011e-02,-7.197411700355742237e-02,-1.244624194945742751e-01,-7.051263942166730025e-02,-2.872721242393142319e-02,-2.030901712371240009e-02,-2.019004323808653023e-01,-1.435916317235476011e-02,-1.435916317235476011e-02,-5.183686688943279358e-02,-3.801429606348527557e-02,-3.801429606348527557e-02,-1.558271304830920190e-01,-4.064318733121485144e-02,-8.148853797899899276e-02,-1.210011918676099085e-01,-5.569323991926412171e-02,-7.051263942166730025e-02,-4.979810447122927364e-02,-3.212131358814808435e-02,-2.030901712371240009e-02,-3.801429606348527557e-02,-6.749673070628271765e-02,-3.519076715388935045e-02,-1.435916317235476185e-02,2.837317947345407543e+00,-3.753330286669139260e-01,-2.907009498669055336e-01,-4.311306135592269523e-02,-3.519076715388935045e-02,-3.801429606348527557e-02,-1.435916317235476011e-02,-1.286658602907498339e-01,-4.767312946227962589e-02,-1.690913523558418063e+00,-2.487592975524973576e-02,2.013237442528823973e+00,-1.786283982422259831e-01,-4.979810447122926670e-02,5.840947806181536750e-01,-2.030901712371240009e-02,-4.892821642774447533e-01,-1.767766952966368654e-01
6.014305652487991205e-01,1.363189363936059939e+00,-4.977276807426366662e-02,7.082331122151057645e-01,2.281842980668271903e-01,-1.161919601323366108e-01,-4.966680157416004104e-01,-4.963069089824175273e-01,5.168867450326074531e-01,-3.636176791775609651e-02,8.414777418280475763e-01,-5.527336881405341407e-01,-4.484457676530196890e-01,-9.850325440371673208e-03,1.888272549307201120e-01,4.783278468974136999e-01,-1.317896501095057737e-01,6.633221216768130091e-02,1.283140550952015291e+00,3.726186262622038226e-01,-7.697096432631360674e-01,-8.156443337717953490e-01,-3.919836010762684508e-01,1.599470199185613201e-02,9.782874304053058856e-02,-6.157906311089724749e-01,1.430503311119001530e+00,-6.152541810379259513e-01,-1.056955254897004731e-01,-3.689780877945764703e-01,-7.622329347767978769e-01,0.000000000000000000e+00,0.000000000000000000e+00,-6.258508857266168457e-01,-1.352414607349271769e+00,-1.068590490645627611e+00,1.654873029162819753e+00,-7.275145656877103351e-01,8.578690337430828761e-01,4.575092059528056976e-01,-3.774647335768301359e-01,-4.668062001933125371e-01,7.812957911571764835e-03,9.264805211409559149e-01,-3.669621702617922865e-01,-4.602362970513234064e-01,-5.183686688943279358e-02,-5.183686688943279358e-02,-7.051398600435393460e-01,-1.040941436780788015e-01,-2.030901712371240009e-02,-8.401389803667852485e-02,-3.271524934852403366e-01,-5.191945123345532709e-01,1.407679351095596942e+00,-5.752567881263277033e-02,-3.801429606348526863e-02,-1.147078669352808861e-01,-1.711160802546210780e-01,-7.340709118518067011e-02,-7.197411700355742237e-02,-1.244624194945742751e-01,-7.051263942166730025e-02,-2.872721242393142319e-02,-2.030901712371240009e-02,-2.019004323808653023e-01,-1.435916317235476011e-02,-1.435916317235476011e-02,-5.183686688943279358e-02,-3.801429606348527557e-02,-3.801429606348527557e-02,-1.558271304830920190e-01,-4.064318733121485144e-02,-8.148853797899899276e-02,-1.210011918676099085e-01,-5.569323991926412171e-02,-7.051263942166730025e-02,-4.979810447122927364e-02,-3.212131358814808435e-02,-2.030901712371240009e-02,-3.801429606348527557e-02,-6.749673070628271765e-02,-3.519076715388935045e-02,-1.435916317235476185e-02,-3.524455202264515918e-01,-3.753330286669139260e-01,-2.907009498669055336e-01,-4.311306135592269523e-02,-3.519076715388935045e-02,-3.801429606348527557e-02,-1.435916317235476011e-02,-1.286658602907498339e-01,-4.767312946227962589e-02,5.913962991410492975e-01,-2.487592975524973576e-02,-4.967123990818995694e-01,-1.786283982422259831e-01,-4.979810447122926670e-02,5.840947806181536750e-01,-2.030901712371240009e-02,-4.892821642774447533e-01,-1.767766952966368654e-01
1.117521857992589629e+00,-7.448690342834912714e-02,-5.507016019503075954e-01,7.082331122151057645e-01,1.627398610028872206e+00,9.898162207875908780e-02,-4.966680157416004104e-01,6.573034482162921632e-01,-6.623362709603883292e-02,-6.302706439077716549e-01,8.414777418280475763e-01,-6.008461346790693741e-02,-6.661127454357883559e-01,1.952801631116998227e+00,3.713339322905371831e-01,6.427588701975132102e-01,2.067092517690042597e-01,-4.006889216863427361e-01,1.520417310623076446e-01,1.793173846749233080e+00,-1.617011407362130893e+00,-3.073793186617747697e+00,2.143128648972121852e-01,-1.720080425512833522e-01,-1.203374009574941672e+00,1.404806545865493916e+00,-5.839904897081731328e-01,-8.468517624932668797e-01,-1.052521842510565131e+00,5.785442174970039098e-01,-1.607196433309727501e+00,0.000000000000000000e+00,0.000000000000000000e+00,-2.945475981862985648e+00,-1.941916203202566749e+00,-3.156880505082411581e+00,-1.959076603043591047e-01,-2.465136552008917181e-01,1.169513956014681527e-01,-1.426512150649113186e+00,-3.774647335768301359e-01,-4.668062001933125371e-01,-9.241704559171570743e-01,-7.167944361002790421e-01,-3.669621702617922865e-01,-4.602362970513234064e-01,-5.183686688943279358e-02,-5.183686688943279358e-02,-7.051398600435393460e-01,-1.040941436780788015e-01,-2.030901712371240009e-02,-8.401389803667852485e-02,-3.271524934852403366e-01,-5.191945123345532709e-01,1.407679351095596942e+00,-5.752567881263277033e-02,-3.801429606348526863e-02,-1.147078669352808861e-01,-1.711160802546210780e-01,-7.340709118518067011e-02,-7.197411700355742237e-02,-1.244624194945742751e-01,-7.051263942166730025e-02,-2.872721242393142319e-02,-2.030901712371240009e-02,-2.019004323808653023e-01,-1.435916317235476011e-02,-1.435916317235476011e-02,-5.183686688943279358e-02,-3.801429606348527557e-02,-3.801429606348527557e-02,-1.558271304830920190e-01,-4.064318733121485144e-02,-8.148853797899899276e-02,-1.210011918676099085e-01,-5.569323991926412171e-02,-7.051263942166730025e-02,-4.979810447122927364e-02,-3.212131358814808435e-02,-2.030901712371240009e-02,-3.801429606348527557e-02,-6.749673070628271765e-02,-3.519076715388935045e-02,-1.435916317235476185e-02,-3.524455202264515918e-01,-3.753330286669139260e-01,-2.907009498669055336e-01,-4.311306135592269523e-02,-3.519076715388935045e-02,-3.801429606348527557e-02,-1.435916317235476011e-02,-1.286658602907498339e-01,-4.767312946227962589e-02,-1.690913523558418063e+00,-2.487592975524973576e-02,-4.967123990818995694e-01,5.598214000911362120e+00,-4.979810447122926670e-02,5.840947806181536750e-01,-2.030901712371240009e-02,-4.892821642774447533e-01,-1.767766952966368654e-01
1.199107725638073607e-01,2.800865631300469172e+00,-5.507016019503075954e-01,7.082331122151057645e-01,2.281842980668271903e-01,-6.182636519582266343e-01,5.905777172739697933e-01,-4.963069089824175273e-01,1.100007117161253767e+00,-6.302706439077716549e-01,8.414777418280475763e-01,6.788889985410339056e-01,-1.063976597086693648e-01,-6.432160962815945959e-01,-2.674394384688225657e-01,3.961123352473639447e-01,-1.317896501095057737e-01,-1.671783547593307107e-01,1.364403680293461429e-01,8.322100211256544533e-01,-6.362483984730694930e-02,4.388828066981781961e-01,2.294702765465491956e-01,2.353312372921851636e-01,-3.668865257507094579e-01,5.774176121584963933e-02,-8.078231342445260088e-01,5.427337262387786909e-01,3.000871818049558604e-01,5.354750218019320718e-01,-5.809668599935657873e-02,0.000000000000000000e+00,0.000000000000000000e+00,1.473574796521728292e-01,4.160901802106137248e-01,1.247180890325345903e-01,-3.551103175131389844e-02,4.910210742122302352e-01,-9.473935815327891308e-02,-2.489988027729138353e-01,9.257960654133498002e-01,-4.668062001933125371e-01,-4.064018926789744190e-01,-1.186301566740631808e+00,9.137094037957288473e-01,-4.602362970513234064e-01,-5.183686688943279358e-02,-5.183686688943279358e-02,-7.051398600435393460e-01,-1.040941436780788015e-01,-2.030901712371240009e-02,-8.401389803667852485e-02,-3.271524934852403366e-01,-5.191945123345532709e-01,1.407679351095596942e+00,-5.752567881263277033e-02,-3.801429606348526863e-02,-1.147078669352808861e-01,-1.711160802546210780e-01,-7.340709118518067011e-02,-7.197411700355742237e-02,-1.244624194945742751e-01,-7.051263942166730025e-02,-2.872721242393142319e-02,-2.030901712371240009e-02,-2.019004323808653023e-01,-1.435916317235476011e-02,-1.435916317235476011e-02,-5.183686688943279358e-02,-3.801429606348527557e-02,-3.801429606348527557e-02,-1.558271304830920190e-01,-4.064318733121485144e-02,-8.148853797899899276e-02,-1.210011918676099085e-01,-5.569323991926412171e-02,-7.051263942166730025e-02,-4.979810447122927364e-02,-3.212131358814808435e-02,-2.030901712371240009e-02,-3.801429606348527557e-02,-6.749673070628271765e-02,-3.519076715388935045e-02,-1.435916317235476185e-02,-3.524455202264515918e-01,-3.753330286669139260e-01,-2.907009498669055336e-01,-4.311306135592269523e-02,-3.519076715388935045e-02,-3.801429606348527557e-02,-1.435916317235476011e-02,-1.286658602907498339e-01,-4.767312946227962589e-02,-1.690913523558418063e+00,-2.487592975524973576e-02,2.013237442528823973e+00,-1.786283982422259831e-01,-4.979810447122926670e-02,5.840947806181536750e-01,-2.030901712371240009e-02,-4.892821642774447533e-01,-1.767766952966368654e-01
